id,latitude,longitude,timestamp,type,hole,color,visibility_status,time_since_last_sighting_min,pulsing,total_orders,total_revenue,avg_per_order,revenue_per_hour,avg_order_time_min
golfer_group_1,38.027447,-84.469881,2700.0,golfer,1,#007cbf,,,,,,,,
golfer_group_1,38.02754627606764,-84.46962578282717,2760.0,golfer,1,#007cbf,,,,,,,,
golfer_group_1,38.02744283462056,-84.4692779685763,2820.0,golfer,1,#007cbf,,,,,,,,
golfer_group_1,38.02733939317348,-84.46893015432545,2880.0,golfer,1,#007cbf,,,,,,,,
golfer_group_1,38.0272359517264,-84.46858234007459,2940.0,golfer,1,#007cbf,,,,,,,,
golfer_group_1,38.027132510279316,-84.46823452582373,3000.0,golfer,1,#007cbf,,,,,,,,
golfer_group_1,38.027029068832235,-84.46788671157287,3060.0,golfer,1,#007cbf,,,,,,,,
golfer_group_1,38.026925627385154,-84.46753889732202,3120.0,golfer,1,#007cbf,,,,,,,,
golfer_group_1,38.02682218593807,-84.46719108307117,3180.0,golfer,1,#007cbf,,,,,,,,
golfer_group_1,38.026707885382585,-84.46684997010087,3240.0,golfer,1,#007cbf,,,,,,,,
golfer_group_1,38.0265563489919,-84.46653183579225,3300.0,golfer,1,#007cbf,,,,,,,,
golfer_group_1,38.02640481260122,-84.46621370148365,3360.0,golfer,1,#007cbf,,,,,,,,
golfer_group_1,38.02625327621054,-84.46589556717504,3420.0,golfer,1,#007cbf,,,,,,,,
golfer_group_1,38.026097865476636,-84.4655806681031,3480.0,golfer,1,#007cbf,,,,,,,,
golfer_group_1,38.02592778516153,-84.46527801873756,3540.0,golfer,4,#007cbf,,,,,,,,
golfer_group_1,38.02575770484643,-84.46497536937204,3600.0,golfer,2,#007cbf,,,,,,,,
golfer_group_1,38.02580429978306,-84.46478189846547,3660.0,golfer,2,#007cbf,,,,,,,,
golfer_group_1,38.02609158193444,-84.46470970518055,3720.0,golfer,2,#007cbf,,,,,,,,
golfer_group_1,38.02637886408582,-84.46463751189565,3780.0,golfer,2,#007cbf,,,,,,,,
golfer_group_1,38.0266661462372,-84.46456531861072,3840.0,golfer,2,#007cbf,,,,,,,,
golfer_group_1,38.02695342838857,-84.4644931253258,3900.0,golfer,2,#007cbf,,,,,,,,
golfer_group_1,38.02723262500985,-84.46440936561527,3960.0,golfer,2,#007cbf,,,,,,,,
golfer_group_1,38.02732323296244,-84.46405582806928,4020.0,golfer,2,#007cbf,,,,,,,,
golfer_group_1,38.027413840915024,-84.46370229052329,4080.0,golfer,3,#007cbf,,,,,,,,
golfer_group_1,38.02755613921936,-84.46339199540722,4140.0,golfer,3,#007cbf,,,,,,,,
golfer_group_1,38.02777631020529,-84.46314684598785,4200.0,golfer,3,#007cbf,,,,,,,,
golfer_group_1,38.027996481191224,-84.4629016965685,4260.0,golfer,3,#007cbf,,,,,,,,
golfer_group_1,38.028216652177164,-84.46265654714912,4320.0,golfer,3,#007cbf,,,,,,,,
golfer_group_1,38.0284368231631,-84.46241139772975,4380.0,golfer,3,#007cbf,,,,,,,,
golfer_group_1,38.02865699414903,-84.4621662483104,4440.0,golfer,3,#007cbf,,,,,,,,
golfer_group_1,38.02887716513497,-84.46192109889103,4500.0,golfer,3,#007cbf,,,,,,,,
golfer_group_1,38.029097336120905,-84.46167594947165,4560.0,golfer,3,#007cbf,,,,,,,,
golfer_group_1,38.02932048603734,-84.46143527844885,4620.0,golfer,3,#007cbf,,,,,,,,
golfer_group_1,38.02954781666501,-84.4612008925283,4680.0,golfer,3,#007cbf,,,,,,,,
golfer_group_1,38.029775147292675,-84.46096650660775,4740.0,golfer,3,#007cbf,,,,,,,,
golfer_group_1,38.03000247792034,-84.46073212068718,4800.0,golfer,3,#007cbf,,,,,,,,
golfer_group_1,38.03022980854801,-84.46049773476663,4860.0,golfer,3,#007cbf,,,,,,,,
golfer_group_1,38.03028198771919,-84.46029007968264,4920.0,golfer,3,#007cbf,,,,,,,,
golfer_group_1,38.030017377451664,-84.46013077159431,4980.0,golfer,4,#007cbf,,,,,,,,
golfer_group_1,38.02974997117584,-84.46003134117494,5040.0,golfer,4,#007cbf,,,,,,,,
golfer_group_1,38.029472388508275,-84.46014984237516,5100.0,golfer,4,#007cbf,,,,,,,,
golfer_group_1,38.02919480584071,-84.46026834357538,5160.0,golfer,4,#007cbf,,,,,,,,
golfer_group_1,38.02891722317315,-84.46038684477558,5220.0,golfer,4,#007cbf,,,,,,,,
golfer_group_1,38.02863964050559,-84.4605053459758,5280.0,golfer,4,#007cbf,,,,,,,,
golfer_group_1,38.02846819932939,-84.46074999771898,5340.0,golfer,4,#007cbf,,,,,,,,
golfer_group_1,38.028356651102726,-84.46108459413088,5400.0,golfer,4,#007cbf,,,,,,,,
golfer_group_1,38.028163251425084,-84.46136377382878,5460.0,golfer,4,#007cbf,,,,,,,,
golfer_group_1,38.02796985174745,-84.46164295352668,5520.0,golfer,4,#007cbf,,,,,,,,
golfer_group_1,38.02777645206981,-84.46192213322458,5580.0,golfer,4,#007cbf,,,,,,,,
golfer_group_1,38.027583052392174,-84.46220131292247,5640.0,golfer,4,#007cbf,,,,,,,,
golfer_group_1,38.02739313138997,-84.4624841808364,5700.0,golfer,4,#007cbf,,,,,,,,
golfer_group_1,38.02721114487077,-84.46277546117278,5760.0,golfer,4,#007cbf,,,,,,,,
golfer_group_1,38.02702915835156,-84.46306674150915,5820.0,golfer,4,#007cbf,,,,,,,,
golfer_group_1,38.02684717183235,-84.46335802184554,5880.0,golfer,4,#007cbf,,,,,,,,
golfer_group_1,38.027030664719845,-84.46345337202217,5940.0,golfer,4,#007cbf,,,,,,,,
golfer_group_1,38.02732202605173,-84.46349089491457,6000.0,golfer,3,#007cbf,,,,,,,,
golfer_group_1,38.02761338738361,-84.46352841780696,6060.0,golfer,3,#007cbf,,,,,,,,
golfer_group_1,38.02787761975422,-84.46365295047241,6120.0,golfer,4,#007cbf,,,,,,,,
golfer_group_1,38.02811027773896,-84.46387875056652,6180.0,golfer,4,#007cbf,,,,,,,,
golfer_group_1,38.02834293572369,-84.46410455066062,6240.0,golfer,4,#007cbf,,,,,,,,
golfer_group_1,38.028575593708425,-84.46433035075472,6300.0,golfer,4,#007cbf,,,,,,,,
golfer_group_1,38.028808251693164,-84.46455615084882,6360.0,golfer,4,#007cbf,,,,,,,,
golfer_group_1,38.029040909677896,-84.46478195094294,6420.0,golfer,4,#007cbf,,,,,,,,
golfer_group_1,38.02927356766263,-84.46500775103704,6480.0,golfer,4,#007cbf,,,,,,,,
golfer_group_1,38.02950622564737,-84.46523355113113,6540.0,golfer,4,#007cbf,,,,,,,,
golfer_group_1,38.02975350361947,-84.4654282954189,6600.0,golfer,4,#007cbf,,,,,,,,
golfer_group_1,38.030020352724144,-84.46558146666777,6660.0,golfer,4,#007cbf,,,,,,,,
golfer_group_1,38.03028720182882,-84.46573463791665,6720.0,golfer,4,#007cbf,,,,,,,,
golfer_group_1,38.030554050933496,-84.46588780916554,6780.0,golfer,4,#007cbf,,,,,,,,
golfer_group_1,38.0308144451061,-84.46601508231271,6840.0,golfer,4,#007cbf,,,,,,,,
golfer_group_1,38.03096331555731,-84.46569490649415,6900.0,golfer,4,#007cbf,,,,,,,,
golfer_group_1,38.03100160851583,-84.46532942233877,6960.0,golfer,4,#007cbf,,,,,,,,
golfer_group_1,38.03102825601745,-84.4649591665407,7020.0,golfer,4,#007cbf,,,,,,,,
golfer_group_1,38.03105490351906,-84.46458891074262,7080.0,golfer,4,#007cbf,,,,,,,,
golfer_group_1,38.031081551020684,-84.46421865494455,7140.0,golfer,4,#007cbf,,,,,,,,
golfer_group_1,38.031108198522304,-84.46384839914647,7200.0,golfer,4,#007cbf,,,,,,,,
golfer_group_1,38.03113484602392,-84.4634781433484,7260.0,golfer,4,#007cbf,,,,,,,,
golfer_group_1,38.03116149352554,-84.46310788755032,7320.0,golfer,4,#007cbf,,,,,,,,
golfer_group_1,38.031127268705696,-84.46274982308951,7380.0,golfer,4,#007cbf,,,,,,,,
golfer_group_1,38.031012137391194,-84.4624079623538,7440.0,golfer,4,#007cbf,,,,,,,,
golfer_group_1,38.03089700607669,-84.46206610161808,7500.0,golfer,4,#007cbf,,,,,,,,
golfer_group_1,38.0307818747622,-84.46172424088235,7560.0,golfer,4,#007cbf,,,,,,,,
golfer_group_1,38.030666743447696,-84.46138238014663,7620.0,golfer,4,#007cbf,,,,,,,,
golfer_group_1,38.030551612133195,-84.46104051941091,7680.0,golfer,4,#007cbf,,,,,,,,
golfer_group_1,38.03081531898336,-84.46091137688049,7740.0,golfer,4,#007cbf,,,,,,,,
golfer_group_1,38.0310279411826,-84.46098091912485,7800.0,golfer,4,#007cbf,,,,,,,,
golfer_group_1,38.03115090321037,-84.46131835889211,7860.0,golfer,4,#007cbf,,,,,,,,
golfer_group_1,38.031273865238134,-84.46165579865938,7920.0,golfer,4,#007cbf,,,,,,,,
golfer_group_1,38.03139682726591,-84.46199323842663,7980.0,golfer,4,#007cbf,,,,,,,,
golfer_group_1,38.031519789293675,-84.4623306781939,8040.0,golfer,4,#007cbf,,,,,,,,
golfer_group_1,38.03164275132144,-84.46266811796116,8100.0,golfer,4,#007cbf,,,,,,,,
golfer_group_1,38.03176571334921,-84.46300555772842,8160.0,golfer,4,#007cbf,,,,,,,,
golfer_group_1,38.031888675376976,-84.46334299749569,8220.0,golfer,4,#007cbf,,,,,,,,
golfer_group_1,38.031909837946635,-84.46368872876327,8280.0,golfer,4,#007cbf,,,,,,,,
golfer_group_1,38.03182184589159,-84.46404335060477,8340.0,golfer,4,#007cbf,,,,,,,,
golfer_group_1,38.03173385383655,-84.46439797244628,8400.0,golfer,4,#007cbf,,,,,,,,
golfer_group_1,38.031645861781506,-84.46475259428779,8460.0,golfer,4,#007cbf,,,,,,,,
golfer_group_1,38.03155786972646,-84.46510721612928,8520.0,golfer,4,#007cbf,,,,,,,,
golfer_group_1,38.03146987767142,-84.46546183797079,8580.0,golfer,4,#007cbf,,,,,,,,
golfer_group_1,38.03131864912918,-84.46576966145622,8640.0,golfer,4,#007cbf,,,,,,,,
golfer_group_1,38.0311189562348,-84.46604161874937,8700.0,golfer,4,#007cbf,,,,,,,,
golfer_group_1,38.030919263340415,-84.46631357604252,8760.0,golfer,4,#007cbf,,,,,,,,
golfer_group_1,38.030718115722834,-84.46658350967269,8820.0,golfer,4,#007cbf,,,,,,,,
golfer_group_1,38.0304866033238,-84.46681120290668,8880.0,golfer,4,#007cbf,,,,,,,,
golfer_group_1,38.030255090924776,-84.46703889614066,8940.0,golfer,4,#007cbf,,,,,,,,
golfer_group_1,38.03002357852575,-84.46726658937465,9000.0,golfer,4,#007cbf,,,,,,,,
golfer_group_1,38.02979206612672,-84.46749428260863,9060.0,golfer,4,#007cbf,,,,,,,,
golfer_group_1,38.02956055372769,-84.46772197584261,9120.0,golfer,4,#007cbf,,,,,,,,
golfer_group_1,38.02932904132866,-84.4679496690766,9180.0,golfer,4,#007cbf,,,,,,,,
golfer_group_1,38.02909752892963,-84.46817736231058,9240.0,golfer,4,#007cbf,,,,,,,,
golfer_group_1,38.0288660165306,-84.46840505554457,9300.0,golfer,4,#007cbf,,,,,,,,
golfer_group_1,38.02869804015225,-84.46870681462924,9360.0,golfer,4,#007cbf,,,,,,,,
golfer_group_1,38.028539024924726,-84.46901901999702,9420.0,golfer,4,#007cbf,,,,,,,,
golfer_group_1,38.0283800096972,-84.46933122536481,9480.0,golfer,4,#007cbf,,,,,,,,
golfer_group_1,38.028129065075696,-84.46949162304078,9540.0,golfer,4,#007cbf,,,,,,,,
golfer_group_1,38.02785052807789,-84.46960645602002,9600.0,golfer,1,#007cbf,,,,,,,,
golfer_group_1,38.027571991080094,-84.46972128899925,9660.0,golfer,1,#007cbf,,,,,,,,
golfer_group_1,38.02729345408229,-84.4698361219785,9720.0,golfer,4,#007cbf,,,,,,,,
golfer_group_1,38.027014917084486,-84.46995095495774,9780.0,golfer,4,#007cbf,,,,,,,,
golfer_group_1,38.02677219339408,-84.46990690842384,9840.0,golfer,4,#007cbf,,,,,,,,
golfer_group_1,38.026583670283,-84.46962241044099,9900.0,golfer,4,#007cbf,,,,,,,,
golfer_group_1,38.02639514717193,-84.46933791245814,9960.0,golfer,4,#007cbf,,,,,,,,
golfer_group_1,38.026206624060855,-84.4690534144753,10020.0,golfer,4,#007cbf,,,,,,,,
golfer_group_1,38.02601810094978,-84.46876891649245,10080.0,golfer,4,#007cbf,,,,,,,,
golfer_group_1,38.0258295778387,-84.4684844185096,10140.0,golfer,4,#007cbf,,,,,,,,
golfer_group_1,38.02564105472762,-84.46819992052676,10200.0,golfer,4,#007cbf,,,,,,,,
golfer_group_1,38.02539873776804,-84.4680332578427,10260.0,golfer,4,#007cbf,,,,,,,,
golfer_group_1,38.02511056304286,-84.46796704648648,10320.0,golfer,4,#007cbf,,,,,,,,
golfer_group_1,38.02482238831767,-84.46790083513027,10380.0,golfer,4,#007cbf,,,,,,,,
golfer_group_1,38.02466098715723,-84.46791926274804,10440.0,golfer,4,#007cbf,,,,,,,,
golfer_group_1,38.0248672597656,-84.46818316370741,10500.0,golfer,4,#007cbf,,,,,,,,
golfer_group_1,38.025073532373966,-84.46844706466678,10560.0,golfer,4,#007cbf,,,,,,,,
golfer_group_1,38.02498232223591,-84.46858500193528,10620.0,golfer,4,#007cbf,,,,,,,,
golfer_group_1,38.024692555469876,-84.46863886398934,10680.0,golfer,4,#007cbf,,,,,,,,
golfer_group_1,38.02440278870384,-84.4686927260434,10740.0,golfer,4,#007cbf,,,,,,,,
golfer_group_1,38.0241130219378,-84.46874658809746,10800.0,golfer,4,#007cbf,,,,,,,,
golfer_group_1,38.02382325517176,-84.46880045015152,10860.0,golfer,4,#007cbf,,,,,,,,
golfer_group_1,38.023533488405725,-84.46885431220558,10920.0,golfer,4,#007cbf,,,,,,,,
golfer_group_1,38.02325287292604,-84.46895459002404,10980.0,golfer,4,#007cbf,,,,,,,,
golfer_group_1,38.023120094224296,-84.46908677293466,11040.0,golfer,4,#007cbf,,,,,,,,
golfer_group_1,38.02338797984743,-84.46923698741324,11100.0,golfer,4,#007cbf,,,,,,,,
golfer_group_1,38.02365586547056,-84.46938720189182,11160.0,golfer,4,#007cbf,,,,,,,,
golfer_group_1,38.02392375109368,-84.4695374163704,11220.0,golfer,4,#007cbf,,,,,,,,
golfer_group_1,38.024191636716814,-84.46968763084898,11280.0,golfer,4,#007cbf,,,,,,,,
golfer_group_1,38.024459522339946,-84.46983784532756,11340.0,golfer,4,#007cbf,,,,,,,,
golfer_group_1,38.02472740796308,-84.46998805980614,11400.0,golfer,4,#007cbf,,,,,,,,
golfer_group_1,38.0249952935862,-84.47013827428472,11460.0,golfer,4,#007cbf,,,,,,,,
golfer_group_1,38.02526317920933,-84.4702884887633,11520.0,golfer,4,#007cbf,,,,,,,,
golfer_group_1,38.02549053793203,-84.47051685206469,11580.0,golfer,4,#007cbf,,,,,,,,
golfer_group_1,38.02570511747455,-84.47076985771169,11640.0,golfer,4,#007cbf,,,,,,,,
golfer_group_1,38.025919697017066,-84.4710228633587,11700.0,golfer,4,#007cbf,,,,,,,,
golfer_group_1,38.02613427655959,-84.4712758690057,11760.0,golfer,4,#007cbf,,,,,,,,
golfer_group_1,38.02634885610211,-84.4715288746527,11820.0,golfer,4,#007cbf,,,,,,,,
golfer_group_1,38.026563435644626,-84.4717818802997,11880.0,golfer,4,#007cbf,,,,,,,,
golfer_group_1,38.02678243981026,-84.47202860408251,11940.0,golfer,4,#007cbf,,,,,,,,
golfer_group_1,38.02668611647238,-84.47218057293104,12000.0,golfer,4,#007cbf,,,,,,,,
golfer_group_1,38.02640386024167,-84.4722796932027,12060.0,golfer,4,#007cbf,,,,,,,,
golfer_group_1,38.02612160401096,-84.47237881347434,12120.0,golfer,4,#007cbf,,,,,,,,
golfer_group_1,38.02583934778024,-84.47247793374599,12180.0,golfer,4,#007cbf,,,,,,,,
golfer_group_1,38.02555709154953,-84.47257705401765,12240.0,golfer,4,#007cbf,,,,,,,,
golfer_group_1,38.025278899056985,-84.47258808504574,12300.0,golfer,4,#007cbf,,,,,,,,
golfer_group_1,38.02505413568005,-84.47238241246707,12360.0,golfer,4,#007cbf,,,,,,,,
golfer_group_1,38.02491621232278,-84.47205445775451,12420.0,golfer,4,#007cbf,,,,,,,,
golfer_group_1,38.02477828896551,-84.47172650304194,12480.0,golfer,4,#007cbf,,,,,,,,
golfer_group_1,38.024640365608235,-84.47139854832938,12540.0,golfer,4,#007cbf,,,,,,,,
golfer_group_1,38.02450244225096,-84.4710705936168,12600.0,golfer,4,#007cbf,,,,,,,,
golfer_group_1,38.02436451889369,-84.47074263890424,12660.0,golfer,4,#007cbf,,,,,,,,
golfer_group_1,38.02422659553642,-84.47041468419167,12720.0,golfer,4,#007cbf,,,,,,,,
golfer_group_1,38.02408867217915,-84.4700867294791,12780.0,golfer,4,#007cbf,,,,,,,,
golfer_group_1,38.023830177494666,-84.46991493651929,12840.0,golfer,4,#007cbf,,,,,,,,
golfer_group_1,38.02356911857893,-84.46974646470437,12900.0,golfer,4,#007cbf,,,,,,,,
golfer_group_1,38.0233080596632,-84.46957799288944,12960.0,golfer,4,#007cbf,,,,,,,,
golfer_group_1,38.02304700074746,-84.46940952107451,13020.0,golfer,4,#007cbf,,,,,,,,
golfer_group_1,38.0227847606833,-84.46924457405959,13080.0,golfer,4,#007cbf,,,,,,,,
golfer_group_1,38.02250809559787,-84.46912267439926,13140.0,golfer,4,#007cbf,,,,,,,,
golfer_group_1,38.022527943550884,-84.46893235209967,13200.0,golfer,4,#007cbf,,,,,,,,
golfer_group_1,38.02275311404551,-84.46869465006165,13260.0,golfer,4,#007cbf,,,,,,,,
golfer_group_1,38.02297828454014,-84.46845694802364,13320.0,golfer,4,#007cbf,,,,,,,,
golfer_group_1,38.02320345503476,-84.46821924598564,13380.0,golfer,4,#007cbf,,,,,,,,
golfer_group_1,38.023428625529384,-84.46798154394763,13440.0,golfer,4,#007cbf,,,,,,,,
golfer_group_1,38.02365379602401,-84.46774384190961,13500.0,golfer,4,#007cbf,,,,,,,,
golfer_group_1,38.02387896651864,-84.4675061398716,13560.0,golfer,4,#007cbf,,,,,,,,
golfer_group_1,38.02410413701326,-84.4672684378336,13620.0,golfer,4,#007cbf,,,,,,,,
golfer_group_1,38.024329307507884,-84.46703073579559,13680.0,golfer,4,#007cbf,,,,,,,,
golfer_group_1,38.024516630016976,-84.46674714202182,13740.0,golfer,4,#007cbf,,,,,,,,
golfer_group_1,38.02469334505099,-84.4664506863893,13800.0,golfer,4,#007cbf,,,,,,,,
golfer_group_1,38.02487006008501,-84.46615423075679,13860.0,golfer,4,#007cbf,,,,,,,,
golfer_group_1,38.02504677511902,-84.46585777512426,13920.0,golfer,4,#007cbf,,,,,,,,
golfer_group_1,38.02525798622544,-84.46562593134438,13980.0,golfer,4,#007cbf,,,,,,,,
golfer_group_1,38.025540368765746,-84.46552739312297,14040.0,golfer,4,#007cbf,,,,,,,,
golfer_group_1,38.02582275130605,-84.46542885490156,14100.0,golfer,4,#007cbf,,,,,,,,
golfer_group_1,38.02610513384636,-84.46533031668015,14160.0,golfer,4,#007cbf,,,,,,,,
golfer_group_1,38.02637936666449,-84.46537020680762,14220.0,golfer,4,#007cbf,,,,,,,,
golfer_group_1,38.02664707383,-84.4655209394031,14280.0,golfer,4,#007cbf,,,,,,,,
golfer_group_1,38.026914780995504,-84.46567167199859,14340.0,golfer,4,#007cbf,,,,,,,,
golfer_group_1,38.02718248816101,-84.46582240459409,14400.0,golfer,4,#007cbf,,,,,,,,
golfer_group_1,38.027450195326516,-84.46597313718958,14460.0,golfer,4,#007cbf,,,,,,,,
golfer_group_1,38.02771790249202,-84.46612386978506,14520.0,golfer,4,#007cbf,,,,,,,,
golfer_group_1,38.027985609657534,-84.46627460238055,14580.0,golfer,4,#007cbf,,,,,,,,
golfer_group_1,38.02825331682304,-84.46642533497604,14640.0,golfer,4,#007cbf,,,,,,,,
golfer_group_1,38.02854411583699,-84.46643446747252,14700.0,golfer,4,#007cbf,,,,,,,,
golfer_group_1,38.02883696025459,-84.46643105747557,14760.0,golfer,4,#007cbf,,,,,,,,
golfer_group_1,38.02912980467218,-84.46642764747862,14820.0,golfer,4,#007cbf,,,,,,,,
golfer_group_1,38.029422649089774,-84.46642423748168,14880.0,golfer,4,#007cbf,,,,,,,,
golfer_group_1,38.029714660100595,-84.46640554510962,14940.0,golfer,4,#007cbf,,,,,,,,
golfer_group_1,38.03000508074206,-84.46635768976212,15000.0,golfer,4,#007cbf,,,,,,,,
golfer_group_1,38.03029550138352,-84.46630983441462,15060.0,golfer,4,#007cbf,,,,,,,,
golfer_group_1,38.03034421537664,-84.46623396436489,15120.0,golfer,4,#007cbf,,,,,,,,
golfer_group_1,38.0300654222068,-84.4661201350132,15180.0,golfer,4,#007cbf,,,,,,,,
golfer_group_1,38.02978662903697,-84.46600630566151,15240.0,golfer,4,#007cbf,,,,,,,,
golfer_group_1,38.02950783586713,-84.46589247630982,15300.0,golfer,4,#007cbf,,,,,,,,
golfer_group_1,38.029229042697295,-84.46577864695813,15360.0,golfer,4,#007cbf,,,,,,,,
golfer_group_1,38.02895024952746,-84.46566481760644,15420.0,golfer,4,#007cbf,,,,,,,,
golfer_group_1,38.02867145635763,-84.46555098825475,15480.0,golfer,4,#007cbf,,,,,,,,
golfer_group_1,38.02839266318779,-84.46543715890306,15540.0,golfer,4,#007cbf,,,,,,,,
golfer_group_1,38.02811294382565,-84.46532834232956,15600.0,golfer,4,#007cbf,,,,,,,,
golfer_group_1,38.02782336017175,-84.46527291370359,15660.0,golfer,4,#007cbf,,,,,,,,
golfer_group_1,38.02753377651786,-84.46521748507763,15720.0,golfer,4,#007cbf,,,,,,,,
golfer_group_1,38.027244192863975,-84.46516205645167,15780.0,golfer,4,#007cbf,,,,,,,,
golfer_group_1,38.02695460921009,-84.46510662782572,15840.0,golfer,4,#007cbf,,,,,,,,
golfer_group_1,38.02666502555619,-84.46505119919976,15900.0,golfer,4,#007cbf,,,,,,,,
golfer_group_1,38.02637326063661,-84.4650346343973,15960.0,golfer,4,#007cbf,,,,,,,,
golfer_group_1,38.02608041188864,-84.46503738027086,16020.0,golfer,4,#007cbf,,,,,,,,
golfer_group_1,38.025787563140675,-84.46504012614442,16080.0,golfer,2,#007cbf,,,,,,,,
golfer_group_1,38.025494714392714,-84.46504287201797,16140.0,golfer,4,#007cbf,,,,,,,,
golfer_group_1,38.02556401049359,-84.4653626218534,16200.0,golfer,4,#007cbf,,,,,,,,
golfer_group_1,38.025666096931715,-84.46571107475296,16260.0,golfer,4,#007cbf,,,,,,,,
golfer_group_1,38.02576818336984,-84.46605952765252,16320.0,golfer,4,#007cbf,,,,,,,,
golfer_group_1,38.02587026980797,-84.46640798055208,16380.0,golfer,4,#007cbf,,,,,,,,
golfer_group_1,38.02597235624609,-84.46675643345164,16440.0,golfer,4,#007cbf,,,,,,,,
golfer_group_1,38.02607444268422,-84.46710488635118,16500.0,golfer,4,#007cbf,,,,,,,,
golfer_group_1,38.026176529122345,-84.46745333925074,16560.0,golfer,4,#007cbf,,,,,,,,
golfer_group_1,38.02627861556047,-84.4678017921503,16620.0,golfer,4,#007cbf,,,,,,,,
golfer_group_1,38.026391551516966,-84.46814347235242,16680.0,golfer,4,#007cbf,,,,,,,,
golfer_group_1,38.0265466275618,-84.46845884704874,16740.0,golfer,4,#007cbf,,,,,,,,
golfer_group_1,38.02670170360664,-84.46877422174504,16800.0,golfer,4,#007cbf,,,,,,,,
golfer_group_1,38.02685677965148,-84.46908959644135,16860.0,golfer,4,#007cbf,,,,,,,,
golfer_group_1,38.027011855696315,-84.46940497113766,16920.0,golfer,4,#007cbf,,,,,,,,
golfer_group_1,38.027202562026105,-84.46967624119414,16980.0,golfer,4,#007cbf,,,,,,,,
golfer_group_1,38.027447,-84.469881,17040.0,golfer,1,#007cbf,,,,,,,,
golfer_group_10,38.027447,-84.469881,7020.0,golfer,1,#007cbf,,,,,,,,
golfer_group_10,38.02754627606764,-84.46962578282717,7080.0,golfer,1,#007cbf,,,,,,,,
golfer_group_10,38.02744283462056,-84.4692779685763,7140.0,golfer,1,#007cbf,,,,,,,,
golfer_group_10,38.02733939317348,-84.46893015432545,7200.0,golfer,1,#007cbf,,,,,,,,
golfer_group_10,38.0272359517264,-84.46858234007459,7260.0,golfer,1,#007cbf,,,,,,,,
golfer_group_10,38.027132510279316,-84.46823452582373,7320.0,golfer,1,#007cbf,,,,,,,,
golfer_group_10,38.027029068832235,-84.46788671157287,7380.0,golfer,1,#007cbf,,,,,,,,
golfer_group_10,38.026925627385154,-84.46753889732202,7440.0,golfer,1,#007cbf,,,,,,,,
golfer_group_10,38.02682218593807,-84.46719108307117,7500.0,golfer,1,#007cbf,,,,,,,,
golfer_group_10,38.026707885382585,-84.46684997010087,7560.0,golfer,1,#007cbf,,,,,,,,
golfer_group_10,38.0265563489919,-84.46653183579225,7620.0,golfer,1,#007cbf,,,,,,,,
golfer_group_10,38.02640481260122,-84.46621370148365,7680.0,golfer,1,#007cbf,,,,,,,,
golfer_group_10,38.02625327621054,-84.46589556717504,7740.0,golfer,1,#007cbf,,,,,,,,
golfer_group_10,38.026097865476636,-84.4655806681031,7800.0,golfer,1,#007cbf,,,,,,,,
golfer_group_10,38.02592778516153,-84.46527801873756,7860.0,golfer,4,#007cbf,,,,,,,,
golfer_group_10,38.02575770484643,-84.46497536937204,7920.0,golfer,2,#007cbf,,,,,,,,
golfer_group_10,38.02580429978306,-84.46478189846547,7980.0,golfer,2,#007cbf,,,,,,,,
golfer_group_10,38.02609158193444,-84.46470970518055,8040.0,golfer,2,#007cbf,,,,,,,,
golfer_group_10,38.02637886408582,-84.46463751189565,8100.0,golfer,2,#007cbf,,,,,,,,
golfer_group_10,38.0266661462372,-84.46456531861072,8160.0,golfer,2,#007cbf,,,,,,,,
golfer_group_10,38.02695342838857,-84.4644931253258,8220.0,golfer,2,#007cbf,,,,,,,,
golfer_group_10,38.02723262500985,-84.46440936561527,8280.0,golfer,2,#007cbf,,,,,,,,
golfer_group_10,38.02732323296244,-84.46405582806928,8340.0,golfer,2,#007cbf,,,,,,,,
golfer_group_10,38.027413840915024,-84.46370229052329,8400.0,golfer,3,#007cbf,,,,,,,,
golfer_group_10,38.02755613921936,-84.46339199540722,8460.0,golfer,3,#007cbf,,,,,,,,
golfer_group_10,38.02777631020529,-84.46314684598785,8520.0,golfer,3,#007cbf,,,,,,,,
golfer_group_10,38.027996481191224,-84.4629016965685,8580.0,golfer,3,#007cbf,,,,,,,,
golfer_group_10,38.028216652177164,-84.46265654714912,8640.0,golfer,3,#007cbf,,,,,,,,
golfer_group_10,38.0284368231631,-84.46241139772975,8700.0,golfer,3,#007cbf,,,,,,,,
golfer_group_10,38.02865699414903,-84.4621662483104,8760.0,golfer,3,#007cbf,,,,,,,,
golfer_group_10,38.02887716513497,-84.46192109889103,8820.0,golfer,3,#007cbf,,,,,,,,
golfer_group_10,38.029097336120905,-84.46167594947165,8880.0,golfer,3,#007cbf,,,,,,,,
golfer_group_10,38.02932048603734,-84.46143527844885,8940.0,golfer,3,#007cbf,,,,,,,,
golfer_group_10,38.02954781666501,-84.4612008925283,9000.0,golfer,3,#007cbf,,,,,,,,
golfer_group_10,38.029775147292675,-84.46096650660775,9060.0,golfer,3,#007cbf,,,,,,,,
golfer_group_10,38.03000247792034,-84.46073212068718,9120.0,golfer,3,#007cbf,,,,,,,,
golfer_group_10,38.03022980854801,-84.46049773476663,9180.0,golfer,3,#007cbf,,,,,,,,
golfer_group_10,38.03028198771919,-84.46029007968264,9240.0,golfer,3,#007cbf,,,,,,,,
golfer_group_10,38.030017377451664,-84.46013077159431,9300.0,golfer,4,#007cbf,,,,,,,,
golfer_group_10,38.02974997117584,-84.46003134117494,9360.0,golfer,4,#007cbf,,,,,,,,
golfer_group_10,38.029472388508275,-84.46014984237516,9420.0,golfer,4,#007cbf,,,,,,,,
golfer_group_10,38.02919480584071,-84.46026834357538,9480.0,golfer,4,#007cbf,,,,,,,,
golfer_group_10,38.02891722317315,-84.46038684477558,9540.0,golfer,4,#007cbf,,,,,,,,
golfer_group_10,38.02863964050559,-84.4605053459758,9600.0,golfer,4,#007cbf,,,,,,,,
golfer_group_10,38.02846819932939,-84.46074999771898,9660.0,golfer,4,#007cbf,,,,,,,,
golfer_group_10,38.028356651102726,-84.46108459413088,9720.0,golfer,4,#007cbf,,,,,,,,
golfer_group_10,38.028163251425084,-84.46136377382878,9780.0,golfer,4,#007cbf,,,,,,,,
golfer_group_10,38.02796985174745,-84.46164295352668,9840.0,golfer,4,#007cbf,,,,,,,,
golfer_group_10,38.02777645206981,-84.46192213322458,9900.0,golfer,4,#007cbf,,,,,,,,
golfer_group_10,38.027583052392174,-84.46220131292247,9960.0,golfer,4,#007cbf,,,,,,,,
golfer_group_10,38.02739313138997,-84.4624841808364,10020.0,golfer,4,#007cbf,,,,,,,,
golfer_group_10,38.02721114487077,-84.46277546117278,10080.0,golfer,4,#007cbf,,,,,,,,
golfer_group_10,38.02702915835156,-84.46306674150915,10140.0,golfer,4,#007cbf,,,,,,,,
golfer_group_10,38.02684717183235,-84.46335802184554,10200.0,golfer,4,#007cbf,,,,,,,,
golfer_group_10,38.027030664719845,-84.46345337202217,10260.0,golfer,4,#007cbf,,,,,,,,
golfer_group_10,38.02732202605173,-84.46349089491457,10320.0,golfer,3,#007cbf,,,,,,,,
golfer_group_10,38.02761338738361,-84.46352841780696,10380.0,golfer,3,#007cbf,,,,,,,,
golfer_group_10,38.02787761975422,-84.46365295047241,10440.0,golfer,4,#007cbf,,,,,,,,
golfer_group_10,38.02811027773896,-84.46387875056652,10500.0,golfer,4,#007cbf,,,,,,,,
golfer_group_10,38.02834293572369,-84.46410455066062,10560.0,golfer,4,#007cbf,,,,,,,,
golfer_group_10,38.028575593708425,-84.46433035075472,10620.0,golfer,4,#007cbf,,,,,,,,
golfer_group_10,38.028808251693164,-84.46455615084882,10680.0,golfer,4,#007cbf,,,,,,,,
golfer_group_10,38.029040909677896,-84.46478195094294,10740.0,golfer,4,#007cbf,,,,,,,,
golfer_group_10,38.02927356766263,-84.46500775103704,10800.0,golfer,4,#007cbf,,,,,,,,
golfer_group_10,38.02950622564737,-84.46523355113113,10860.0,golfer,4,#007cbf,,,,,,,,
golfer_group_10,38.02975350361947,-84.4654282954189,10920.0,golfer,4,#007cbf,,,,,,,,
golfer_group_10,38.030020352724144,-84.46558146666777,10980.0,golfer,4,#007cbf,,,,,,,,
golfer_group_10,38.03028720182882,-84.46573463791665,11040.0,golfer,4,#007cbf,,,,,,,,
golfer_group_10,38.030554050933496,-84.46588780916554,11100.0,golfer,4,#007cbf,,,,,,,,
golfer_group_10,38.0308144451061,-84.46601508231271,11160.0,golfer,4,#007cbf,,,,,,,,
golfer_group_10,38.03096331555731,-84.46569490649415,11220.0,golfer,4,#007cbf,,,,,,,,
golfer_group_10,38.03100160851583,-84.46532942233877,11280.0,golfer,4,#007cbf,,,,,,,,
golfer_group_10,38.03102825601745,-84.4649591665407,11340.0,golfer,4,#007cbf,,,,,,,,
golfer_group_10,38.03105490351906,-84.46458891074262,11400.0,golfer,4,#007cbf,,,,,,,,
golfer_group_10,38.031081551020684,-84.46421865494455,11460.0,golfer,4,#007cbf,,,,,,,,
golfer_group_10,38.031108198522304,-84.46384839914647,11520.0,golfer,4,#007cbf,,,,,,,,
golfer_group_10,38.03113484602392,-84.4634781433484,11580.0,golfer,4,#007cbf,,,,,,,,
golfer_group_10,38.03116149352554,-84.46310788755032,11640.0,golfer,4,#007cbf,,,,,,,,
golfer_group_10,38.031127268705696,-84.46274982308951,11700.0,golfer,4,#007cbf,,,,,,,,
golfer_group_10,38.031012137391194,-84.4624079623538,11760.0,golfer,4,#007cbf,,,,,,,,
golfer_group_10,38.03089700607669,-84.46206610161808,11820.0,golfer,4,#007cbf,,,,,,,,
golfer_group_10,38.0307818747622,-84.46172424088235,11880.0,golfer,4,#007cbf,,,,,,,,
golfer_group_10,38.030666743447696,-84.46138238014663,11940.0,golfer,4,#007cbf,,,,,,,,
golfer_group_10,38.030551612133195,-84.46104051941091,12000.0,golfer,4,#007cbf,,,,,,,,
golfer_group_10,38.03081531898336,-84.46091137688049,12060.0,golfer,4,#007cbf,,,,,,,,
golfer_group_10,38.0310279411826,-84.46098091912485,12120.0,golfer,4,#007cbf,,,,,,,,
golfer_group_10,38.03115090321037,-84.46131835889211,12180.0,golfer,4,#007cbf,,,,,,,,
golfer_group_10,38.031273865238134,-84.46165579865938,12240.0,golfer,4,#007cbf,,,,,,,,
golfer_group_10,38.03139682726591,-84.46199323842663,12300.0,golfer,4,#007cbf,,,,,,,,
golfer_group_10,38.031519789293675,-84.4623306781939,12360.0,golfer,4,#007cbf,,,,,,,,
golfer_group_10,38.03164275132144,-84.46266811796116,12420.0,golfer,4,#007cbf,,,,,,,,
golfer_group_10,38.03176571334921,-84.46300555772842,12480.0,golfer,4,#007cbf,,,,,,,,
golfer_group_10,38.031888675376976,-84.46334299749569,12540.0,golfer,4,#007cbf,,,,,,,,
golfer_group_10,38.031909837946635,-84.46368872876327,12600.0,golfer,4,#007cbf,,,,,,,,
golfer_group_10,38.03182184589159,-84.46404335060477,12660.0,golfer,4,#007cbf,,,,,,,,
golfer_group_10,38.03173385383655,-84.46439797244628,12720.0,golfer,4,#007cbf,,,,,,,,
golfer_group_10,38.031645861781506,-84.46475259428779,12780.0,golfer,4,#007cbf,,,,,,,,
golfer_group_10,38.03155786972646,-84.46510721612928,12840.0,golfer,4,#007cbf,,,,,,,,
golfer_group_10,38.03146987767142,-84.46546183797079,12900.0,golfer,4,#007cbf,,,,,,,,
golfer_group_10,38.03131864912918,-84.46576966145622,12960.0,golfer,4,#007cbf,,,,,,,,
golfer_group_10,38.0311189562348,-84.46604161874937,13020.0,golfer,4,#007cbf,,,,,,,,
golfer_group_10,38.030919263340415,-84.46631357604252,13080.0,golfer,4,#007cbf,,,,,,,,
golfer_group_10,38.030718115722834,-84.46658350967269,13140.0,golfer,4,#007cbf,,,,,,,,
golfer_group_10,38.0304866033238,-84.46681120290668,13200.0,golfer,4,#007cbf,,,,,,,,
golfer_group_10,38.030255090924776,-84.46703889614066,13260.0,golfer,4,#007cbf,,,,,,,,
golfer_group_10,38.03002357852575,-84.46726658937465,13320.0,golfer,4,#007cbf,,,,,,,,
golfer_group_10,38.02979206612672,-84.46749428260863,13380.0,golfer,4,#007cbf,,,,,,,,
golfer_group_10,38.02956055372769,-84.46772197584261,13440.0,golfer,4,#007cbf,,,,,,,,
golfer_group_10,38.02932904132866,-84.4679496690766,13500.0,golfer,4,#007cbf,,,,,,,,
golfer_group_10,38.02909752892963,-84.46817736231058,13560.0,golfer,4,#007cbf,,,,,,,,
golfer_group_10,38.0288660165306,-84.46840505554457,13620.0,golfer,4,#007cbf,,,,,,,,
golfer_group_10,38.02869804015225,-84.46870681462924,13680.0,golfer,4,#007cbf,,,,,,,,
golfer_group_10,38.028539024924726,-84.46901901999702,13740.0,golfer,4,#007cbf,,,,,,,,
golfer_group_10,38.0283800096972,-84.46933122536481,13800.0,golfer,4,#007cbf,,,,,,,,
golfer_group_10,38.028129065075696,-84.46949162304078,13860.0,golfer,4,#007cbf,,,,,,,,
golfer_group_10,38.02785052807789,-84.46960645602002,13920.0,golfer,1,#007cbf,,,,,,,,
golfer_group_10,38.027571991080094,-84.46972128899925,13980.0,golfer,1,#007cbf,,,,,,,,
golfer_group_10,38.02729345408229,-84.4698361219785,14040.0,golfer,4,#007cbf,,,,,,,,
golfer_group_10,38.027014917084486,-84.46995095495774,14100.0,golfer,4,#007cbf,,,,,,,,
golfer_group_10,38.02677219339408,-84.46990690842384,14160.0,golfer,4,#007cbf,,,,,,,,
golfer_group_10,38.026583670283,-84.46962241044099,14220.0,golfer,4,#007cbf,,,,,,,,
golfer_group_10,38.02639514717193,-84.46933791245814,14280.0,golfer,4,#007cbf,,,,,,,,
golfer_group_10,38.026206624060855,-84.4690534144753,14340.0,golfer,4,#007cbf,,,,,,,,
golfer_group_10,38.02601810094978,-84.46876891649245,14400.0,golfer,4,#007cbf,,,,,,,,
golfer_group_10,38.0258295778387,-84.4684844185096,14460.0,golfer,4,#007cbf,,,,,,,,
golfer_group_10,38.02564105472762,-84.46819992052676,14520.0,golfer,4,#007cbf,,,,,,,,
golfer_group_10,38.02539873776804,-84.4680332578427,14580.0,golfer,4,#007cbf,,,,,,,,
golfer_group_10,38.02511056304286,-84.46796704648648,14640.0,golfer,4,#007cbf,,,,,,,,
golfer_group_10,38.02482238831767,-84.46790083513027,14700.0,golfer,4,#007cbf,,,,,,,,
golfer_group_10,38.02466098715723,-84.46791926274804,14760.0,golfer,4,#007cbf,,,,,,,,
golfer_group_10,38.0248672597656,-84.46818316370741,14820.0,golfer,4,#007cbf,,,,,,,,
golfer_group_10,38.025073532373966,-84.46844706466678,14880.0,golfer,4,#007cbf,,,,,,,,
golfer_group_10,38.02498232223591,-84.46858500193528,14940.0,golfer,4,#007cbf,,,,,,,,
golfer_group_10,38.024692555469876,-84.46863886398934,15000.0,golfer,4,#007cbf,,,,,,,,
golfer_group_10,38.02440278870384,-84.4686927260434,15060.0,golfer,4,#007cbf,,,,,,,,
golfer_group_10,38.0241130219378,-84.46874658809746,15120.0,golfer,4,#007cbf,,,,,,,,
golfer_group_10,38.02382325517176,-84.46880045015152,15180.0,golfer,4,#007cbf,,,,,,,,
golfer_group_10,38.023533488405725,-84.46885431220558,15240.0,golfer,4,#007cbf,,,,,,,,
golfer_group_10,38.02325287292604,-84.46895459002404,15300.0,golfer,4,#007cbf,,,,,,,,
golfer_group_10,38.023120094224296,-84.46908677293466,15360.0,golfer,4,#007cbf,,,,,,,,
golfer_group_10,38.02338797984743,-84.46923698741324,15420.0,golfer,4,#007cbf,,,,,,,,
golfer_group_10,38.02365586547056,-84.46938720189182,15480.0,golfer,4,#007cbf,,,,,,,,
golfer_group_10,38.02392375109368,-84.4695374163704,15540.0,golfer,4,#007cbf,,,,,,,,
golfer_group_10,38.024191636716814,-84.46968763084898,15600.0,golfer,4,#007cbf,,,,,,,,
golfer_group_10,38.024459522339946,-84.46983784532756,15660.0,golfer,4,#007cbf,,,,,,,,
golfer_group_10,38.02472740796308,-84.46998805980614,15720.0,golfer,4,#007cbf,,,,,,,,
golfer_group_10,38.0249952935862,-84.47013827428472,15780.0,golfer,4,#007cbf,,,,,,,,
golfer_group_10,38.02526317920933,-84.4702884887633,15840.0,golfer,4,#007cbf,,,,,,,,
golfer_group_10,38.02549053793203,-84.47051685206469,15900.0,golfer,4,#007cbf,,,,,,,,
golfer_group_10,38.02570511747455,-84.47076985771169,15960.0,golfer,4,#007cbf,,,,,,,,
golfer_group_10,38.025919697017066,-84.4710228633587,16020.0,golfer,4,#007cbf,,,,,,,,
golfer_group_10,38.02613427655959,-84.4712758690057,16080.0,golfer,4,#007cbf,,,,,,,,
golfer_group_10,38.02634885610211,-84.4715288746527,16140.0,golfer,4,#007cbf,,,,,,,,
golfer_group_10,38.026563435644626,-84.4717818802997,16200.0,golfer,4,#007cbf,,,,,,,,
golfer_group_10,38.02678243981026,-84.47202860408251,16260.0,golfer,4,#007cbf,,,,,,,,
golfer_group_10,38.02668611647238,-84.47218057293104,16320.0,golfer,4,#007cbf,,,,,,,,
golfer_group_10,38.02640386024167,-84.4722796932027,16380.0,golfer,4,#007cbf,,,,,,,,
golfer_group_10,38.02612160401096,-84.47237881347434,16440.0,golfer,4,#007cbf,,,,,,,,
golfer_group_10,38.02583934778024,-84.47247793374599,16500.0,golfer,4,#007cbf,,,,,,,,
golfer_group_10,38.02555709154953,-84.47257705401765,16560.0,golfer,4,#007cbf,,,,,,,,
golfer_group_10,38.025278899056985,-84.47258808504574,16620.0,golfer,4,#007cbf,,,,,,,,
golfer_group_10,38.02505413568005,-84.47238241246707,16680.0,golfer,4,#007cbf,,,,,,,,
golfer_group_10,38.02491621232278,-84.47205445775451,16740.0,golfer,4,#007cbf,,,,,,,,
golfer_group_10,38.02477828896551,-84.47172650304194,16800.0,golfer,4,#007cbf,,,,,,,,
golfer_group_10,38.024640365608235,-84.47139854832938,16860.0,golfer,4,#007cbf,,,,,,,,
golfer_group_10,38.02450244225096,-84.4710705936168,16920.0,golfer,4,#007cbf,,,,,,,,
golfer_group_10,38.02436451889369,-84.47074263890424,16980.0,golfer,4,#007cbf,,,,,,,,
golfer_group_10,38.02422659553642,-84.47041468419167,17040.0,golfer,4,#007cbf,,,,,,,,
golfer_group_10,38.02408867217915,-84.4700867294791,17100.0,golfer,4,#007cbf,,,,,,,,
golfer_group_10,38.023830177494666,-84.46991493651929,17160.0,golfer,4,#007cbf,,,,,,,,
golfer_group_10,38.02356911857893,-84.46974646470437,17220.0,golfer,4,#007cbf,,,,,,,,
golfer_group_10,38.0233080596632,-84.46957799288944,17280.0,golfer,4,#007cbf,,,,,,,,
golfer_group_10,38.02304700074746,-84.46940952107451,17340.0,golfer,4,#007cbf,,,,,,,,
golfer_group_10,38.0227847606833,-84.46924457405959,17400.0,golfer,4,#007cbf,,,,,,,,
golfer_group_10,38.02250809559787,-84.46912267439926,17460.0,golfer,4,#007cbf,,,,,,,,
golfer_group_10,38.022527943550884,-84.46893235209967,17520.0,golfer,4,#007cbf,,,,,,,,
golfer_group_10,38.02275311404551,-84.46869465006165,17580.0,golfer,4,#007cbf,,,,,,,,
golfer_group_10,38.02297828454014,-84.46845694802364,17640.0,golfer,4,#007cbf,,,,,,,,
golfer_group_10,38.02320345503476,-84.46821924598564,17700.0,golfer,4,#007cbf,,,,,,,,
golfer_group_10,38.023428625529384,-84.46798154394763,17760.0,golfer,4,#007cbf,,,,,,,,
golfer_group_10,38.02365379602401,-84.46774384190961,17820.0,golfer,4,#007cbf,,,,,,,,
golfer_group_10,38.02387896651864,-84.4675061398716,17880.0,golfer,4,#007cbf,,,,,,,,
golfer_group_10,38.02410413701326,-84.4672684378336,17940.0,golfer,4,#007cbf,,,,,,,,
golfer_group_10,38.024329307507884,-84.46703073579559,18000.0,golfer,4,#007cbf,,,,,,,,
golfer_group_10,38.024516630016976,-84.46674714202182,18060.0,golfer,4,#007cbf,,,,,,,,
golfer_group_10,38.02469334505099,-84.4664506863893,18120.0,golfer,4,#007cbf,,,,,,,,
golfer_group_10,38.02487006008501,-84.46615423075679,18180.0,golfer,4,#007cbf,,,,,,,,
golfer_group_10,38.02504677511902,-84.46585777512426,18240.0,golfer,4,#007cbf,,,,,,,,
golfer_group_10,38.02525798622544,-84.46562593134438,18300.0,golfer,4,#007cbf,,,,,,,,
golfer_group_10,38.025540368765746,-84.46552739312297,18360.0,golfer,4,#007cbf,,,,,,,,
golfer_group_10,38.02582275130605,-84.46542885490156,18420.0,golfer,4,#007cbf,,,,,,,,
golfer_group_10,38.02610513384636,-84.46533031668015,18480.0,golfer,4,#007cbf,,,,,,,,
golfer_group_10,38.02637936666449,-84.46537020680762,18540.0,golfer,4,#007cbf,,,,,,,,
golfer_group_10,38.02664707383,-84.4655209394031,18600.0,golfer,4,#007cbf,,,,,,,,
golfer_group_10,38.026914780995504,-84.46567167199859,18660.0,golfer,4,#007cbf,,,,,,,,
golfer_group_10,38.02718248816101,-84.46582240459409,18720.0,golfer,4,#007cbf,,,,,,,,
golfer_group_10,38.027450195326516,-84.46597313718958,18780.0,golfer,4,#007cbf,,,,,,,,
golfer_group_10,38.02771790249202,-84.46612386978506,18840.0,golfer,4,#007cbf,,,,,,,,
golfer_group_10,38.027985609657534,-84.46627460238055,18900.0,golfer,4,#007cbf,,,,,,,,
golfer_group_10,38.02825331682304,-84.46642533497604,18960.0,golfer,4,#007cbf,,,,,,,,
golfer_group_10,38.02854411583699,-84.46643446747252,19020.0,golfer,4,#007cbf,,,,,,,,
golfer_group_10,38.02883696025459,-84.46643105747557,19080.0,golfer,4,#007cbf,,,,,,,,
golfer_group_10,38.02912980467218,-84.46642764747862,19140.0,golfer,4,#007cbf,,,,,,,,
golfer_group_10,38.029422649089774,-84.46642423748168,19200.0,golfer,4,#007cbf,,,,,,,,
golfer_group_10,38.029714660100595,-84.46640554510962,19260.0,golfer,4,#007cbf,,,,,,,,
golfer_group_10,38.03000508074206,-84.46635768976212,19320.0,golfer,4,#007cbf,,,,,,,,
golfer_group_10,38.03029550138352,-84.46630983441462,19380.0,golfer,4,#007cbf,,,,,,,,
golfer_group_10,38.03034421537664,-84.46623396436489,19440.0,golfer,4,#007cbf,,,,,,,,
golfer_group_10,38.0300654222068,-84.4661201350132,19500.0,golfer,4,#007cbf,,,,,,,,
golfer_group_10,38.02978662903697,-84.46600630566151,19560.0,golfer,4,#007cbf,,,,,,,,
golfer_group_10,38.02950783586713,-84.46589247630982,19620.0,golfer,4,#007cbf,,,,,,,,
golfer_group_10,38.029229042697295,-84.46577864695813,19680.0,golfer,4,#007cbf,,,,,,,,
golfer_group_10,38.02895024952746,-84.46566481760644,19740.0,golfer,4,#007cbf,,,,,,,,
golfer_group_10,38.02867145635763,-84.46555098825475,19800.0,golfer,4,#007cbf,,,,,,,,
golfer_group_10,38.02839266318779,-84.46543715890306,19860.0,golfer,4,#007cbf,,,,,,,,
golfer_group_10,38.02811294382565,-84.46532834232956,19920.0,golfer,4,#007cbf,,,,,,,,
golfer_group_10,38.02782336017175,-84.46527291370359,19980.0,golfer,4,#007cbf,,,,,,,,
golfer_group_10,38.02753377651786,-84.46521748507763,20040.0,golfer,4,#007cbf,,,,,,,,
golfer_group_10,38.027244192863975,-84.46516205645167,20100.0,golfer,4,#007cbf,,,,,,,,
golfer_group_10,38.02695460921009,-84.46510662782572,20160.0,golfer,4,#007cbf,,,,,,,,
golfer_group_10,38.02666502555619,-84.46505119919976,20220.0,golfer,4,#007cbf,,,,,,,,
golfer_group_10,38.02637326063661,-84.4650346343973,20280.0,golfer,4,#007cbf,,,,,,,,
golfer_group_10,38.02608041188864,-84.46503738027086,20340.0,golfer,4,#007cbf,,,,,,,,
golfer_group_10,38.025787563140675,-84.46504012614442,20400.0,golfer,2,#007cbf,,,,,,,,
golfer_group_10,38.025494714392714,-84.46504287201797,20460.0,golfer,4,#007cbf,,,,,,,,
golfer_group_10,38.02556401049359,-84.4653626218534,20520.0,golfer,4,#ffe6cc,,,,,,,,
golfer_group_10,38.025666096931715,-84.46571107475296,20580.0,golfer,4,#ffe6cc,,,,,,,,
golfer_group_10,38.02576818336984,-84.46605952765252,20640.0,golfer,4,#ffe6cc,,,,,,,,
golfer_group_10,38.02587026980797,-84.46640798055208,20700.0,golfer,4,#ffe6cc,,,,,,,,
golfer_group_10,38.02597235624609,-84.46675643345164,20760.0,golfer,4,#ffe6cc,,,,,,,,
golfer_group_10,38.02607444268422,-84.46710488635118,20820.0,golfer,4,#ffe6cc,,,,,,,,
golfer_group_10,38.026176529122345,-84.46745333925074,20880.0,golfer,4,#ffe6cc,,,,,,,,
golfer_group_10,38.02627861556047,-84.4678017921503,20940.0,golfer,4,#ffe6cc,,,,,,,,
golfer_group_10,38.026391551516966,-84.46814347235242,21000.0,golfer,4,#ffe6cc,,,,,,,,
golfer_group_10,38.0265466275618,-84.46845884704874,21060.0,golfer,4,#ffe6cc,,,,,,,,
golfer_group_10,38.02670170360664,-84.46877422174504,21120.0,golfer,4,#00b894,,,,,,,,
golfer_group_10,38.02685677965148,-84.46908959644135,21180.0,golfer,4,#00b894,,,,,,,,
golfer_group_10,38.027011855696315,-84.46940497113766,21240.0,golfer,4,#00b894,,,,,,,,
golfer_group_10,38.027202562026105,-84.46967624119414,21300.0,golfer,4,#00b894,,,,,,,,
golfer_group_10,38.027447,-84.469881,21360.0,golfer,1,#00b894,,,,,,,,
golfer_group_11,38.027447,-84.469881,7500.0,golfer,1,#007cbf,,,,,,,,
golfer_group_11,38.02754627606764,-84.46962578282717,7560.0,golfer,1,#007cbf,,,,,,,,
golfer_group_11,38.02744283462056,-84.4692779685763,7620.0,golfer,1,#007cbf,,,,,,,,
golfer_group_11,38.02733939317348,-84.46893015432545,7680.0,golfer,1,#007cbf,,,,,,,,
golfer_group_11,38.0272359517264,-84.46858234007459,7740.0,golfer,1,#007cbf,,,,,,,,
golfer_group_11,38.027132510279316,-84.46823452582373,7800.0,golfer,1,#007cbf,,,,,,,,
golfer_group_11,38.027029068832235,-84.46788671157287,7860.0,golfer,1,#007cbf,,,,,,,,
golfer_group_11,38.026925627385154,-84.46753889732202,7920.0,golfer,1,#007cbf,,,,,,,,
golfer_group_11,38.02682218593807,-84.46719108307117,7980.0,golfer,1,#007cbf,,,,,,,,
golfer_group_11,38.026707885382585,-84.46684997010087,8040.0,golfer,1,#007cbf,,,,,,,,
golfer_group_11,38.0265563489919,-84.46653183579225,8100.0,golfer,1,#007cbf,,,,,,,,
golfer_group_11,38.02640481260122,-84.46621370148365,8160.0,golfer,1,#007cbf,,,,,,,,
golfer_group_11,38.02625327621054,-84.46589556717504,8220.0,golfer,1,#007cbf,,,,,,,,
golfer_group_11,38.026097865476636,-84.4655806681031,8280.0,golfer,1,#007cbf,,,,,,,,
golfer_group_11,38.02592778516153,-84.46527801873756,8340.0,golfer,4,#007cbf,,,,,,,,
golfer_group_11,38.02575770484643,-84.46497536937204,8400.0,golfer,2,#007cbf,,,,,,,,
golfer_group_11,38.02580429978306,-84.46478189846547,8460.0,golfer,2,#007cbf,,,,,,,,
golfer_group_11,38.02609158193444,-84.46470970518055,8520.0,golfer,2,#007cbf,,,,,,,,
golfer_group_11,38.02637886408582,-84.46463751189565,8580.0,golfer,2,#007cbf,,,,,,,,
golfer_group_11,38.0266661462372,-84.46456531861072,8640.0,golfer,2,#007cbf,,,,,,,,
golfer_group_11,38.02695342838857,-84.4644931253258,8700.0,golfer,2,#007cbf,,,,,,,,
golfer_group_11,38.02723262500985,-84.46440936561527,8760.0,golfer,2,#007cbf,,,,,,,,
golfer_group_11,38.02732323296244,-84.46405582806928,8820.0,golfer,2,#007cbf,,,,,,,,
golfer_group_11,38.027413840915024,-84.46370229052329,8880.0,golfer,3,#007cbf,,,,,,,,
golfer_group_11,38.02755613921936,-84.46339199540722,8940.0,golfer,3,#007cbf,,,,,,,,
golfer_group_11,38.02777631020529,-84.46314684598785,9000.0,golfer,3,#007cbf,,,,,,,,
golfer_group_11,38.027996481191224,-84.4629016965685,9060.0,golfer,3,#007cbf,,,,,,,,
golfer_group_11,38.028216652177164,-84.46265654714912,9120.0,golfer,3,#007cbf,,,,,,,,
golfer_group_11,38.0284368231631,-84.46241139772975,9180.0,golfer,3,#007cbf,,,,,,,,
golfer_group_11,38.02865699414903,-84.4621662483104,9240.0,golfer,3,#007cbf,,,,,,,,
golfer_group_11,38.02887716513497,-84.46192109889103,9300.0,golfer,3,#007cbf,,,,,,,,
golfer_group_11,38.029097336120905,-84.46167594947165,9360.0,golfer,3,#007cbf,,,,,,,,
golfer_group_11,38.02932048603734,-84.46143527844885,9420.0,golfer,3,#007cbf,,,,,,,,
golfer_group_11,38.02954781666501,-84.4612008925283,9480.0,golfer,3,#007cbf,,,,,,,,
golfer_group_11,38.029775147292675,-84.46096650660775,9540.0,golfer,3,#007cbf,,,,,,,,
golfer_group_11,38.03000247792034,-84.46073212068718,9600.0,golfer,3,#007cbf,,,,,,,,
golfer_group_11,38.03022980854801,-84.46049773476663,9660.0,golfer,3,#007cbf,,,,,,,,
golfer_group_11,38.03028198771919,-84.46029007968264,9720.0,golfer,3,#007cbf,,,,,,,,
golfer_group_11,38.030017377451664,-84.46013077159431,9780.0,golfer,4,#007cbf,,,,,,,,
golfer_group_11,38.02974997117584,-84.46003134117494,9840.0,golfer,4,#007cbf,,,,,,,,
golfer_group_11,38.029472388508275,-84.46014984237516,9900.0,golfer,4,#007cbf,,,,,,,,
golfer_group_11,38.02919480584071,-84.46026834357538,9960.0,golfer,4,#007cbf,,,,,,,,
golfer_group_11,38.02891722317315,-84.46038684477558,10020.0,golfer,4,#007cbf,,,,,,,,
golfer_group_11,38.02863964050559,-84.4605053459758,10080.0,golfer,4,#007cbf,,,,,,,,
golfer_group_11,38.02846819932939,-84.46074999771898,10140.0,golfer,4,#007cbf,,,,,,,,
golfer_group_11,38.028356651102726,-84.46108459413088,10200.0,golfer,4,#007cbf,,,,,,,,
golfer_group_11,38.028163251425084,-84.46136377382878,10260.0,golfer,4,#007cbf,,,,,,,,
golfer_group_11,38.02796985174745,-84.46164295352668,10320.0,golfer,4,#007cbf,,,,,,,,
golfer_group_11,38.02777645206981,-84.46192213322458,10380.0,golfer,4,#007cbf,,,,,,,,
golfer_group_11,38.027583052392174,-84.46220131292247,10440.0,golfer,4,#007cbf,,,,,,,,
golfer_group_11,38.02739313138997,-84.4624841808364,10500.0,golfer,4,#007cbf,,,,,,,,
golfer_group_11,38.02721114487077,-84.46277546117278,10560.0,golfer,4,#007cbf,,,,,,,,
golfer_group_11,38.02702915835156,-84.46306674150915,10620.0,golfer,4,#007cbf,,,,,,,,
golfer_group_11,38.02684717183235,-84.46335802184554,10680.0,golfer,4,#007cbf,,,,,,,,
golfer_group_11,38.027030664719845,-84.46345337202217,10740.0,golfer,4,#007cbf,,,,,,,,
golfer_group_11,38.02732202605173,-84.46349089491457,10800.0,golfer,3,#007cbf,,,,,,,,
golfer_group_11,38.02761338738361,-84.46352841780696,10860.0,golfer,3,#007cbf,,,,,,,,
golfer_group_11,38.02787761975422,-84.46365295047241,10920.0,golfer,4,#007cbf,,,,,,,,
golfer_group_11,38.02811027773896,-84.46387875056652,10980.0,golfer,4,#007cbf,,,,,,,,
golfer_group_11,38.02834293572369,-84.46410455066062,11040.0,golfer,4,#007cbf,,,,,,,,
golfer_group_11,38.028575593708425,-84.46433035075472,11100.0,golfer,4,#007cbf,,,,,,,,
golfer_group_11,38.028808251693164,-84.46455615084882,11160.0,golfer,4,#007cbf,,,,,,,,
golfer_group_11,38.029040909677896,-84.46478195094294,11220.0,golfer,4,#007cbf,,,,,,,,
golfer_group_11,38.02927356766263,-84.46500775103704,11280.0,golfer,4,#007cbf,,,,,,,,
golfer_group_11,38.02950622564737,-84.46523355113113,11340.0,golfer,4,#007cbf,,,,,,,,
golfer_group_11,38.02975350361947,-84.4654282954189,11400.0,golfer,4,#007cbf,,,,,,,,
golfer_group_11,38.030020352724144,-84.46558146666777,11460.0,golfer,4,#007cbf,,,,,,,,
golfer_group_11,38.03028720182882,-84.46573463791665,11520.0,golfer,4,#007cbf,,,,,,,,
golfer_group_11,38.030554050933496,-84.46588780916554,11580.0,golfer,4,#007cbf,,,,,,,,
golfer_group_11,38.0308144451061,-84.46601508231271,11640.0,golfer,4,#007cbf,,,,,,,,
golfer_group_11,38.03096331555731,-84.46569490649415,11700.0,golfer,4,#007cbf,,,,,,,,
golfer_group_11,38.03100160851583,-84.46532942233877,11760.0,golfer,4,#007cbf,,,,,,,,
golfer_group_11,38.03102825601745,-84.4649591665407,11820.0,golfer,4,#007cbf,,,,,,,,
golfer_group_11,38.03105490351906,-84.46458891074262,11880.0,golfer,4,#007cbf,,,,,,,,
golfer_group_11,38.031081551020684,-84.46421865494455,11940.0,golfer,4,#007cbf,,,,,,,,
golfer_group_11,38.031108198522304,-84.46384839914647,12000.0,golfer,4,#007cbf,,,,,,,,
golfer_group_11,38.03113484602392,-84.4634781433484,12060.0,golfer,4,#007cbf,,,,,,,,
golfer_group_11,38.03116149352554,-84.46310788755032,12120.0,golfer,4,#007cbf,,,,,,,,
golfer_group_11,38.031127268705696,-84.46274982308951,12180.0,golfer,4,#007cbf,,,,,,,,
golfer_group_11,38.031012137391194,-84.4624079623538,12240.0,golfer,4,#007cbf,,,,,,,,
golfer_group_11,38.03089700607669,-84.46206610161808,12300.0,golfer,4,#007cbf,,,,,,,,
golfer_group_11,38.0307818747622,-84.46172424088235,12360.0,golfer,4,#007cbf,,,,,,,,
golfer_group_11,38.030666743447696,-84.46138238014663,12420.0,golfer,4,#007cbf,,,,,,,,
golfer_group_11,38.030551612133195,-84.46104051941091,12480.0,golfer,4,#007cbf,,,,,,,,
golfer_group_11,38.03081531898336,-84.46091137688049,12540.0,golfer,4,#007cbf,,,,,,,,
golfer_group_11,38.0310279411826,-84.46098091912485,12600.0,golfer,4,#007cbf,,,,,,,,
golfer_group_11,38.03115090321037,-84.46131835889211,12660.0,golfer,4,#007cbf,,,,,,,,
golfer_group_11,38.031273865238134,-84.46165579865938,12720.0,golfer,4,#007cbf,,,,,,,,
golfer_group_11,38.03139682726591,-84.46199323842663,12780.0,golfer,4,#007cbf,,,,,,,,
golfer_group_11,38.031519789293675,-84.4623306781939,12840.0,golfer,4,#007cbf,,,,,,,,
golfer_group_11,38.03164275132144,-84.46266811796116,12900.0,golfer,4,#007cbf,,,,,,,,
golfer_group_11,38.03176571334921,-84.46300555772842,12960.0,golfer,4,#007cbf,,,,,,,,
golfer_group_11,38.031888675376976,-84.46334299749569,13020.0,golfer,4,#007cbf,,,,,,,,
golfer_group_11,38.031909837946635,-84.46368872876327,13080.0,golfer,4,#007cbf,,,,,,,,
golfer_group_11,38.03182184589159,-84.46404335060477,13140.0,golfer,4,#007cbf,,,,,,,,
golfer_group_11,38.03173385383655,-84.46439797244628,13200.0,golfer,4,#007cbf,,,,,,,,
golfer_group_11,38.031645861781506,-84.46475259428779,13260.0,golfer,4,#007cbf,,,,,,,,
golfer_group_11,38.03155786972646,-84.46510721612928,13320.0,golfer,4,#007cbf,,,,,,,,
golfer_group_11,38.03146987767142,-84.46546183797079,13380.0,golfer,4,#007cbf,,,,,,,,
golfer_group_11,38.03131864912918,-84.46576966145622,13440.0,golfer,4,#007cbf,,,,,,,,
golfer_group_11,38.0311189562348,-84.46604161874937,13500.0,golfer,4,#007cbf,,,,,,,,
golfer_group_11,38.030919263340415,-84.46631357604252,13560.0,golfer,4,#007cbf,,,,,,,,
golfer_group_11,38.030718115722834,-84.46658350967269,13620.0,golfer,4,#007cbf,,,,,,,,
golfer_group_11,38.0304866033238,-84.46681120290668,13680.0,golfer,4,#007cbf,,,,,,,,
golfer_group_11,38.030255090924776,-84.46703889614066,13740.0,golfer,4,#007cbf,,,,,,,,
golfer_group_11,38.03002357852575,-84.46726658937465,13800.0,golfer,4,#007cbf,,,,,,,,
golfer_group_11,38.02979206612672,-84.46749428260863,13860.0,golfer,4,#007cbf,,,,,,,,
golfer_group_11,38.02956055372769,-84.46772197584261,13920.0,golfer,4,#007cbf,,,,,,,,
golfer_group_11,38.02932904132866,-84.4679496690766,13980.0,golfer,4,#007cbf,,,,,,,,
golfer_group_11,38.02909752892963,-84.46817736231058,14040.0,golfer,4,#007cbf,,,,,,,,
golfer_group_11,38.0288660165306,-84.46840505554457,14100.0,golfer,4,#007cbf,,,,,,,,
golfer_group_11,38.02869804015225,-84.46870681462924,14160.0,golfer,4,#007cbf,,,,,,,,
golfer_group_11,38.028539024924726,-84.46901901999702,14220.0,golfer,4,#007cbf,,,,,,,,
golfer_group_11,38.0283800096972,-84.46933122536481,14280.0,golfer,4,#007cbf,,,,,,,,
golfer_group_11,38.028129065075696,-84.46949162304078,14340.0,golfer,4,#007cbf,,,,,,,,
golfer_group_11,38.02785052807789,-84.46960645602002,14400.0,golfer,1,#007cbf,,,,,,,,
golfer_group_11,38.027571991080094,-84.46972128899925,14460.0,golfer,1,#007cbf,,,,,,,,
golfer_group_11,38.02729345408229,-84.4698361219785,14520.0,golfer,4,#007cbf,,,,,,,,
golfer_group_11,38.027014917084486,-84.46995095495774,14580.0,golfer,4,#007cbf,,,,,,,,
golfer_group_11,38.02677219339408,-84.46990690842384,14640.0,golfer,4,#007cbf,,,,,,,,
golfer_group_11,38.026583670283,-84.46962241044099,14700.0,golfer,4,#007cbf,,,,,,,,
golfer_group_11,38.02639514717193,-84.46933791245814,14760.0,golfer,4,#007cbf,,,,,,,,
golfer_group_11,38.026206624060855,-84.4690534144753,14820.0,golfer,4,#007cbf,,,,,,,,
golfer_group_11,38.02601810094978,-84.46876891649245,14880.0,golfer,4,#007cbf,,,,,,,,
golfer_group_11,38.0258295778387,-84.4684844185096,14940.0,golfer,4,#007cbf,,,,,,,,
golfer_group_11,38.02564105472762,-84.46819992052676,15000.0,golfer,4,#007cbf,,,,,,,,
golfer_group_11,38.02539873776804,-84.4680332578427,15060.0,golfer,4,#007cbf,,,,,,,,
golfer_group_11,38.02511056304286,-84.46796704648648,15120.0,golfer,4,#007cbf,,,,,,,,
golfer_group_11,38.02482238831767,-84.46790083513027,15180.0,golfer,4,#007cbf,,,,,,,,
golfer_group_11,38.02466098715723,-84.46791926274804,15240.0,golfer,4,#007cbf,,,,,,,,
golfer_group_11,38.0248672597656,-84.46818316370741,15300.0,golfer,4,#007cbf,,,,,,,,
golfer_group_11,38.025073532373966,-84.46844706466678,15360.0,golfer,4,#007cbf,,,,,,,,
golfer_group_11,38.02498232223591,-84.46858500193528,15420.0,golfer,4,#007cbf,,,,,,,,
golfer_group_11,38.024692555469876,-84.46863886398934,15480.0,golfer,4,#007cbf,,,,,,,,
golfer_group_11,38.02440278870384,-84.4686927260434,15540.0,golfer,4,#007cbf,,,,,,,,
golfer_group_11,38.0241130219378,-84.46874658809746,15600.0,golfer,4,#007cbf,,,,,,,,
golfer_group_11,38.02382325517176,-84.46880045015152,15660.0,golfer,4,#007cbf,,,,,,,,
golfer_group_11,38.023533488405725,-84.46885431220558,15720.0,golfer,4,#007cbf,,,,,,,,
golfer_group_11,38.02325287292604,-84.46895459002404,15780.0,golfer,4,#007cbf,,,,,,,,
golfer_group_11,38.023120094224296,-84.46908677293466,15840.0,golfer,4,#007cbf,,,,,,,,
golfer_group_11,38.02338797984743,-84.46923698741324,15900.0,golfer,4,#007cbf,,,,,,,,
golfer_group_11,38.02365586547056,-84.46938720189182,15960.0,golfer,4,#007cbf,,,,,,,,
golfer_group_11,38.02392375109368,-84.4695374163704,16020.0,golfer,4,#007cbf,,,,,,,,
golfer_group_11,38.024191636716814,-84.46968763084898,16080.0,golfer,4,#007cbf,,,,,,,,
golfer_group_11,38.024459522339946,-84.46983784532756,16140.0,golfer,4,#007cbf,,,,,,,,
golfer_group_11,38.02472740796308,-84.46998805980614,16200.0,golfer,4,#007cbf,,,,,,,,
golfer_group_11,38.0249952935862,-84.47013827428472,16260.0,golfer,4,#007cbf,,,,,,,,
golfer_group_11,38.02526317920933,-84.4702884887633,16320.0,golfer,4,#007cbf,,,,,,,,
golfer_group_11,38.02549053793203,-84.47051685206469,16380.0,golfer,4,#007cbf,,,,,,,,
golfer_group_11,38.02570511747455,-84.47076985771169,16440.0,golfer,4,#007cbf,,,,,,,,
golfer_group_11,38.025919697017066,-84.4710228633587,16500.0,golfer,4,#007cbf,,,,,,,,
golfer_group_11,38.02613427655959,-84.4712758690057,16560.0,golfer,4,#007cbf,,,,,,,,
golfer_group_11,38.02634885610211,-84.4715288746527,16620.0,golfer,4,#007cbf,,,,,,,,
golfer_group_11,38.026563435644626,-84.4717818802997,16680.0,golfer,4,#007cbf,,,,,,,,
golfer_group_11,38.02678243981026,-84.47202860408251,16740.0,golfer,4,#007cbf,,,,,,,,
golfer_group_11,38.02668611647238,-84.47218057293104,16800.0,golfer,4,#007cbf,,,,,,,,
golfer_group_11,38.02640386024167,-84.4722796932027,16860.0,golfer,4,#007cbf,,,,,,,,
golfer_group_11,38.02612160401096,-84.47237881347434,16920.0,golfer,4,#007cbf,,,,,,,,
golfer_group_11,38.02583934778024,-84.47247793374599,16980.0,golfer,4,#007cbf,,,,,,,,
golfer_group_11,38.02555709154953,-84.47257705401765,17040.0,golfer,4,#007cbf,,,,,,,,
golfer_group_11,38.025278899056985,-84.47258808504574,17100.0,golfer,4,#007cbf,,,,,,,,
golfer_group_11,38.02505413568005,-84.47238241246707,17160.0,golfer,4,#007cbf,,,,,,,,
golfer_group_11,38.02491621232278,-84.47205445775451,17220.0,golfer,4,#007cbf,,,,,,,,
golfer_group_11,38.02477828896551,-84.47172650304194,17280.0,golfer,4,#007cbf,,,,,,,,
golfer_group_11,38.024640365608235,-84.47139854832938,17340.0,golfer,4,#007cbf,,,,,,,,
golfer_group_11,38.02450244225096,-84.4710705936168,17400.0,golfer,4,#007cbf,,,,,,,,
golfer_group_11,38.02436451889369,-84.47074263890424,17460.0,golfer,4,#007cbf,,,,,,,,
golfer_group_11,38.02422659553642,-84.47041468419167,17520.0,golfer,4,#007cbf,,,,,,,,
golfer_group_11,38.02408867217915,-84.4700867294791,17580.0,golfer,4,#007cbf,,,,,,,,
golfer_group_11,38.023830177494666,-84.46991493651929,17640.0,golfer,4,#007cbf,,,,,,,,
golfer_group_11,38.02356911857893,-84.46974646470437,17700.0,golfer,4,#007cbf,,,,,,,,
golfer_group_11,38.0233080596632,-84.46957799288944,17760.0,golfer,4,#007cbf,,,,,,,,
golfer_group_11,38.02304700074746,-84.46940952107451,17820.0,golfer,4,#007cbf,,,,,,,,
golfer_group_11,38.0227847606833,-84.46924457405959,17880.0,golfer,4,#007cbf,,,,,,,,
golfer_group_11,38.02250809559787,-84.46912267439926,17940.0,golfer,4,#007cbf,,,,,,,,
golfer_group_11,38.022527943550884,-84.46893235209967,18000.0,golfer,4,#007cbf,,,,,,,,
golfer_group_11,38.02275311404551,-84.46869465006165,18060.0,golfer,4,#007cbf,,,,,,,,
golfer_group_11,38.02297828454014,-84.46845694802364,18120.0,golfer,4,#007cbf,,,,,,,,
golfer_group_11,38.02320345503476,-84.46821924598564,18180.0,golfer,4,#007cbf,,,,,,,,
golfer_group_11,38.023428625529384,-84.46798154394763,18240.0,golfer,4,#007cbf,,,,,,,,
golfer_group_11,38.02365379602401,-84.46774384190961,18300.0,golfer,4,#007cbf,,,,,,,,
golfer_group_11,38.02387896651864,-84.4675061398716,18360.0,golfer,4,#007cbf,,,,,,,,
golfer_group_11,38.02410413701326,-84.4672684378336,18420.0,golfer,4,#007cbf,,,,,,,,
golfer_group_11,38.024329307507884,-84.46703073579559,18480.0,golfer,4,#007cbf,,,,,,,,
golfer_group_11,38.024516630016976,-84.46674714202182,18540.0,golfer,4,#007cbf,,,,,,,,
golfer_group_11,38.02469334505099,-84.4664506863893,18600.0,golfer,4,#007cbf,,,,,,,,
golfer_group_11,38.02487006008501,-84.46615423075679,18660.0,golfer,4,#007cbf,,,,,,,,
golfer_group_11,38.02504677511902,-84.46585777512426,18720.0,golfer,4,#007cbf,,,,,,,,
golfer_group_11,38.02525798622544,-84.46562593134438,18780.0,golfer,4,#007cbf,,,,,,,,
golfer_group_11,38.025540368765746,-84.46552739312297,18840.0,golfer,4,#007cbf,,,,,,,,
golfer_group_11,38.02582275130605,-84.46542885490156,18900.0,golfer,4,#007cbf,,,,,,,,
golfer_group_11,38.02610513384636,-84.46533031668015,18960.0,golfer,4,#007cbf,,,,,,,,
golfer_group_11,38.02637936666449,-84.46537020680762,19020.0,golfer,4,#007cbf,,,,,,,,
golfer_group_11,38.02664707383,-84.4655209394031,19080.0,golfer,4,#007cbf,,,,,,,,
golfer_group_11,38.026914780995504,-84.46567167199859,19140.0,golfer,4,#007cbf,,,,,,,,
golfer_group_11,38.02718248816101,-84.46582240459409,19200.0,golfer,4,#007cbf,,,,,,,,
golfer_group_11,38.027450195326516,-84.46597313718958,19260.0,golfer,4,#007cbf,,,,,,,,
golfer_group_11,38.02771790249202,-84.46612386978506,19320.0,golfer,4,#007cbf,,,,,,,,
golfer_group_11,38.027985609657534,-84.46627460238055,19380.0,golfer,4,#007cbf,,,,,,,,
golfer_group_11,38.02825331682304,-84.46642533497604,19440.0,golfer,4,#007cbf,,,,,,,,
golfer_group_11,38.02854411583699,-84.46643446747252,19500.0,golfer,4,#007cbf,,,,,,,,
golfer_group_11,38.02883696025459,-84.46643105747557,19560.0,golfer,4,#007cbf,,,,,,,,
golfer_group_11,38.02912980467218,-84.46642764747862,19620.0,golfer,4,#007cbf,,,,,,,,
golfer_group_11,38.029422649089774,-84.46642423748168,19680.0,golfer,4,#007cbf,,,,,,,,
golfer_group_11,38.029714660100595,-84.46640554510962,19740.0,golfer,4,#007cbf,,,,,,,,
golfer_group_11,38.03000508074206,-84.46635768976212,19800.0,golfer,4,#007cbf,,,,,,,,
golfer_group_11,38.03029550138352,-84.46630983441462,19860.0,golfer,4,#007cbf,,,,,,,,
golfer_group_11,38.03034421537664,-84.46623396436489,19920.0,golfer,4,#007cbf,,,,,,,,
golfer_group_11,38.0300654222068,-84.4661201350132,19980.0,golfer,4,#007cbf,,,,,,,,
golfer_group_11,38.02978662903697,-84.46600630566151,20040.0,golfer,4,#007cbf,,,,,,,,
golfer_group_11,38.02950783586713,-84.46589247630982,20100.0,golfer,4,#007cbf,,,,,,,,
golfer_group_11,38.029229042697295,-84.46577864695813,20160.0,golfer,4,#007cbf,,,,,,,,
golfer_group_11,38.02895024952746,-84.46566481760644,20220.0,golfer,4,#007cbf,,,,,,,,
golfer_group_11,38.02867145635763,-84.46555098825475,20280.0,golfer,4,#007cbf,,,,,,,,
golfer_group_11,38.02839266318779,-84.46543715890306,20340.0,golfer,4,#007cbf,,,,,,,,
golfer_group_11,38.02811294382565,-84.46532834232956,20400.0,golfer,4,#007cbf,,,,,,,,
golfer_group_11,38.02782336017175,-84.46527291370359,20460.0,golfer,4,#007cbf,,,,,,,,
golfer_group_11,38.02753377651786,-84.46521748507763,20520.0,golfer,4,#007cbf,,,,,,,,
golfer_group_11,38.027244192863975,-84.46516205645167,20580.0,golfer,4,#007cbf,,,,,,,,
golfer_group_11,38.02695460921009,-84.46510662782572,20640.0,golfer,4,#007cbf,,,,,,,,
golfer_group_11,38.02666502555619,-84.46505119919976,20700.0,golfer,4,#007cbf,,,,,,,,
golfer_group_11,38.02637326063661,-84.4650346343973,20760.0,golfer,4,#007cbf,,,,,,,,
golfer_group_11,38.02608041188864,-84.46503738027086,20820.0,golfer,4,#007cbf,,,,,,,,
golfer_group_11,38.025787563140675,-84.46504012614442,20880.0,golfer,2,#007cbf,,,,,,,,
golfer_group_11,38.025494714392714,-84.46504287201797,20940.0,golfer,4,#007cbf,,,,,,,,
golfer_group_11,38.02556401049359,-84.4653626218534,21000.0,golfer,4,#007cbf,,,,,,,,
golfer_group_11,38.025666096931715,-84.46571107475296,21060.0,golfer,4,#007cbf,,,,,,,,
golfer_group_11,38.02576818336984,-84.46605952765252,21120.0,golfer,4,#007cbf,,,,,,,,
golfer_group_11,38.02587026980797,-84.46640798055208,21180.0,golfer,4,#007cbf,,,,,,,,
golfer_group_11,38.02597235624609,-84.46675643345164,21240.0,golfer,4,#007cbf,,,,,,,,
golfer_group_11,38.02607444268422,-84.46710488635118,21300.0,golfer,4,#007cbf,,,,,,,,
golfer_group_11,38.026176529122345,-84.46745333925074,21360.0,golfer,4,#007cbf,,,,,,,,
golfer_group_11,38.02627861556047,-84.4678017921503,21420.0,golfer,4,#007cbf,,,,,,,,
golfer_group_11,38.026391551516966,-84.46814347235242,21480.0,golfer,4,#007cbf,,,,,,,,
golfer_group_11,38.0265466275618,-84.46845884704874,21540.0,golfer,4,#007cbf,,,,,,,,
golfer_group_11,38.02670170360664,-84.46877422174504,21600.0,golfer,4,#007cbf,,,,,,,,
golfer_group_11,38.02685677965148,-84.46908959644135,21660.0,golfer,4,#007cbf,,,,,,,,
golfer_group_11,38.027011855696315,-84.46940497113766,21720.0,golfer,4,#007cbf,,,,,,,,
golfer_group_11,38.027202562026105,-84.46967624119414,21780.0,golfer,4,#007cbf,,,,,,,,
golfer_group_11,38.027447,-84.469881,21840.0,golfer,1,#007cbf,,,,,,,,
golfer_group_12,38.027447,-84.469881,7980.0,golfer,1,#007cbf,,,,,,,,
golfer_group_12,38.02754627606764,-84.46962578282717,8040.0,golfer,1,#007cbf,,,,,,,,
golfer_group_12,38.02744283462056,-84.4692779685763,8100.0,golfer,1,#007cbf,,,,,,,,
golfer_group_12,38.02733939317348,-84.46893015432545,8160.0,golfer,1,#007cbf,,,,,,,,
golfer_group_12,38.0272359517264,-84.46858234007459,8220.0,golfer,1,#007cbf,,,,,,,,
golfer_group_12,38.027132510279316,-84.46823452582373,8280.0,golfer,1,#007cbf,,,,,,,,
golfer_group_12,38.027029068832235,-84.46788671157287,8340.0,golfer,1,#007cbf,,,,,,,,
golfer_group_12,38.026925627385154,-84.46753889732202,8400.0,golfer,1,#007cbf,,,,,,,,
golfer_group_12,38.02682218593807,-84.46719108307117,8460.0,golfer,1,#007cbf,,,,,,,,
golfer_group_12,38.026707885382585,-84.46684997010087,8520.0,golfer,1,#007cbf,,,,,,,,
golfer_group_12,38.0265563489919,-84.46653183579225,8580.0,golfer,1,#007cbf,,,,,,,,
golfer_group_12,38.02640481260122,-84.46621370148365,8640.0,golfer,1,#007cbf,,,,,,,,
golfer_group_12,38.02625327621054,-84.46589556717504,8700.0,golfer,1,#007cbf,,,,,,,,
golfer_group_12,38.026097865476636,-84.4655806681031,8760.0,golfer,1,#007cbf,,,,,,,,
golfer_group_12,38.02592778516153,-84.46527801873756,8820.0,golfer,4,#007cbf,,,,,,,,
golfer_group_12,38.02575770484643,-84.46497536937204,8880.0,golfer,2,#007cbf,,,,,,,,
golfer_group_12,38.02580429978306,-84.46478189846547,8940.0,golfer,2,#007cbf,,,,,,,,
golfer_group_12,38.02609158193444,-84.46470970518055,9000.0,golfer,2,#007cbf,,,,,,,,
golfer_group_12,38.02637886408582,-84.46463751189565,9060.0,golfer,2,#007cbf,,,,,,,,
golfer_group_12,38.0266661462372,-84.46456531861072,9120.0,golfer,2,#007cbf,,,,,,,,
golfer_group_12,38.02695342838857,-84.4644931253258,9180.0,golfer,2,#007cbf,,,,,,,,
golfer_group_12,38.02723262500985,-84.46440936561527,9240.0,golfer,2,#007cbf,,,,,,,,
golfer_group_12,38.02732323296244,-84.46405582806928,9300.0,golfer,2,#007cbf,,,,,,,,
golfer_group_12,38.027413840915024,-84.46370229052329,9360.0,golfer,3,#007cbf,,,,,,,,
golfer_group_12,38.02755613921936,-84.46339199540722,9420.0,golfer,3,#007cbf,,,,,,,,
golfer_group_12,38.02777631020529,-84.46314684598785,9480.0,golfer,3,#007cbf,,,,,,,,
golfer_group_12,38.027996481191224,-84.4629016965685,9540.0,golfer,3,#007cbf,,,,,,,,
golfer_group_12,38.028216652177164,-84.46265654714912,9600.0,golfer,3,#007cbf,,,,,,,,
golfer_group_12,38.0284368231631,-84.46241139772975,9660.0,golfer,3,#007cbf,,,,,,,,
golfer_group_12,38.02865699414903,-84.4621662483104,9720.0,golfer,3,#007cbf,,,,,,,,
golfer_group_12,38.02887716513497,-84.46192109889103,9780.0,golfer,3,#007cbf,,,,,,,,
golfer_group_12,38.029097336120905,-84.46167594947165,9840.0,golfer,3,#007cbf,,,,,,,,
golfer_group_12,38.02932048603734,-84.46143527844885,9900.0,golfer,3,#007cbf,,,,,,,,
golfer_group_12,38.02954781666501,-84.4612008925283,9960.0,golfer,3,#007cbf,,,,,,,,
golfer_group_12,38.029775147292675,-84.46096650660775,10020.0,golfer,3,#007cbf,,,,,,,,
golfer_group_12,38.03000247792034,-84.46073212068718,10080.0,golfer,3,#007cbf,,,,,,,,
golfer_group_12,38.03022980854801,-84.46049773476663,10140.0,golfer,3,#007cbf,,,,,,,,
golfer_group_12,38.03028198771919,-84.46029007968264,10200.0,golfer,3,#007cbf,,,,,,,,
golfer_group_12,38.030017377451664,-84.46013077159431,10260.0,golfer,4,#007cbf,,,,,,,,
golfer_group_12,38.02974997117584,-84.46003134117494,10320.0,golfer,4,#007cbf,,,,,,,,
golfer_group_12,38.029472388508275,-84.46014984237516,10380.0,golfer,4,#007cbf,,,,,,,,
golfer_group_12,38.02919480584071,-84.46026834357538,10440.0,golfer,4,#007cbf,,,,,,,,
golfer_group_12,38.02891722317315,-84.46038684477558,10500.0,golfer,4,#007cbf,,,,,,,,
golfer_group_12,38.02863964050559,-84.4605053459758,10560.0,golfer,4,#007cbf,,,,,,,,
golfer_group_12,38.02846819932939,-84.46074999771898,10620.0,golfer,4,#007cbf,,,,,,,,
golfer_group_12,38.028356651102726,-84.46108459413088,10680.0,golfer,4,#007cbf,,,,,,,,
golfer_group_12,38.028163251425084,-84.46136377382878,10740.0,golfer,4,#007cbf,,,,,,,,
golfer_group_12,38.02796985174745,-84.46164295352668,10800.0,golfer,4,#007cbf,,,,,,,,
golfer_group_12,38.02777645206981,-84.46192213322458,10860.0,golfer,4,#007cbf,,,,,,,,
golfer_group_12,38.027583052392174,-84.46220131292247,10920.0,golfer,4,#007cbf,,,,,,,,
golfer_group_12,38.02739313138997,-84.4624841808364,10980.0,golfer,4,#007cbf,,,,,,,,
golfer_group_12,38.02721114487077,-84.46277546117278,11040.0,golfer,4,#007cbf,,,,,,,,
golfer_group_12,38.02702915835156,-84.46306674150915,11100.0,golfer,4,#007cbf,,,,,,,,
golfer_group_12,38.02684717183235,-84.46335802184554,11160.0,golfer,4,#007cbf,,,,,,,,
golfer_group_12,38.027030664719845,-84.46345337202217,11220.0,golfer,4,#007cbf,,,,,,,,
golfer_group_12,38.02732202605173,-84.46349089491457,11280.0,golfer,3,#007cbf,,,,,,,,
golfer_group_12,38.02761338738361,-84.46352841780696,11340.0,golfer,3,#007cbf,,,,,,,,
golfer_group_12,38.02787761975422,-84.46365295047241,11400.0,golfer,4,#007cbf,,,,,,,,
golfer_group_12,38.02811027773896,-84.46387875056652,11460.0,golfer,4,#007cbf,,,,,,,,
golfer_group_12,38.02834293572369,-84.46410455066062,11520.0,golfer,4,#007cbf,,,,,,,,
golfer_group_12,38.028575593708425,-84.46433035075472,11580.0,golfer,4,#007cbf,,,,,,,,
golfer_group_12,38.028808251693164,-84.46455615084882,11640.0,golfer,4,#007cbf,,,,,,,,
golfer_group_12,38.029040909677896,-84.46478195094294,11700.0,golfer,4,#007cbf,,,,,,,,
golfer_group_12,38.02927356766263,-84.46500775103704,11760.0,golfer,4,#007cbf,,,,,,,,
golfer_group_12,38.02950622564737,-84.46523355113113,11820.0,golfer,4,#007cbf,,,,,,,,
golfer_group_12,38.02975350361947,-84.4654282954189,11880.0,golfer,4,#007cbf,,,,,,,,
golfer_group_12,38.030020352724144,-84.46558146666777,11940.0,golfer,4,#007cbf,,,,,,,,
golfer_group_12,38.03028720182882,-84.46573463791665,12000.0,golfer,4,#007cbf,,,,,,,,
golfer_group_12,38.030554050933496,-84.46588780916554,12060.0,golfer,4,#007cbf,,,,,,,,
golfer_group_12,38.0308144451061,-84.46601508231271,12120.0,golfer,4,#007cbf,,,,,,,,
golfer_group_12,38.03096331555731,-84.46569490649415,12180.0,golfer,4,#007cbf,,,,,,,,
golfer_group_12,38.03100160851583,-84.46532942233877,12240.0,golfer,4,#007cbf,,,,,,,,
golfer_group_12,38.03102825601745,-84.4649591665407,12300.0,golfer,4,#007cbf,,,,,,,,
golfer_group_12,38.03105490351906,-84.46458891074262,12360.0,golfer,4,#007cbf,,,,,,,,
golfer_group_12,38.031081551020684,-84.46421865494455,12420.0,golfer,4,#007cbf,,,,,,,,
golfer_group_12,38.031108198522304,-84.46384839914647,12480.0,golfer,4,#007cbf,,,,,,,,
golfer_group_12,38.03113484602392,-84.4634781433484,12540.0,golfer,4,#007cbf,,,,,,,,
golfer_group_12,38.03116149352554,-84.46310788755032,12600.0,golfer,4,#007cbf,,,,,,,,
golfer_group_12,38.031127268705696,-84.46274982308951,12660.0,golfer,4,#007cbf,,,,,,,,
golfer_group_12,38.031012137391194,-84.4624079623538,12720.0,golfer,4,#007cbf,,,,,,,,
golfer_group_12,38.03089700607669,-84.46206610161808,12780.0,golfer,4,#007cbf,,,,,,,,
golfer_group_12,38.0307818747622,-84.46172424088235,12840.0,golfer,4,#007cbf,,,,,,,,
golfer_group_12,38.030666743447696,-84.46138238014663,12900.0,golfer,4,#007cbf,,,,,,,,
golfer_group_12,38.030551612133195,-84.46104051941091,12960.0,golfer,4,#007cbf,,,,,,,,
golfer_group_12,38.03081531898336,-84.46091137688049,13020.0,golfer,4,#007cbf,,,,,,,,
golfer_group_12,38.0310279411826,-84.46098091912485,13080.0,golfer,4,#007cbf,,,,,,,,
golfer_group_12,38.03115090321037,-84.46131835889211,13140.0,golfer,4,#007cbf,,,,,,,,
golfer_group_12,38.031273865238134,-84.46165579865938,13200.0,golfer,4,#007cbf,,,,,,,,
golfer_group_12,38.03139682726591,-84.46199323842663,13260.0,golfer,4,#007cbf,,,,,,,,
golfer_group_12,38.031519789293675,-84.4623306781939,13320.0,golfer,4,#007cbf,,,,,,,,
golfer_group_12,38.03164275132144,-84.46266811796116,13380.0,golfer,4,#007cbf,,,,,,,,
golfer_group_12,38.03176571334921,-84.46300555772842,13440.0,golfer,4,#007cbf,,,,,,,,
golfer_group_12,38.031888675376976,-84.46334299749569,13500.0,golfer,4,#007cbf,,,,,,,,
golfer_group_12,38.031909837946635,-84.46368872876327,13560.0,golfer,4,#007cbf,,,,,,,,
golfer_group_12,38.03182184589159,-84.46404335060477,13620.0,golfer,4,#007cbf,,,,,,,,
golfer_group_12,38.03173385383655,-84.46439797244628,13680.0,golfer,4,#007cbf,,,,,,,,
golfer_group_12,38.031645861781506,-84.46475259428779,13740.0,golfer,4,#007cbf,,,,,,,,
golfer_group_12,38.03155786972646,-84.46510721612928,13800.0,golfer,4,#007cbf,,,,,,,,
golfer_group_12,38.03146987767142,-84.46546183797079,13860.0,golfer,4,#007cbf,,,,,,,,
golfer_group_12,38.03131864912918,-84.46576966145622,13920.0,golfer,4,#007cbf,,,,,,,,
golfer_group_12,38.0311189562348,-84.46604161874937,13980.0,golfer,4,#007cbf,,,,,,,,
golfer_group_12,38.030919263340415,-84.46631357604252,14040.0,golfer,4,#007cbf,,,,,,,,
golfer_group_12,38.030718115722834,-84.46658350967269,14100.0,golfer,4,#007cbf,,,,,,,,
golfer_group_12,38.0304866033238,-84.46681120290668,14160.0,golfer,4,#007cbf,,,,,,,,
golfer_group_12,38.030255090924776,-84.46703889614066,14220.0,golfer,4,#007cbf,,,,,,,,
golfer_group_12,38.03002357852575,-84.46726658937465,14280.0,golfer,4,#007cbf,,,,,,,,
golfer_group_12,38.02979206612672,-84.46749428260863,14340.0,golfer,4,#007cbf,,,,,,,,
golfer_group_12,38.02956055372769,-84.46772197584261,14400.0,golfer,4,#007cbf,,,,,,,,
golfer_group_12,38.02932904132866,-84.4679496690766,14460.0,golfer,4,#007cbf,,,,,,,,
golfer_group_12,38.02909752892963,-84.46817736231058,14520.0,golfer,4,#007cbf,,,,,,,,
golfer_group_12,38.0288660165306,-84.46840505554457,14580.0,golfer,4,#007cbf,,,,,,,,
golfer_group_12,38.02869804015225,-84.46870681462924,14640.0,golfer,4,#007cbf,,,,,,,,
golfer_group_12,38.028539024924726,-84.46901901999702,14700.0,golfer,4,#007cbf,,,,,,,,
golfer_group_12,38.0283800096972,-84.46933122536481,14760.0,golfer,4,#007cbf,,,,,,,,
golfer_group_12,38.028129065075696,-84.46949162304078,14820.0,golfer,4,#007cbf,,,,,,,,
golfer_group_12,38.02785052807789,-84.46960645602002,14880.0,golfer,1,#007cbf,,,,,,,,
golfer_group_12,38.027571991080094,-84.46972128899925,14940.0,golfer,1,#007cbf,,,,,,,,
golfer_group_12,38.02729345408229,-84.4698361219785,15000.0,golfer,4,#007cbf,,,,,,,,
golfer_group_12,38.027014917084486,-84.46995095495774,15060.0,golfer,4,#007cbf,,,,,,,,
golfer_group_12,38.02677219339408,-84.46990690842384,15120.0,golfer,4,#007cbf,,,,,,,,
golfer_group_12,38.026583670283,-84.46962241044099,15180.0,golfer,4,#007cbf,,,,,,,,
golfer_group_12,38.02639514717193,-84.46933791245814,15240.0,golfer,4,#007cbf,,,,,,,,
golfer_group_12,38.026206624060855,-84.4690534144753,15300.0,golfer,4,#007cbf,,,,,,,,
golfer_group_12,38.02601810094978,-84.46876891649245,15360.0,golfer,4,#007cbf,,,,,,,,
golfer_group_12,38.0258295778387,-84.4684844185096,15420.0,golfer,4,#007cbf,,,,,,,,
golfer_group_12,38.02564105472762,-84.46819992052676,15480.0,golfer,4,#007cbf,,,,,,,,
golfer_group_12,38.02539873776804,-84.4680332578427,15540.0,golfer,4,#007cbf,,,,,,,,
golfer_group_12,38.02511056304286,-84.46796704648648,15600.0,golfer,4,#007cbf,,,,,,,,
golfer_group_12,38.02482238831767,-84.46790083513027,15660.0,golfer,4,#007cbf,,,,,,,,
golfer_group_12,38.02466098715723,-84.46791926274804,15720.0,golfer,4,#007cbf,,,,,,,,
golfer_group_12,38.0248672597656,-84.46818316370741,15780.0,golfer,4,#007cbf,,,,,,,,
golfer_group_12,38.025073532373966,-84.46844706466678,15840.0,golfer,4,#007cbf,,,,,,,,
golfer_group_12,38.02498232223591,-84.46858500193528,15900.0,golfer,4,#007cbf,,,,,,,,
golfer_group_12,38.024692555469876,-84.46863886398934,15960.0,golfer,4,#007cbf,,,,,,,,
golfer_group_12,38.02440278870384,-84.4686927260434,16020.0,golfer,4,#007cbf,,,,,,,,
golfer_group_12,38.0241130219378,-84.46874658809746,16080.0,golfer,4,#007cbf,,,,,,,,
golfer_group_12,38.02382325517176,-84.46880045015152,16140.0,golfer,4,#007cbf,,,,,,,,
golfer_group_12,38.023533488405725,-84.46885431220558,16200.0,golfer,4,#007cbf,,,,,,,,
golfer_group_12,38.02325287292604,-84.46895459002404,16260.0,golfer,4,#007cbf,,,,,,,,
golfer_group_12,38.023120094224296,-84.46908677293466,16320.0,golfer,4,#007cbf,,,,,,,,
golfer_group_12,38.02338797984743,-84.46923698741324,16380.0,golfer,4,#007cbf,,,,,,,,
golfer_group_12,38.02365586547056,-84.46938720189182,16440.0,golfer,4,#007cbf,,,,,,,,
golfer_group_12,38.02392375109368,-84.4695374163704,16500.0,golfer,4,#007cbf,,,,,,,,
golfer_group_12,38.024191636716814,-84.46968763084898,16560.0,golfer,4,#007cbf,,,,,,,,
golfer_group_12,38.024459522339946,-84.46983784532756,16620.0,golfer,4,#007cbf,,,,,,,,
golfer_group_12,38.02472740796308,-84.46998805980614,16680.0,golfer,4,#007cbf,,,,,,,,
golfer_group_12,38.0249952935862,-84.47013827428472,16740.0,golfer,4,#007cbf,,,,,,,,
golfer_group_12,38.02526317920933,-84.4702884887633,16800.0,golfer,4,#007cbf,,,,,,,,
golfer_group_12,38.02549053793203,-84.47051685206469,16860.0,golfer,4,#007cbf,,,,,,,,
golfer_group_12,38.02570511747455,-84.47076985771169,16920.0,golfer,4,#007cbf,,,,,,,,
golfer_group_12,38.025919697017066,-84.4710228633587,16980.0,golfer,4,#007cbf,,,,,,,,
golfer_group_12,38.02613427655959,-84.4712758690057,17040.0,golfer,4,#007cbf,,,,,,,,
golfer_group_12,38.02634885610211,-84.4715288746527,17100.0,golfer,4,#007cbf,,,,,,,,
golfer_group_12,38.026563435644626,-84.4717818802997,17160.0,golfer,4,#007cbf,,,,,,,,
golfer_group_12,38.02678243981026,-84.47202860408251,17220.0,golfer,4,#007cbf,,,,,,,,
golfer_group_12,38.02668611647238,-84.47218057293104,17280.0,golfer,4,#007cbf,,,,,,,,
golfer_group_12,38.02640386024167,-84.4722796932027,17340.0,golfer,4,#007cbf,,,,,,,,
golfer_group_12,38.02612160401096,-84.47237881347434,17400.0,golfer,4,#007cbf,,,,,,,,
golfer_group_12,38.02583934778024,-84.47247793374599,17460.0,golfer,4,#007cbf,,,,,,,,
golfer_group_12,38.02555709154953,-84.47257705401765,17520.0,golfer,4,#007cbf,,,,,,,,
golfer_group_12,38.025278899056985,-84.47258808504574,17580.0,golfer,4,#007cbf,,,,,,,,
golfer_group_12,38.02505413568005,-84.47238241246707,17640.0,golfer,4,#007cbf,,,,,,,,
golfer_group_12,38.02491621232278,-84.47205445775451,17700.0,golfer,4,#007cbf,,,,,,,,
golfer_group_12,38.02477828896551,-84.47172650304194,17760.0,golfer,4,#007cbf,,,,,,,,
golfer_group_12,38.024640365608235,-84.47139854832938,17820.0,golfer,4,#007cbf,,,,,,,,
golfer_group_12,38.02450244225096,-84.4710705936168,17880.0,golfer,4,#007cbf,,,,,,,,
golfer_group_12,38.02436451889369,-84.47074263890424,17940.0,golfer,4,#007cbf,,,,,,,,
golfer_group_12,38.02422659553642,-84.47041468419167,18000.0,golfer,4,#007cbf,,,,,,,,
golfer_group_12,38.02408867217915,-84.4700867294791,18060.0,golfer,4,#007cbf,,,,,,,,
golfer_group_12,38.023830177494666,-84.46991493651929,18120.0,golfer,4,#007cbf,,,,,,,,
golfer_group_12,38.02356911857893,-84.46974646470437,18180.0,golfer,4,#007cbf,,,,,,,,
golfer_group_12,38.0233080596632,-84.46957799288944,18240.0,golfer,4,#007cbf,,,,,,,,
golfer_group_12,38.02304700074746,-84.46940952107451,18300.0,golfer,4,#007cbf,,,,,,,,
golfer_group_12,38.0227847606833,-84.46924457405959,18360.0,golfer,4,#007cbf,,,,,,,,
golfer_group_12,38.02250809559787,-84.46912267439926,18420.0,golfer,4,#007cbf,,,,,,,,
golfer_group_12,38.022527943550884,-84.46893235209967,18480.0,golfer,4,#007cbf,,,,,,,,
golfer_group_12,38.02275311404551,-84.46869465006165,18540.0,golfer,4,#007cbf,,,,,,,,
golfer_group_12,38.02297828454014,-84.46845694802364,18600.0,golfer,4,#007cbf,,,,,,,,
golfer_group_12,38.02320345503476,-84.46821924598564,18660.0,golfer,4,#007cbf,,,,,,,,
golfer_group_12,38.023428625529384,-84.46798154394763,18720.0,golfer,4,#007cbf,,,,,,,,
golfer_group_12,38.02365379602401,-84.46774384190961,18780.0,golfer,4,#007cbf,,,,,,,,
golfer_group_12,38.02387896651864,-84.4675061398716,18840.0,golfer,4,#007cbf,,,,,,,,
golfer_group_12,38.02410413701326,-84.4672684378336,18900.0,golfer,4,#007cbf,,,,,,,,
golfer_group_12,38.024329307507884,-84.46703073579559,18960.0,golfer,4,#007cbf,,,,,,,,
golfer_group_12,38.024516630016976,-84.46674714202182,19020.0,golfer,4,#007cbf,,,,,,,,
golfer_group_12,38.02469334505099,-84.4664506863893,19080.0,golfer,4,#007cbf,,,,,,,,
golfer_group_12,38.02487006008501,-84.46615423075679,19140.0,golfer,4,#007cbf,,,,,,,,
golfer_group_12,38.02504677511902,-84.46585777512426,19200.0,golfer,4,#007cbf,,,,,,,,
golfer_group_12,38.02525798622544,-84.46562593134438,19260.0,golfer,4,#007cbf,,,,,,,,
golfer_group_12,38.025540368765746,-84.46552739312297,19320.0,golfer,4,#007cbf,,,,,,,,
golfer_group_12,38.02582275130605,-84.46542885490156,19380.0,golfer,4,#007cbf,,,,,,,,
golfer_group_12,38.02610513384636,-84.46533031668015,19440.0,golfer,4,#007cbf,,,,,,,,
golfer_group_12,38.02637936666449,-84.46537020680762,19500.0,golfer,4,#007cbf,,,,,,,,
golfer_group_12,38.02664707383,-84.4655209394031,19560.0,golfer,4,#007cbf,,,,,,,,
golfer_group_12,38.026914780995504,-84.46567167199859,19620.0,golfer,4,#007cbf,,,,,,,,
golfer_group_12,38.02718248816101,-84.46582240459409,19680.0,golfer,4,#007cbf,,,,,,,,
golfer_group_12,38.027450195326516,-84.46597313718958,19740.0,golfer,4,#007cbf,,,,,,,,
golfer_group_12,38.02771790249202,-84.46612386978506,19800.0,golfer,4,#007cbf,,,,,,,,
golfer_group_12,38.027985609657534,-84.46627460238055,19860.0,golfer,4,#007cbf,,,,,,,,
golfer_group_12,38.02825331682304,-84.46642533497604,19920.0,golfer,4,#007cbf,,,,,,,,
golfer_group_12,38.02854411583699,-84.46643446747252,19980.0,golfer,4,#007cbf,,,,,,,,
golfer_group_12,38.02883696025459,-84.46643105747557,20040.0,golfer,4,#007cbf,,,,,,,,
golfer_group_12,38.02912980467218,-84.46642764747862,20100.0,golfer,4,#007cbf,,,,,,,,
golfer_group_12,38.029422649089774,-84.46642423748168,20160.0,golfer,4,#007cbf,,,,,,,,
golfer_group_12,38.029714660100595,-84.46640554510962,20220.0,golfer,4,#007cbf,,,,,,,,
golfer_group_12,38.03000508074206,-84.46635768976212,20280.0,golfer,4,#007cbf,,,,,,,,
golfer_group_12,38.03029550138352,-84.46630983441462,20340.0,golfer,4,#007cbf,,,,,,,,
golfer_group_12,38.03034421537664,-84.46623396436489,20400.0,golfer,4,#007cbf,,,,,,,,
golfer_group_12,38.0300654222068,-84.4661201350132,20460.0,golfer,4,#007cbf,,,,,,,,
golfer_group_12,38.02978662903697,-84.46600630566151,20520.0,golfer,4,#007cbf,,,,,,,,
golfer_group_12,38.02950783586713,-84.46589247630982,20580.0,golfer,4,#007cbf,,,,,,,,
golfer_group_12,38.029229042697295,-84.46577864695813,20640.0,golfer,4,#007cbf,,,,,,,,
golfer_group_12,38.02895024952746,-84.46566481760644,20700.0,golfer,4,#007cbf,,,,,,,,
golfer_group_12,38.02867145635763,-84.46555098825475,20760.0,golfer,4,#007cbf,,,,,,,,
golfer_group_12,38.02839266318779,-84.46543715890306,20820.0,golfer,4,#007cbf,,,,,,,,
golfer_group_12,38.02811294382565,-84.46532834232956,20880.0,golfer,4,#007cbf,,,,,,,,
golfer_group_12,38.02782336017175,-84.46527291370359,20940.0,golfer,4,#007cbf,,,,,,,,
golfer_group_12,38.02753377651786,-84.46521748507763,21000.0,golfer,4,#007cbf,,,,,,,,
golfer_group_12,38.027244192863975,-84.46516205645167,21060.0,golfer,4,#007cbf,,,,,,,,
golfer_group_12,38.02695460921009,-84.46510662782572,21120.0,golfer,4,#007cbf,,,,,,,,
golfer_group_12,38.02666502555619,-84.46505119919976,21180.0,golfer,4,#007cbf,,,,,,,,
golfer_group_12,38.02637326063661,-84.4650346343973,21240.0,golfer,4,#007cbf,,,,,,,,
golfer_group_12,38.02608041188864,-84.46503738027086,21300.0,golfer,4,#007cbf,,,,,,,,
golfer_group_12,38.025787563140675,-84.46504012614442,21360.0,golfer,2,#007cbf,,,,,,,,
golfer_group_12,38.025494714392714,-84.46504287201797,21420.0,golfer,4,#007cbf,,,,,,,,
golfer_group_12,38.02556401049359,-84.4653626218534,21480.0,golfer,4,#007cbf,,,,,,,,
golfer_group_12,38.025666096931715,-84.46571107475296,21540.0,golfer,4,#007cbf,,,,,,,,
golfer_group_12,38.02576818336984,-84.46605952765252,21600.0,golfer,4,#ffe6cc,,,,,,,,
golfer_group_12,38.02587026980797,-84.46640798055208,21660.0,golfer,4,#ffe6cc,,,,,,,,
golfer_group_12,38.02597235624609,-84.46675643345164,21720.0,golfer,4,#ffe6cc,,,,,,,,
golfer_group_12,38.02607444268422,-84.46710488635118,21780.0,golfer,4,#ffe6cc,,,,,,,,
golfer_group_12,38.026176529122345,-84.46745333925074,21840.0,golfer,4,#ffe6cc,,,,,,,,
golfer_group_12,38.02627861556047,-84.4678017921503,21900.0,golfer,4,#ffe6cc,,,,,,,,
golfer_group_12,38.026391551516966,-84.46814347235242,21960.0,golfer,4,#ffe6cc,,,,,,,,
golfer_group_12,38.0265466275618,-84.46845884704874,22020.0,golfer,4,#ffe6cc,,,,,,,,
golfer_group_12,38.02670170360664,-84.46877422174504,22080.0,golfer,4,#ffe6cc,,,,,,,,
golfer_group_12,38.02685677965148,-84.46908959644135,22140.0,golfer,4,#ffe6cc,,,,,,,,
golfer_group_12,38.027011855696315,-84.46940497113766,22200.0,golfer,4,#00b894,,,,,,,,
golfer_group_12,38.027202562026105,-84.46967624119414,22260.0,golfer,4,#00b894,,,,,,,,
golfer_group_12,38.027447,-84.469881,22320.0,golfer,1,#00b894,,,,,,,,
golfer_group_13,38.027447,-84.469881,8460.0,golfer,1,#007cbf,,,,,,,,
golfer_group_13,38.02754627606764,-84.46962578282717,8520.0,golfer,1,#007cbf,,,,,,,,
golfer_group_13,38.02744283462056,-84.4692779685763,8580.0,golfer,1,#007cbf,,,,,,,,
golfer_group_13,38.02733939317348,-84.46893015432545,8640.0,golfer,1,#007cbf,,,,,,,,
golfer_group_13,38.0272359517264,-84.46858234007459,8700.0,golfer,1,#007cbf,,,,,,,,
golfer_group_13,38.027132510279316,-84.46823452582373,8760.0,golfer,1,#007cbf,,,,,,,,
golfer_group_13,38.027029068832235,-84.46788671157287,8820.0,golfer,1,#007cbf,,,,,,,,
golfer_group_13,38.026925627385154,-84.46753889732202,8880.0,golfer,1,#007cbf,,,,,,,,
golfer_group_13,38.02682218593807,-84.46719108307117,8940.0,golfer,1,#007cbf,,,,,,,,
golfer_group_13,38.026707885382585,-84.46684997010087,9000.0,golfer,1,#007cbf,,,,,,,,
golfer_group_13,38.0265563489919,-84.46653183579225,9060.0,golfer,1,#007cbf,,,,,,,,
golfer_group_13,38.02640481260122,-84.46621370148365,9120.0,golfer,1,#007cbf,,,,,,,,
golfer_group_13,38.02625327621054,-84.46589556717504,9180.0,golfer,1,#007cbf,,,,,,,,
golfer_group_13,38.026097865476636,-84.4655806681031,9240.0,golfer,1,#007cbf,,,,,,,,
golfer_group_13,38.02592778516153,-84.46527801873756,9300.0,golfer,4,#007cbf,,,,,,,,
golfer_group_13,38.02575770484643,-84.46497536937204,9360.0,golfer,2,#007cbf,,,,,,,,
golfer_group_13,38.02580429978306,-84.46478189846547,9420.0,golfer,2,#007cbf,,,,,,,,
golfer_group_13,38.02609158193444,-84.46470970518055,9480.0,golfer,2,#007cbf,,,,,,,,
golfer_group_13,38.02637886408582,-84.46463751189565,9540.0,golfer,2,#007cbf,,,,,,,,
golfer_group_13,38.0266661462372,-84.46456531861072,9600.0,golfer,2,#007cbf,,,,,,,,
golfer_group_13,38.02695342838857,-84.4644931253258,9660.0,golfer,2,#007cbf,,,,,,,,
golfer_group_13,38.02723262500985,-84.46440936561527,9720.0,golfer,2,#007cbf,,,,,,,,
golfer_group_13,38.02732323296244,-84.46405582806928,9780.0,golfer,2,#007cbf,,,,,,,,
golfer_group_13,38.027413840915024,-84.46370229052329,9840.0,golfer,3,#007cbf,,,,,,,,
golfer_group_13,38.02755613921936,-84.46339199540722,9900.0,golfer,3,#007cbf,,,,,,,,
golfer_group_13,38.02777631020529,-84.46314684598785,9960.0,golfer,3,#007cbf,,,,,,,,
golfer_group_13,38.027996481191224,-84.4629016965685,10020.0,golfer,3,#007cbf,,,,,,,,
golfer_group_13,38.028216652177164,-84.46265654714912,10080.0,golfer,3,#007cbf,,,,,,,,
golfer_group_13,38.0284368231631,-84.46241139772975,10140.0,golfer,3,#007cbf,,,,,,,,
golfer_group_13,38.02865699414903,-84.4621662483104,10200.0,golfer,3,#007cbf,,,,,,,,
golfer_group_13,38.02887716513497,-84.46192109889103,10260.0,golfer,3,#007cbf,,,,,,,,
golfer_group_13,38.029097336120905,-84.46167594947165,10320.0,golfer,3,#007cbf,,,,,,,,
golfer_group_13,38.02932048603734,-84.46143527844885,10380.0,golfer,3,#007cbf,,,,,,,,
golfer_group_13,38.02954781666501,-84.4612008925283,10440.0,golfer,3,#007cbf,,,,,,,,
golfer_group_13,38.029775147292675,-84.46096650660775,10500.0,golfer,3,#007cbf,,,,,,,,
golfer_group_13,38.03000247792034,-84.46073212068718,10560.0,golfer,3,#007cbf,,,,,,,,
golfer_group_13,38.03022980854801,-84.46049773476663,10620.0,golfer,3,#007cbf,,,,,,,,
golfer_group_13,38.03028198771919,-84.46029007968264,10680.0,golfer,3,#007cbf,,,,,,,,
golfer_group_13,38.030017377451664,-84.46013077159431,10740.0,golfer,4,#007cbf,,,,,,,,
golfer_group_13,38.02974997117584,-84.46003134117494,10800.0,golfer,4,#007cbf,,,,,,,,
golfer_group_13,38.029472388508275,-84.46014984237516,10860.0,golfer,4,#007cbf,,,,,,,,
golfer_group_13,38.02919480584071,-84.46026834357538,10920.0,golfer,4,#007cbf,,,,,,,,
golfer_group_13,38.02891722317315,-84.46038684477558,10980.0,golfer,4,#007cbf,,,,,,,,
golfer_group_13,38.02863964050559,-84.4605053459758,11040.0,golfer,4,#007cbf,,,,,,,,
golfer_group_13,38.02846819932939,-84.46074999771898,11100.0,golfer,4,#007cbf,,,,,,,,
golfer_group_13,38.028356651102726,-84.46108459413088,11160.0,golfer,4,#007cbf,,,,,,,,
golfer_group_13,38.028163251425084,-84.46136377382878,11220.0,golfer,4,#007cbf,,,,,,,,
golfer_group_13,38.02796985174745,-84.46164295352668,11280.0,golfer,4,#007cbf,,,,,,,,
golfer_group_13,38.02777645206981,-84.46192213322458,11340.0,golfer,4,#007cbf,,,,,,,,
golfer_group_13,38.027583052392174,-84.46220131292247,11400.0,golfer,4,#007cbf,,,,,,,,
golfer_group_13,38.02739313138997,-84.4624841808364,11460.0,golfer,4,#007cbf,,,,,,,,
golfer_group_13,38.02721114487077,-84.46277546117278,11520.0,golfer,4,#007cbf,,,,,,,,
golfer_group_13,38.02702915835156,-84.46306674150915,11580.0,golfer,4,#007cbf,,,,,,,,
golfer_group_13,38.02684717183235,-84.46335802184554,11640.0,golfer,4,#007cbf,,,,,,,,
golfer_group_13,38.027030664719845,-84.46345337202217,11700.0,golfer,4,#007cbf,,,,,,,,
golfer_group_13,38.02732202605173,-84.46349089491457,11760.0,golfer,3,#007cbf,,,,,,,,
golfer_group_13,38.02761338738361,-84.46352841780696,11820.0,golfer,3,#007cbf,,,,,,,,
golfer_group_13,38.02787761975422,-84.46365295047241,11880.0,golfer,4,#007cbf,,,,,,,,
golfer_group_13,38.02811027773896,-84.46387875056652,11940.0,golfer,4,#007cbf,,,,,,,,
golfer_group_13,38.02834293572369,-84.46410455066062,12000.0,golfer,4,#007cbf,,,,,,,,
golfer_group_13,38.028575593708425,-84.46433035075472,12060.0,golfer,4,#007cbf,,,,,,,,
golfer_group_13,38.028808251693164,-84.46455615084882,12120.0,golfer,4,#007cbf,,,,,,,,
golfer_group_13,38.029040909677896,-84.46478195094294,12180.0,golfer,4,#007cbf,,,,,,,,
golfer_group_13,38.02927356766263,-84.46500775103704,12240.0,golfer,4,#007cbf,,,,,,,,
golfer_group_13,38.02950622564737,-84.46523355113113,12300.0,golfer,4,#007cbf,,,,,,,,
golfer_group_13,38.02975350361947,-84.4654282954189,12360.0,golfer,4,#007cbf,,,,,,,,
golfer_group_13,38.030020352724144,-84.46558146666777,12420.0,golfer,4,#007cbf,,,,,,,,
golfer_group_13,38.03028720182882,-84.46573463791665,12480.0,golfer,4,#007cbf,,,,,,,,
golfer_group_13,38.030554050933496,-84.46588780916554,12540.0,golfer,4,#007cbf,,,,,,,,
golfer_group_13,38.0308144451061,-84.46601508231271,12600.0,golfer,4,#007cbf,,,,,,,,
golfer_group_13,38.03096331555731,-84.46569490649415,12660.0,golfer,4,#007cbf,,,,,,,,
golfer_group_13,38.03100160851583,-84.46532942233877,12720.0,golfer,4,#007cbf,,,,,,,,
golfer_group_13,38.03102825601745,-84.4649591665407,12780.0,golfer,4,#007cbf,,,,,,,,
golfer_group_13,38.03105490351906,-84.46458891074262,12840.0,golfer,4,#007cbf,,,,,,,,
golfer_group_13,38.031081551020684,-84.46421865494455,12900.0,golfer,4,#007cbf,,,,,,,,
golfer_group_13,38.031108198522304,-84.46384839914647,12960.0,golfer,4,#007cbf,,,,,,,,
golfer_group_13,38.03113484602392,-84.4634781433484,13020.0,golfer,4,#007cbf,,,,,,,,
golfer_group_13,38.03116149352554,-84.46310788755032,13080.0,golfer,4,#007cbf,,,,,,,,
golfer_group_13,38.031127268705696,-84.46274982308951,13140.0,golfer,4,#007cbf,,,,,,,,
golfer_group_13,38.031012137391194,-84.4624079623538,13200.0,golfer,4,#007cbf,,,,,,,,
golfer_group_13,38.03089700607669,-84.46206610161808,13260.0,golfer,4,#007cbf,,,,,,,,
golfer_group_13,38.0307818747622,-84.46172424088235,13320.0,golfer,4,#007cbf,,,,,,,,
golfer_group_13,38.030666743447696,-84.46138238014663,13380.0,golfer,4,#007cbf,,,,,,,,
golfer_group_13,38.030551612133195,-84.46104051941091,13440.0,golfer,4,#007cbf,,,,,,,,
golfer_group_13,38.03081531898336,-84.46091137688049,13500.0,golfer,4,#007cbf,,,,,,,,
golfer_group_13,38.0310279411826,-84.46098091912485,13560.0,golfer,4,#007cbf,,,,,,,,
golfer_group_13,38.03115090321037,-84.46131835889211,13620.0,golfer,4,#007cbf,,,,,,,,
golfer_group_13,38.031273865238134,-84.46165579865938,13680.0,golfer,4,#007cbf,,,,,,,,
golfer_group_13,38.03139682726591,-84.46199323842663,13740.0,golfer,4,#007cbf,,,,,,,,
golfer_group_13,38.031519789293675,-84.4623306781939,13800.0,golfer,4,#007cbf,,,,,,,,
golfer_group_13,38.03164275132144,-84.46266811796116,13860.0,golfer,4,#007cbf,,,,,,,,
golfer_group_13,38.03176571334921,-84.46300555772842,13920.0,golfer,4,#007cbf,,,,,,,,
golfer_group_13,38.031888675376976,-84.46334299749569,13980.0,golfer,4,#007cbf,,,,,,,,
golfer_group_13,38.031909837946635,-84.46368872876327,14040.0,golfer,4,#007cbf,,,,,,,,
golfer_group_13,38.03182184589159,-84.46404335060477,14100.0,golfer,4,#007cbf,,,,,,,,
golfer_group_13,38.03173385383655,-84.46439797244628,14160.0,golfer,4,#007cbf,,,,,,,,
golfer_group_13,38.031645861781506,-84.46475259428779,14220.0,golfer,4,#007cbf,,,,,,,,
golfer_group_13,38.03155786972646,-84.46510721612928,14280.0,golfer,4,#007cbf,,,,,,,,
golfer_group_13,38.03146987767142,-84.46546183797079,14340.0,golfer,4,#007cbf,,,,,,,,
golfer_group_13,38.03131864912918,-84.46576966145622,14400.0,golfer,4,#007cbf,,,,,,,,
golfer_group_13,38.0311189562348,-84.46604161874937,14460.0,golfer,4,#007cbf,,,,,,,,
golfer_group_13,38.030919263340415,-84.46631357604252,14520.0,golfer,4,#007cbf,,,,,,,,
golfer_group_13,38.030718115722834,-84.46658350967269,14580.0,golfer,4,#007cbf,,,,,,,,
golfer_group_13,38.0304866033238,-84.46681120290668,14640.0,golfer,4,#007cbf,,,,,,,,
golfer_group_13,38.030255090924776,-84.46703889614066,14700.0,golfer,4,#007cbf,,,,,,,,
golfer_group_13,38.03002357852575,-84.46726658937465,14760.0,golfer,4,#007cbf,,,,,,,,
golfer_group_13,38.02979206612672,-84.46749428260863,14820.0,golfer,4,#007cbf,,,,,,,,
golfer_group_13,38.02956055372769,-84.46772197584261,14880.0,golfer,4,#007cbf,,,,,,,,
golfer_group_13,38.02932904132866,-84.4679496690766,14940.0,golfer,4,#007cbf,,,,,,,,
golfer_group_13,38.02909752892963,-84.46817736231058,15000.0,golfer,4,#007cbf,,,,,,,,
golfer_group_13,38.0288660165306,-84.46840505554457,15060.0,golfer,4,#007cbf,,,,,,,,
golfer_group_13,38.02869804015225,-84.46870681462924,15120.0,golfer,4,#007cbf,,,,,,,,
golfer_group_13,38.028539024924726,-84.46901901999702,15180.0,golfer,4,#007cbf,,,,,,,,
golfer_group_13,38.0283800096972,-84.46933122536481,15240.0,golfer,4,#007cbf,,,,,,,,
golfer_group_13,38.028129065075696,-84.46949162304078,15300.0,golfer,4,#007cbf,,,,,,,,
golfer_group_13,38.02785052807789,-84.46960645602002,15360.0,golfer,1,#007cbf,,,,,,,,
golfer_group_13,38.027571991080094,-84.46972128899925,15420.0,golfer,1,#007cbf,,,,,,,,
golfer_group_13,38.02729345408229,-84.4698361219785,15480.0,golfer,4,#007cbf,,,,,,,,
golfer_group_13,38.027014917084486,-84.46995095495774,15540.0,golfer,4,#007cbf,,,,,,,,
golfer_group_13,38.02677219339408,-84.46990690842384,15600.0,golfer,4,#007cbf,,,,,,,,
golfer_group_13,38.026583670283,-84.46962241044099,15660.0,golfer,4,#007cbf,,,,,,,,
golfer_group_13,38.02639514717193,-84.46933791245814,15720.0,golfer,4,#007cbf,,,,,,,,
golfer_group_13,38.026206624060855,-84.4690534144753,15780.0,golfer,4,#007cbf,,,,,,,,
golfer_group_13,38.02601810094978,-84.46876891649245,15840.0,golfer,4,#007cbf,,,,,,,,
golfer_group_13,38.0258295778387,-84.4684844185096,15900.0,golfer,4,#007cbf,,,,,,,,
golfer_group_13,38.02564105472762,-84.46819992052676,15960.0,golfer,4,#007cbf,,,,,,,,
golfer_group_13,38.02539873776804,-84.4680332578427,16020.0,golfer,4,#007cbf,,,,,,,,
golfer_group_13,38.02511056304286,-84.46796704648648,16080.0,golfer,4,#007cbf,,,,,,,,
golfer_group_13,38.02482238831767,-84.46790083513027,16140.0,golfer,4,#007cbf,,,,,,,,
golfer_group_13,38.02466098715723,-84.46791926274804,16200.0,golfer,4,#007cbf,,,,,,,,
golfer_group_13,38.0248672597656,-84.46818316370741,16260.0,golfer,4,#007cbf,,,,,,,,
golfer_group_13,38.025073532373966,-84.46844706466678,16320.0,golfer,4,#007cbf,,,,,,,,
golfer_group_13,38.02498232223591,-84.46858500193528,16380.0,golfer,4,#007cbf,,,,,,,,
golfer_group_13,38.024692555469876,-84.46863886398934,16440.0,golfer,4,#007cbf,,,,,,,,
golfer_group_13,38.02440278870384,-84.4686927260434,16500.0,golfer,4,#007cbf,,,,,,,,
golfer_group_13,38.0241130219378,-84.46874658809746,16560.0,golfer,4,#007cbf,,,,,,,,
golfer_group_13,38.02382325517176,-84.46880045015152,16620.0,golfer,4,#007cbf,,,,,,,,
golfer_group_13,38.023533488405725,-84.46885431220558,16680.0,golfer,4,#007cbf,,,,,,,,
golfer_group_13,38.02325287292604,-84.46895459002404,16740.0,golfer,4,#007cbf,,,,,,,,
golfer_group_13,38.023120094224296,-84.46908677293466,16800.0,golfer,4,#007cbf,,,,,,,,
golfer_group_13,38.02338797984743,-84.46923698741324,16860.0,golfer,4,#007cbf,,,,,,,,
golfer_group_13,38.02365586547056,-84.46938720189182,16920.0,golfer,4,#007cbf,,,,,,,,
golfer_group_13,38.02392375109368,-84.4695374163704,16980.0,golfer,4,#007cbf,,,,,,,,
golfer_group_13,38.024191636716814,-84.46968763084898,17040.0,golfer,4,#007cbf,,,,,,,,
golfer_group_13,38.024459522339946,-84.46983784532756,17100.0,golfer,4,#007cbf,,,,,,,,
golfer_group_13,38.02472740796308,-84.46998805980614,17160.0,golfer,4,#007cbf,,,,,,,,
golfer_group_13,38.0249952935862,-84.47013827428472,17220.0,golfer,4,#007cbf,,,,,,,,
golfer_group_13,38.02526317920933,-84.4702884887633,17280.0,golfer,4,#007cbf,,,,,,,,
golfer_group_13,38.02549053793203,-84.47051685206469,17340.0,golfer,4,#007cbf,,,,,,,,
golfer_group_13,38.02570511747455,-84.47076985771169,17400.0,golfer,4,#007cbf,,,,,,,,
golfer_group_13,38.025919697017066,-84.4710228633587,17460.0,golfer,4,#007cbf,,,,,,,,
golfer_group_13,38.02613427655959,-84.4712758690057,17520.0,golfer,4,#007cbf,,,,,,,,
golfer_group_13,38.02634885610211,-84.4715288746527,17580.0,golfer,4,#007cbf,,,,,,,,
golfer_group_13,38.026563435644626,-84.4717818802997,17640.0,golfer,4,#007cbf,,,,,,,,
golfer_group_13,38.02678243981026,-84.47202860408251,17700.0,golfer,4,#007cbf,,,,,,,,
golfer_group_13,38.02668611647238,-84.47218057293104,17760.0,golfer,4,#007cbf,,,,,,,,
golfer_group_13,38.02640386024167,-84.4722796932027,17820.0,golfer,4,#007cbf,,,,,,,,
golfer_group_13,38.02612160401096,-84.47237881347434,17880.0,golfer,4,#007cbf,,,,,,,,
golfer_group_13,38.02583934778024,-84.47247793374599,17940.0,golfer,4,#007cbf,,,,,,,,
golfer_group_13,38.02555709154953,-84.47257705401765,18000.0,golfer,4,#007cbf,,,,,,,,
golfer_group_13,38.025278899056985,-84.47258808504574,18060.0,golfer,4,#007cbf,,,,,,,,
golfer_group_13,38.02505413568005,-84.47238241246707,18120.0,golfer,4,#007cbf,,,,,,,,
golfer_group_13,38.02491621232278,-84.47205445775451,18180.0,golfer,4,#007cbf,,,,,,,,
golfer_group_13,38.02477828896551,-84.47172650304194,18240.0,golfer,4,#007cbf,,,,,,,,
golfer_group_13,38.024640365608235,-84.47139854832938,18300.0,golfer,4,#007cbf,,,,,,,,
golfer_group_13,38.02450244225096,-84.4710705936168,18360.0,golfer,4,#007cbf,,,,,,,,
golfer_group_13,38.02436451889369,-84.47074263890424,18420.0,golfer,4,#007cbf,,,,,,,,
golfer_group_13,38.02422659553642,-84.47041468419167,18480.0,golfer,4,#007cbf,,,,,,,,
golfer_group_13,38.02408867217915,-84.4700867294791,18540.0,golfer,4,#007cbf,,,,,,,,
golfer_group_13,38.023830177494666,-84.46991493651929,18600.0,golfer,4,#007cbf,,,,,,,,
golfer_group_13,38.02356911857893,-84.46974646470437,18660.0,golfer,4,#007cbf,,,,,,,,
golfer_group_13,38.0233080596632,-84.46957799288944,18720.0,golfer,4,#007cbf,,,,,,,,
golfer_group_13,38.02304700074746,-84.46940952107451,18780.0,golfer,4,#007cbf,,,,,,,,
golfer_group_13,38.0227847606833,-84.46924457405959,18840.0,golfer,4,#007cbf,,,,,,,,
golfer_group_13,38.02250809559787,-84.46912267439926,18900.0,golfer,4,#007cbf,,,,,,,,
golfer_group_13,38.022527943550884,-84.46893235209967,18960.0,golfer,4,#007cbf,,,,,,,,
golfer_group_13,38.02275311404551,-84.46869465006165,19020.0,golfer,4,#007cbf,,,,,,,,
golfer_group_13,38.02297828454014,-84.46845694802364,19080.0,golfer,4,#007cbf,,,,,,,,
golfer_group_13,38.02320345503476,-84.46821924598564,19140.0,golfer,4,#007cbf,,,,,,,,
golfer_group_13,38.023428625529384,-84.46798154394763,19200.0,golfer,4,#007cbf,,,,,,,,
golfer_group_13,38.02365379602401,-84.46774384190961,19260.0,golfer,4,#007cbf,,,,,,,,
golfer_group_13,38.02387896651864,-84.4675061398716,19320.0,golfer,4,#007cbf,,,,,,,,
golfer_group_13,38.02410413701326,-84.4672684378336,19380.0,golfer,4,#007cbf,,,,,,,,
golfer_group_13,38.024329307507884,-84.46703073579559,19440.0,golfer,4,#007cbf,,,,,,,,
golfer_group_13,38.024516630016976,-84.46674714202182,19500.0,golfer,4,#007cbf,,,,,,,,
golfer_group_13,38.02469334505099,-84.4664506863893,19560.0,golfer,4,#007cbf,,,,,,,,
golfer_group_13,38.02487006008501,-84.46615423075679,19620.0,golfer,4,#007cbf,,,,,,,,
golfer_group_13,38.02504677511902,-84.46585777512426,19680.0,golfer,4,#007cbf,,,,,,,,
golfer_group_13,38.02525798622544,-84.46562593134438,19740.0,golfer,4,#007cbf,,,,,,,,
golfer_group_13,38.025540368765746,-84.46552739312297,19800.0,golfer,4,#007cbf,,,,,,,,
golfer_group_13,38.02582275130605,-84.46542885490156,19860.0,golfer,4,#007cbf,,,,,,,,
golfer_group_13,38.02610513384636,-84.46533031668015,19920.0,golfer,4,#007cbf,,,,,,,,
golfer_group_13,38.02637936666449,-84.46537020680762,19980.0,golfer,4,#007cbf,,,,,,,,
golfer_group_13,38.02664707383,-84.4655209394031,20040.0,golfer,4,#007cbf,,,,,,,,
golfer_group_13,38.026914780995504,-84.46567167199859,20100.0,golfer,4,#007cbf,,,,,,,,
golfer_group_13,38.02718248816101,-84.46582240459409,20160.0,golfer,4,#007cbf,,,,,,,,
golfer_group_13,38.027450195326516,-84.46597313718958,20220.0,golfer,4,#007cbf,,,,,,,,
golfer_group_13,38.02771790249202,-84.46612386978506,20280.0,golfer,4,#007cbf,,,,,,,,
golfer_group_13,38.027985609657534,-84.46627460238055,20340.0,golfer,4,#007cbf,,,,,,,,
golfer_group_13,38.02825331682304,-84.46642533497604,20400.0,golfer,4,#007cbf,,,,,,,,
golfer_group_13,38.02854411583699,-84.46643446747252,20460.0,golfer,4,#007cbf,,,,,,,,
golfer_group_13,38.02883696025459,-84.46643105747557,20520.0,golfer,4,#007cbf,,,,,,,,
golfer_group_13,38.02912980467218,-84.46642764747862,20580.0,golfer,4,#007cbf,,,,,,,,
golfer_group_13,38.029422649089774,-84.46642423748168,20640.0,golfer,4,#007cbf,,,,,,,,
golfer_group_13,38.029714660100595,-84.46640554510962,20700.0,golfer,4,#007cbf,,,,,,,,
golfer_group_13,38.03000508074206,-84.46635768976212,20760.0,golfer,4,#007cbf,,,,,,,,
golfer_group_13,38.03029550138352,-84.46630983441462,20820.0,golfer,4,#007cbf,,,,,,,,
golfer_group_13,38.03034421537664,-84.46623396436489,20880.0,golfer,4,#007cbf,,,,,,,,
golfer_group_13,38.0300654222068,-84.4661201350132,20940.0,golfer,4,#007cbf,,,,,,,,
golfer_group_13,38.02978662903697,-84.46600630566151,21000.0,golfer,4,#007cbf,,,,,,,,
golfer_group_13,38.02950783586713,-84.46589247630982,21060.0,golfer,4,#007cbf,,,,,,,,
golfer_group_13,38.029229042697295,-84.46577864695813,21120.0,golfer,4,#007cbf,,,,,,,,
golfer_group_13,38.02895024952746,-84.46566481760644,21180.0,golfer,4,#007cbf,,,,,,,,
golfer_group_13,38.02867145635763,-84.46555098825475,21240.0,golfer,4,#007cbf,,,,,,,,
golfer_group_13,38.02839266318779,-84.46543715890306,21300.0,golfer,4,#007cbf,,,,,,,,
golfer_group_13,38.02811294382565,-84.46532834232956,21360.0,golfer,4,#007cbf,,,,,,,,
golfer_group_13,38.02782336017175,-84.46527291370359,21420.0,golfer,4,#007cbf,,,,,,,,
golfer_group_13,38.02753377651786,-84.46521748507763,21480.0,golfer,4,#007cbf,,,,,,,,
golfer_group_13,38.027244192863975,-84.46516205645167,21540.0,golfer,4,#007cbf,,,,,,,,
golfer_group_13,38.02695460921009,-84.46510662782572,21600.0,golfer,4,#007cbf,,,,,,,,
golfer_group_13,38.02666502555619,-84.46505119919976,21660.0,golfer,4,#007cbf,,,,,,,,
golfer_group_13,38.02637326063661,-84.4650346343973,21720.0,golfer,4,#007cbf,,,,,,,,
golfer_group_13,38.02608041188864,-84.46503738027086,21780.0,golfer,4,#007cbf,,,,,,,,
golfer_group_13,38.025787563140675,-84.46504012614442,21840.0,golfer,2,#007cbf,,,,,,,,
golfer_group_13,38.025494714392714,-84.46504287201797,21900.0,golfer,4,#007cbf,,,,,,,,
golfer_group_13,38.02556401049359,-84.4653626218534,21960.0,golfer,4,#007cbf,,,,,,,,
golfer_group_13,38.025666096931715,-84.46571107475296,22020.0,golfer,4,#007cbf,,,,,,,,
golfer_group_13,38.02576818336984,-84.46605952765252,22080.0,golfer,4,#007cbf,,,,,,,,
golfer_group_13,38.02587026980797,-84.46640798055208,22140.0,golfer,4,#007cbf,,,,,,,,
golfer_group_13,38.02597235624609,-84.46675643345164,22200.0,golfer,4,#007cbf,,,,,,,,
golfer_group_13,38.02607444268422,-84.46710488635118,22260.0,golfer,4,#007cbf,,,,,,,,
golfer_group_13,38.026176529122345,-84.46745333925074,22320.0,golfer,4,#007cbf,,,,,,,,
golfer_group_13,38.02627861556047,-84.4678017921503,22380.0,golfer,4,#007cbf,,,,,,,,
golfer_group_13,38.026391551516966,-84.46814347235242,22440.0,golfer,4,#007cbf,,,,,,,,
golfer_group_13,38.0265466275618,-84.46845884704874,22500.0,golfer,4,#007cbf,,,,,,,,
golfer_group_13,38.02670170360664,-84.46877422174504,22560.0,golfer,4,#007cbf,,,,,,,,
golfer_group_13,38.02685677965148,-84.46908959644135,22620.0,golfer,4,#007cbf,,,,,,,,
golfer_group_13,38.027011855696315,-84.46940497113766,22680.0,golfer,4,#007cbf,,,,,,,,
golfer_group_13,38.027202562026105,-84.46967624119414,22740.0,golfer,4,#007cbf,,,,,,,,
golfer_group_13,38.027447,-84.469881,22800.0,golfer,1,#007cbf,,,,,,,,
golfer_group_14,38.027447,-84.469881,9000.0,golfer,1,#007cbf,,,,,,,,
golfer_group_14,38.02754627606764,-84.46962578282717,9060.0,golfer,1,#007cbf,,,,,,,,
golfer_group_14,38.02744283462056,-84.4692779685763,9120.0,golfer,1,#007cbf,,,,,,,,
golfer_group_14,38.02733939317348,-84.46893015432545,9180.0,golfer,1,#007cbf,,,,,,,,
golfer_group_14,38.0272359517264,-84.46858234007459,9240.0,golfer,1,#007cbf,,,,,,,,
golfer_group_14,38.027132510279316,-84.46823452582373,9300.0,golfer,1,#007cbf,,,,,,,,
golfer_group_14,38.027029068832235,-84.46788671157287,9360.0,golfer,1,#007cbf,,,,,,,,
golfer_group_14,38.026925627385154,-84.46753889732202,9420.0,golfer,1,#007cbf,,,,,,,,
golfer_group_14,38.02682218593807,-84.46719108307117,9480.0,golfer,1,#007cbf,,,,,,,,
golfer_group_14,38.026707885382585,-84.46684997010087,9540.0,golfer,1,#007cbf,,,,,,,,
golfer_group_14,38.0265563489919,-84.46653183579225,9600.0,golfer,1,#007cbf,,,,,,,,
golfer_group_14,38.02640481260122,-84.46621370148365,9660.0,golfer,1,#007cbf,,,,,,,,
golfer_group_14,38.02625327621054,-84.46589556717504,9720.0,golfer,1,#007cbf,,,,,,,,
golfer_group_14,38.026097865476636,-84.4655806681031,9780.0,golfer,1,#007cbf,,,,,,,,
golfer_group_14,38.02592778516153,-84.46527801873756,9840.0,golfer,4,#007cbf,,,,,,,,
golfer_group_14,38.02575770484643,-84.46497536937204,9900.0,golfer,2,#007cbf,,,,,,,,
golfer_group_14,38.02580429978306,-84.46478189846547,9960.0,golfer,2,#007cbf,,,,,,,,
golfer_group_14,38.02609158193444,-84.46470970518055,10020.0,golfer,2,#007cbf,,,,,,,,
golfer_group_14,38.02637886408582,-84.46463751189565,10080.0,golfer,2,#007cbf,,,,,,,,
golfer_group_14,38.0266661462372,-84.46456531861072,10140.0,golfer,2,#007cbf,,,,,,,,
golfer_group_14,38.02695342838857,-84.4644931253258,10200.0,golfer,2,#007cbf,,,,,,,,
golfer_group_14,38.02723262500985,-84.46440936561527,10260.0,golfer,2,#007cbf,,,,,,,,
golfer_group_14,38.02732323296244,-84.46405582806928,10320.0,golfer,2,#007cbf,,,,,,,,
golfer_group_14,38.027413840915024,-84.46370229052329,10380.0,golfer,3,#007cbf,,,,,,,,
golfer_group_14,38.02755613921936,-84.46339199540722,10440.0,golfer,3,#007cbf,,,,,,,,
golfer_group_14,38.02777631020529,-84.46314684598785,10500.0,golfer,3,#007cbf,,,,,,,,
golfer_group_14,38.027996481191224,-84.4629016965685,10560.0,golfer,3,#007cbf,,,,,,,,
golfer_group_14,38.028216652177164,-84.46265654714912,10620.0,golfer,3,#007cbf,,,,,,,,
golfer_group_14,38.0284368231631,-84.46241139772975,10680.0,golfer,3,#007cbf,,,,,,,,
golfer_group_14,38.02865699414903,-84.4621662483104,10740.0,golfer,3,#007cbf,,,,,,,,
golfer_group_14,38.02887716513497,-84.46192109889103,10800.0,golfer,3,#007cbf,,,,,,,,
golfer_group_14,38.029097336120905,-84.46167594947165,10860.0,golfer,3,#007cbf,,,,,,,,
golfer_group_14,38.02932048603734,-84.46143527844885,10920.0,golfer,3,#007cbf,,,,,,,,
golfer_group_14,38.02954781666501,-84.4612008925283,10980.0,golfer,3,#007cbf,,,,,,,,
golfer_group_14,38.029775147292675,-84.46096650660775,11040.0,golfer,3,#007cbf,,,,,,,,
golfer_group_14,38.03000247792034,-84.46073212068718,11100.0,golfer,3,#007cbf,,,,,,,,
golfer_group_14,38.03022980854801,-84.46049773476663,11160.0,golfer,3,#007cbf,,,,,,,,
golfer_group_14,38.03028198771919,-84.46029007968264,11220.0,golfer,3,#007cbf,,,,,,,,
golfer_group_14,38.030017377451664,-84.46013077159431,11280.0,golfer,4,#007cbf,,,,,,,,
golfer_group_14,38.02974997117584,-84.46003134117494,11340.0,golfer,4,#007cbf,,,,,,,,
golfer_group_14,38.029472388508275,-84.46014984237516,11400.0,golfer,4,#007cbf,,,,,,,,
golfer_group_14,38.02919480584071,-84.46026834357538,11460.0,golfer,4,#007cbf,,,,,,,,
golfer_group_14,38.02891722317315,-84.46038684477558,11520.0,golfer,4,#007cbf,,,,,,,,
golfer_group_14,38.02863964050559,-84.4605053459758,11580.0,golfer,4,#007cbf,,,,,,,,
golfer_group_14,38.02846819932939,-84.46074999771898,11640.0,golfer,4,#007cbf,,,,,,,,
golfer_group_14,38.028356651102726,-84.46108459413088,11700.0,golfer,4,#007cbf,,,,,,,,
golfer_group_14,38.028163251425084,-84.46136377382878,11760.0,golfer,4,#007cbf,,,,,,,,
golfer_group_14,38.02796985174745,-84.46164295352668,11820.0,golfer,4,#007cbf,,,,,,,,
golfer_group_14,38.02777645206981,-84.46192213322458,11880.0,golfer,4,#007cbf,,,,,,,,
golfer_group_14,38.027583052392174,-84.46220131292247,11940.0,golfer,4,#007cbf,,,,,,,,
golfer_group_14,38.02739313138997,-84.4624841808364,12000.0,golfer,4,#007cbf,,,,,,,,
golfer_group_14,38.02721114487077,-84.46277546117278,12060.0,golfer,4,#007cbf,,,,,,,,
golfer_group_14,38.02702915835156,-84.46306674150915,12120.0,golfer,4,#007cbf,,,,,,,,
golfer_group_14,38.02684717183235,-84.46335802184554,12180.0,golfer,4,#007cbf,,,,,,,,
golfer_group_14,38.027030664719845,-84.46345337202217,12240.0,golfer,4,#007cbf,,,,,,,,
golfer_group_14,38.02732202605173,-84.46349089491457,12300.0,golfer,3,#007cbf,,,,,,,,
golfer_group_14,38.02761338738361,-84.46352841780696,12360.0,golfer,3,#007cbf,,,,,,,,
golfer_group_14,38.02787761975422,-84.46365295047241,12420.0,golfer,4,#007cbf,,,,,,,,
golfer_group_14,38.02811027773896,-84.46387875056652,12480.0,golfer,4,#007cbf,,,,,,,,
golfer_group_14,38.02834293572369,-84.46410455066062,12540.0,golfer,4,#007cbf,,,,,,,,
golfer_group_14,38.028575593708425,-84.46433035075472,12600.0,golfer,4,#007cbf,,,,,,,,
golfer_group_14,38.028808251693164,-84.46455615084882,12660.0,golfer,4,#007cbf,,,,,,,,
golfer_group_14,38.029040909677896,-84.46478195094294,12720.0,golfer,4,#007cbf,,,,,,,,
golfer_group_14,38.02927356766263,-84.46500775103704,12780.0,golfer,4,#007cbf,,,,,,,,
golfer_group_14,38.02950622564737,-84.46523355113113,12840.0,golfer,4,#007cbf,,,,,,,,
golfer_group_14,38.02975350361947,-84.4654282954189,12900.0,golfer,4,#007cbf,,,,,,,,
golfer_group_14,38.030020352724144,-84.46558146666777,12960.0,golfer,4,#007cbf,,,,,,,,
golfer_group_14,38.03028720182882,-84.46573463791665,13020.0,golfer,4,#007cbf,,,,,,,,
golfer_group_14,38.030554050933496,-84.46588780916554,13080.0,golfer,4,#007cbf,,,,,,,,
golfer_group_14,38.0308144451061,-84.46601508231271,13140.0,golfer,4,#007cbf,,,,,,,,
golfer_group_14,38.03096331555731,-84.46569490649415,13200.0,golfer,4,#007cbf,,,,,,,,
golfer_group_14,38.03100160851583,-84.46532942233877,13260.0,golfer,4,#007cbf,,,,,,,,
golfer_group_14,38.03102825601745,-84.4649591665407,13320.0,golfer,4,#007cbf,,,,,,,,
golfer_group_14,38.03105490351906,-84.46458891074262,13380.0,golfer,4,#007cbf,,,,,,,,
golfer_group_14,38.031081551020684,-84.46421865494455,13440.0,golfer,4,#007cbf,,,,,,,,
golfer_group_14,38.031108198522304,-84.46384839914647,13500.0,golfer,4,#007cbf,,,,,,,,
golfer_group_14,38.03113484602392,-84.4634781433484,13560.0,golfer,4,#007cbf,,,,,,,,
golfer_group_14,38.03116149352554,-84.46310788755032,13620.0,golfer,4,#007cbf,,,,,,,,
golfer_group_14,38.031127268705696,-84.46274982308951,13680.0,golfer,4,#007cbf,,,,,,,,
golfer_group_14,38.031012137391194,-84.4624079623538,13740.0,golfer,4,#007cbf,,,,,,,,
golfer_group_14,38.03089700607669,-84.46206610161808,13800.0,golfer,4,#007cbf,,,,,,,,
golfer_group_14,38.0307818747622,-84.46172424088235,13860.0,golfer,4,#007cbf,,,,,,,,
golfer_group_14,38.030666743447696,-84.46138238014663,13920.0,golfer,4,#007cbf,,,,,,,,
golfer_group_14,38.030551612133195,-84.46104051941091,13980.0,golfer,4,#007cbf,,,,,,,,
golfer_group_14,38.03081531898336,-84.46091137688049,14040.0,golfer,4,#007cbf,,,,,,,,
golfer_group_14,38.0310279411826,-84.46098091912485,14100.0,golfer,4,#007cbf,,,,,,,,
golfer_group_14,38.03115090321037,-84.46131835889211,14160.0,golfer,4,#007cbf,,,,,,,,
golfer_group_14,38.031273865238134,-84.46165579865938,14220.0,golfer,4,#007cbf,,,,,,,,
golfer_group_14,38.03139682726591,-84.46199323842663,14280.0,golfer,4,#007cbf,,,,,,,,
golfer_group_14,38.031519789293675,-84.4623306781939,14340.0,golfer,4,#007cbf,,,,,,,,
golfer_group_14,38.03164275132144,-84.46266811796116,14400.0,golfer,4,#007cbf,,,,,,,,
golfer_group_14,38.03176571334921,-84.46300555772842,14460.0,golfer,4,#007cbf,,,,,,,,
golfer_group_14,38.031888675376976,-84.46334299749569,14520.0,golfer,4,#007cbf,,,,,,,,
golfer_group_14,38.031909837946635,-84.46368872876327,14580.0,golfer,4,#007cbf,,,,,,,,
golfer_group_14,38.03182184589159,-84.46404335060477,14640.0,golfer,4,#007cbf,,,,,,,,
golfer_group_14,38.03173385383655,-84.46439797244628,14700.0,golfer,4,#007cbf,,,,,,,,
golfer_group_14,38.031645861781506,-84.46475259428779,14760.0,golfer,4,#007cbf,,,,,,,,
golfer_group_14,38.03155786972646,-84.46510721612928,14820.0,golfer,4,#007cbf,,,,,,,,
golfer_group_14,38.03146987767142,-84.46546183797079,14880.0,golfer,4,#007cbf,,,,,,,,
golfer_group_14,38.03131864912918,-84.46576966145622,14940.0,golfer,4,#007cbf,,,,,,,,
golfer_group_14,38.0311189562348,-84.46604161874937,15000.0,golfer,4,#007cbf,,,,,,,,
golfer_group_14,38.030919263340415,-84.46631357604252,15060.0,golfer,4,#007cbf,,,,,,,,
golfer_group_14,38.030718115722834,-84.46658350967269,15120.0,golfer,4,#007cbf,,,,,,,,
golfer_group_14,38.0304866033238,-84.46681120290668,15180.0,golfer,4,#007cbf,,,,,,,,
golfer_group_14,38.030255090924776,-84.46703889614066,15240.0,golfer,4,#007cbf,,,,,,,,
golfer_group_14,38.03002357852575,-84.46726658937465,15300.0,golfer,4,#007cbf,,,,,,,,
golfer_group_14,38.02979206612672,-84.46749428260863,15360.0,golfer,4,#007cbf,,,,,,,,
golfer_group_14,38.02956055372769,-84.46772197584261,15420.0,golfer,4,#007cbf,,,,,,,,
golfer_group_14,38.02932904132866,-84.4679496690766,15480.0,golfer,4,#007cbf,,,,,,,,
golfer_group_14,38.02909752892963,-84.46817736231058,15540.0,golfer,4,#007cbf,,,,,,,,
golfer_group_14,38.0288660165306,-84.46840505554457,15600.0,golfer,4,#007cbf,,,,,,,,
golfer_group_14,38.02869804015225,-84.46870681462924,15660.0,golfer,4,#007cbf,,,,,,,,
golfer_group_14,38.028539024924726,-84.46901901999702,15720.0,golfer,4,#007cbf,,,,,,,,
golfer_group_14,38.0283800096972,-84.46933122536481,15780.0,golfer,4,#007cbf,,,,,,,,
golfer_group_14,38.028129065075696,-84.46949162304078,15840.0,golfer,4,#007cbf,,,,,,,,
golfer_group_14,38.02785052807789,-84.46960645602002,15900.0,golfer,1,#007cbf,,,,,,,,
golfer_group_14,38.027571991080094,-84.46972128899925,15960.0,golfer,1,#007cbf,,,,,,,,
golfer_group_14,38.02729345408229,-84.4698361219785,16020.0,golfer,4,#007cbf,,,,,,,,
golfer_group_14,38.027014917084486,-84.46995095495774,16080.0,golfer,4,#007cbf,,,,,,,,
golfer_group_14,38.02677219339408,-84.46990690842384,16140.0,golfer,4,#007cbf,,,,,,,,
golfer_group_14,38.026583670283,-84.46962241044099,16200.0,golfer,4,#007cbf,,,,,,,,
golfer_group_14,38.02639514717193,-84.46933791245814,16260.0,golfer,4,#007cbf,,,,,,,,
golfer_group_14,38.026206624060855,-84.4690534144753,16320.0,golfer,4,#007cbf,,,,,,,,
golfer_group_14,38.02601810094978,-84.46876891649245,16380.0,golfer,4,#007cbf,,,,,,,,
golfer_group_14,38.0258295778387,-84.4684844185096,16440.0,golfer,4,#007cbf,,,,,,,,
golfer_group_14,38.02564105472762,-84.46819992052676,16500.0,golfer,4,#007cbf,,,,,,,,
golfer_group_14,38.02539873776804,-84.4680332578427,16560.0,golfer,4,#007cbf,,,,,,,,
golfer_group_14,38.02511056304286,-84.46796704648648,16620.0,golfer,4,#007cbf,,,,,,,,
golfer_group_14,38.02482238831767,-84.46790083513027,16680.0,golfer,4,#007cbf,,,,,,,,
golfer_group_14,38.02466098715723,-84.46791926274804,16740.0,golfer,4,#007cbf,,,,,,,,
golfer_group_14,38.0248672597656,-84.46818316370741,16800.0,golfer,4,#007cbf,,,,,,,,
golfer_group_14,38.025073532373966,-84.46844706466678,16860.0,golfer,4,#007cbf,,,,,,,,
golfer_group_14,38.02498232223591,-84.46858500193528,16920.0,golfer,4,#007cbf,,,,,,,,
golfer_group_14,38.024692555469876,-84.46863886398934,16980.0,golfer,4,#007cbf,,,,,,,,
golfer_group_14,38.02440278870384,-84.4686927260434,17040.0,golfer,4,#007cbf,,,,,,,,
golfer_group_14,38.0241130219378,-84.46874658809746,17100.0,golfer,4,#007cbf,,,,,,,,
golfer_group_14,38.02382325517176,-84.46880045015152,17160.0,golfer,4,#007cbf,,,,,,,,
golfer_group_14,38.023533488405725,-84.46885431220558,17220.0,golfer,4,#007cbf,,,,,,,,
golfer_group_14,38.02325287292604,-84.46895459002404,17280.0,golfer,4,#007cbf,,,,,,,,
golfer_group_14,38.023120094224296,-84.46908677293466,17340.0,golfer,4,#007cbf,,,,,,,,
golfer_group_14,38.02338797984743,-84.46923698741324,17400.0,golfer,4,#007cbf,,,,,,,,
golfer_group_14,38.02365586547056,-84.46938720189182,17460.0,golfer,4,#007cbf,,,,,,,,
golfer_group_14,38.02392375109368,-84.4695374163704,17520.0,golfer,4,#007cbf,,,,,,,,
golfer_group_14,38.024191636716814,-84.46968763084898,17580.0,golfer,4,#007cbf,,,,,,,,
golfer_group_14,38.024459522339946,-84.46983784532756,17640.0,golfer,4,#007cbf,,,,,,,,
golfer_group_14,38.02472740796308,-84.46998805980614,17700.0,golfer,4,#007cbf,,,,,,,,
golfer_group_14,38.0249952935862,-84.47013827428472,17760.0,golfer,4,#007cbf,,,,,,,,
golfer_group_14,38.02526317920933,-84.4702884887633,17820.0,golfer,4,#007cbf,,,,,,,,
golfer_group_14,38.02549053793203,-84.47051685206469,17880.0,golfer,4,#007cbf,,,,,,,,
golfer_group_14,38.02570511747455,-84.47076985771169,17940.0,golfer,4,#007cbf,,,,,,,,
golfer_group_14,38.025919697017066,-84.4710228633587,18000.0,golfer,4,#007cbf,,,,,,,,
golfer_group_14,38.02613427655959,-84.4712758690057,18060.0,golfer,4,#007cbf,,,,,,,,
golfer_group_14,38.02634885610211,-84.4715288746527,18120.0,golfer,4,#007cbf,,,,,,,,
golfer_group_14,38.026563435644626,-84.4717818802997,18180.0,golfer,4,#007cbf,,,,,,,,
golfer_group_14,38.02678243981026,-84.47202860408251,18240.0,golfer,4,#007cbf,,,,,,,,
golfer_group_14,38.02668611647238,-84.47218057293104,18300.0,golfer,4,#007cbf,,,,,,,,
golfer_group_14,38.02640386024167,-84.4722796932027,18360.0,golfer,4,#007cbf,,,,,,,,
golfer_group_14,38.02612160401096,-84.47237881347434,18420.0,golfer,4,#007cbf,,,,,,,,
golfer_group_14,38.02583934778024,-84.47247793374599,18480.0,golfer,4,#007cbf,,,,,,,,
golfer_group_14,38.02555709154953,-84.47257705401765,18540.0,golfer,4,#007cbf,,,,,,,,
golfer_group_14,38.025278899056985,-84.47258808504574,18600.0,golfer,4,#007cbf,,,,,,,,
golfer_group_14,38.02505413568005,-84.47238241246707,18660.0,golfer,4,#007cbf,,,,,,,,
golfer_group_14,38.02491621232278,-84.47205445775451,18720.0,golfer,4,#007cbf,,,,,,,,
golfer_group_14,38.02477828896551,-84.47172650304194,18780.0,golfer,4,#007cbf,,,,,,,,
golfer_group_14,38.024640365608235,-84.47139854832938,18840.0,golfer,4,#007cbf,,,,,,,,
golfer_group_14,38.02450244225096,-84.4710705936168,18900.0,golfer,4,#007cbf,,,,,,,,
golfer_group_14,38.02436451889369,-84.47074263890424,18960.0,golfer,4,#007cbf,,,,,,,,
golfer_group_14,38.02422659553642,-84.47041468419167,19020.0,golfer,4,#007cbf,,,,,,,,
golfer_group_14,38.02408867217915,-84.4700867294791,19080.0,golfer,4,#007cbf,,,,,,,,
golfer_group_14,38.023830177494666,-84.46991493651929,19140.0,golfer,4,#007cbf,,,,,,,,
golfer_group_14,38.02356911857893,-84.46974646470437,19200.0,golfer,4,#007cbf,,,,,,,,
golfer_group_14,38.0233080596632,-84.46957799288944,19260.0,golfer,4,#007cbf,,,,,,,,
golfer_group_14,38.02304700074746,-84.46940952107451,19320.0,golfer,4,#007cbf,,,,,,,,
golfer_group_14,38.0227847606833,-84.46924457405959,19380.0,golfer,4,#007cbf,,,,,,,,
golfer_group_14,38.02250809559787,-84.46912267439926,19440.0,golfer,4,#007cbf,,,,,,,,
golfer_group_14,38.022527943550884,-84.46893235209967,19500.0,golfer,4,#007cbf,,,,,,,,
golfer_group_14,38.02275311404551,-84.46869465006165,19560.0,golfer,4,#007cbf,,,,,,,,
golfer_group_14,38.02297828454014,-84.46845694802364,19620.0,golfer,4,#007cbf,,,,,,,,
golfer_group_14,38.02320345503476,-84.46821924598564,19680.0,golfer,4,#007cbf,,,,,,,,
golfer_group_14,38.023428625529384,-84.46798154394763,19740.0,golfer,4,#007cbf,,,,,,,,
golfer_group_14,38.02365379602401,-84.46774384190961,19800.0,golfer,4,#007cbf,,,,,,,,
golfer_group_14,38.02387896651864,-84.4675061398716,19860.0,golfer,4,#007cbf,,,,,,,,
golfer_group_14,38.02410413701326,-84.4672684378336,19920.0,golfer,4,#007cbf,,,,,,,,
golfer_group_14,38.024329307507884,-84.46703073579559,19980.0,golfer,4,#007cbf,,,,,,,,
golfer_group_14,38.024516630016976,-84.46674714202182,20040.0,golfer,4,#007cbf,,,,,,,,
golfer_group_14,38.02469334505099,-84.4664506863893,20100.0,golfer,4,#007cbf,,,,,,,,
golfer_group_14,38.02487006008501,-84.46615423075679,20160.0,golfer,4,#007cbf,,,,,,,,
golfer_group_14,38.02504677511902,-84.46585777512426,20220.0,golfer,4,#007cbf,,,,,,,,
golfer_group_14,38.02525798622544,-84.46562593134438,20280.0,golfer,4,#007cbf,,,,,,,,
golfer_group_14,38.025540368765746,-84.46552739312297,20340.0,golfer,4,#007cbf,,,,,,,,
golfer_group_14,38.02582275130605,-84.46542885490156,20400.0,golfer,4,#007cbf,,,,,,,,
golfer_group_14,38.02610513384636,-84.46533031668015,20460.0,golfer,4,#007cbf,,,,,,,,
golfer_group_14,38.02637936666449,-84.46537020680762,20520.0,golfer,4,#007cbf,,,,,,,,
golfer_group_14,38.02664707383,-84.4655209394031,20580.0,golfer,4,#007cbf,,,,,,,,
golfer_group_14,38.026914780995504,-84.46567167199859,20640.0,golfer,4,#007cbf,,,,,,,,
golfer_group_14,38.02718248816101,-84.46582240459409,20700.0,golfer,4,#007cbf,,,,,,,,
golfer_group_14,38.027450195326516,-84.46597313718958,20760.0,golfer,4,#007cbf,,,,,,,,
golfer_group_14,38.02771790249202,-84.46612386978506,20820.0,golfer,4,#007cbf,,,,,,,,
golfer_group_14,38.027985609657534,-84.46627460238055,20880.0,golfer,4,#007cbf,,,,,,,,
golfer_group_14,38.02825331682304,-84.46642533497604,20940.0,golfer,4,#007cbf,,,,,,,,
golfer_group_14,38.02854411583699,-84.46643446747252,21000.0,golfer,4,#007cbf,,,,,,,,
golfer_group_14,38.02883696025459,-84.46643105747557,21060.0,golfer,4,#007cbf,,,,,,,,
golfer_group_14,38.02912980467218,-84.46642764747862,21120.0,golfer,4,#007cbf,,,,,,,,
golfer_group_14,38.029422649089774,-84.46642423748168,21180.0,golfer,4,#007cbf,,,,,,,,
golfer_group_14,38.029714660100595,-84.46640554510962,21240.0,golfer,4,#007cbf,,,,,,,,
golfer_group_14,38.03000508074206,-84.46635768976212,21300.0,golfer,4,#007cbf,,,,,,,,
golfer_group_14,38.03029550138352,-84.46630983441462,21360.0,golfer,4,#007cbf,,,,,,,,
golfer_group_14,38.03034421537664,-84.46623396436489,21420.0,golfer,4,#007cbf,,,,,,,,
golfer_group_14,38.0300654222068,-84.4661201350132,21480.0,golfer,4,#007cbf,,,,,,,,
golfer_group_14,38.02978662903697,-84.46600630566151,21540.0,golfer,4,#007cbf,,,,,,,,
golfer_group_14,38.02950783586713,-84.46589247630982,21600.0,golfer,4,#007cbf,,,,,,,,
golfer_group_14,38.029229042697295,-84.46577864695813,21660.0,golfer,4,#007cbf,,,,,,,,
golfer_group_14,38.02895024952746,-84.46566481760644,21720.0,golfer,4,#007cbf,,,,,,,,
golfer_group_14,38.02867145635763,-84.46555098825475,21780.0,golfer,4,#007cbf,,,,,,,,
golfer_group_14,38.02839266318779,-84.46543715890306,21840.0,golfer,4,#007cbf,,,,,,,,
golfer_group_14,38.02811294382565,-84.46532834232956,21900.0,golfer,4,#007cbf,,,,,,,,
golfer_group_14,38.02782336017175,-84.46527291370359,21960.0,golfer,4,#007cbf,,,,,,,,
golfer_group_14,38.02753377651786,-84.46521748507763,22020.0,golfer,4,#007cbf,,,,,,,,
golfer_group_14,38.027244192863975,-84.46516205645167,22080.0,golfer,4,#007cbf,,,,,,,,
golfer_group_14,38.02695460921009,-84.46510662782572,22140.0,golfer,4,#007cbf,,,,,,,,
golfer_group_14,38.02666502555619,-84.46505119919976,22200.0,golfer,4,#007cbf,,,,,,,,
golfer_group_14,38.02637326063661,-84.4650346343973,22260.0,golfer,4,#007cbf,,,,,,,,
golfer_group_14,38.02608041188864,-84.46503738027086,22320.0,golfer,4,#007cbf,,,,,,,,
golfer_group_14,38.025787563140675,-84.46504012614442,22380.0,golfer,2,#007cbf,,,,,,,,
golfer_group_14,38.025494714392714,-84.46504287201797,22440.0,golfer,4,#007cbf,,,,,,,,
golfer_group_14,38.02556401049359,-84.4653626218534,22500.0,golfer,4,#007cbf,,,,,,,,
golfer_group_14,38.025666096931715,-84.46571107475296,22560.0,golfer,4,#007cbf,,,,,,,,
golfer_group_14,38.02576818336984,-84.46605952765252,22620.0,golfer,4,#007cbf,,,,,,,,
golfer_group_14,38.02587026980797,-84.46640798055208,22680.0,golfer,4,#007cbf,,,,,,,,
golfer_group_14,38.02597235624609,-84.46675643345164,22740.0,golfer,4,#007cbf,,,,,,,,
golfer_group_14,38.02607444268422,-84.46710488635118,22800.0,golfer,4,#007cbf,,,,,,,,
golfer_group_14,38.026176529122345,-84.46745333925074,22860.0,golfer,4,#007cbf,,,,,,,,
golfer_group_14,38.02627861556047,-84.4678017921503,22920.0,golfer,4,#007cbf,,,,,,,,
golfer_group_14,38.026391551516966,-84.46814347235242,22980.0,golfer,4,#007cbf,,,,,,,,
golfer_group_14,38.0265466275618,-84.46845884704874,23040.0,golfer,4,#007cbf,,,,,,,,
golfer_group_14,38.02670170360664,-84.46877422174504,23100.0,golfer,4,#007cbf,,,,,,,,
golfer_group_14,38.02685677965148,-84.46908959644135,23160.0,golfer,4,#007cbf,,,,,,,,
golfer_group_14,38.027011855696315,-84.46940497113766,23220.0,golfer,4,#007cbf,,,,,,,,
golfer_group_14,38.027202562026105,-84.46967624119414,23280.0,golfer,4,#007cbf,,,,,,,,
golfer_group_14,38.027447,-84.469881,23340.0,golfer,1,#007cbf,,,,,,,,
golfer_group_15,38.027447,-84.469881,9540.0,golfer,1,#007cbf,,,,,,,,
golfer_group_15,38.02754627606764,-84.46962578282717,9600.0,golfer,1,#007cbf,,,,,,,,
golfer_group_15,38.02744283462056,-84.4692779685763,9660.0,golfer,1,#007cbf,,,,,,,,
golfer_group_15,38.02733939317348,-84.46893015432545,9720.0,golfer,1,#007cbf,,,,,,,,
golfer_group_15,38.0272359517264,-84.46858234007459,9780.0,golfer,1,#007cbf,,,,,,,,
golfer_group_15,38.027132510279316,-84.46823452582373,9840.0,golfer,1,#007cbf,,,,,,,,
golfer_group_15,38.027029068832235,-84.46788671157287,9900.0,golfer,1,#007cbf,,,,,,,,
golfer_group_15,38.026925627385154,-84.46753889732202,9960.0,golfer,1,#007cbf,,,,,,,,
golfer_group_15,38.02682218593807,-84.46719108307117,10020.0,golfer,1,#007cbf,,,,,,,,
golfer_group_15,38.026707885382585,-84.46684997010087,10080.0,golfer,1,#007cbf,,,,,,,,
golfer_group_15,38.0265563489919,-84.46653183579225,10140.0,golfer,1,#007cbf,,,,,,,,
golfer_group_15,38.02640481260122,-84.46621370148365,10200.0,golfer,1,#007cbf,,,,,,,,
golfer_group_15,38.02625327621054,-84.46589556717504,10260.0,golfer,1,#007cbf,,,,,,,,
golfer_group_15,38.026097865476636,-84.4655806681031,10320.0,golfer,1,#007cbf,,,,,,,,
golfer_group_15,38.02592778516153,-84.46527801873756,10380.0,golfer,4,#007cbf,,,,,,,,
golfer_group_15,38.02575770484643,-84.46497536937204,10440.0,golfer,2,#007cbf,,,,,,,,
golfer_group_15,38.02580429978306,-84.46478189846547,10500.0,golfer,2,#007cbf,,,,,,,,
golfer_group_15,38.02609158193444,-84.46470970518055,10560.0,golfer,2,#007cbf,,,,,,,,
golfer_group_15,38.02637886408582,-84.46463751189565,10620.0,golfer,2,#007cbf,,,,,,,,
golfer_group_15,38.0266661462372,-84.46456531861072,10680.0,golfer,2,#007cbf,,,,,,,,
golfer_group_15,38.02695342838857,-84.4644931253258,10740.0,golfer,2,#007cbf,,,,,,,,
golfer_group_15,38.02723262500985,-84.46440936561527,10800.0,golfer,2,#007cbf,,,,,,,,
golfer_group_15,38.02732323296244,-84.46405582806928,10860.0,golfer,2,#007cbf,,,,,,,,
golfer_group_15,38.027413840915024,-84.46370229052329,10920.0,golfer,3,#007cbf,,,,,,,,
golfer_group_15,38.02755613921936,-84.46339199540722,10980.0,golfer,3,#007cbf,,,,,,,,
golfer_group_15,38.02777631020529,-84.46314684598785,11040.0,golfer,3,#007cbf,,,,,,,,
golfer_group_15,38.027996481191224,-84.4629016965685,11100.0,golfer,3,#007cbf,,,,,,,,
golfer_group_15,38.028216652177164,-84.46265654714912,11160.0,golfer,3,#007cbf,,,,,,,,
golfer_group_15,38.0284368231631,-84.46241139772975,11220.0,golfer,3,#007cbf,,,,,,,,
golfer_group_15,38.02865699414903,-84.4621662483104,11280.0,golfer,3,#007cbf,,,,,,,,
golfer_group_15,38.02887716513497,-84.46192109889103,11340.0,golfer,3,#007cbf,,,,,,,,
golfer_group_15,38.029097336120905,-84.46167594947165,11400.0,golfer,3,#007cbf,,,,,,,,
golfer_group_15,38.02932048603734,-84.46143527844885,11460.0,golfer,3,#007cbf,,,,,,,,
golfer_group_15,38.02954781666501,-84.4612008925283,11520.0,golfer,3,#007cbf,,,,,,,,
golfer_group_15,38.029775147292675,-84.46096650660775,11580.0,golfer,3,#007cbf,,,,,,,,
golfer_group_15,38.03000247792034,-84.46073212068718,11640.0,golfer,3,#007cbf,,,,,,,,
golfer_group_15,38.03022980854801,-84.46049773476663,11700.0,golfer,3,#007cbf,,,,,,,,
golfer_group_15,38.03028198771919,-84.46029007968264,11760.0,golfer,3,#007cbf,,,,,,,,
golfer_group_15,38.030017377451664,-84.46013077159431,11820.0,golfer,4,#007cbf,,,,,,,,
golfer_group_15,38.02974997117584,-84.46003134117494,11880.0,golfer,4,#007cbf,,,,,,,,
golfer_group_15,38.029472388508275,-84.46014984237516,11940.0,golfer,4,#007cbf,,,,,,,,
golfer_group_15,38.02919480584071,-84.46026834357538,12000.0,golfer,4,#007cbf,,,,,,,,
golfer_group_15,38.02891722317315,-84.46038684477558,12060.0,golfer,4,#007cbf,,,,,,,,
golfer_group_15,38.02863964050559,-84.4605053459758,12120.0,golfer,4,#007cbf,,,,,,,,
golfer_group_15,38.02846819932939,-84.46074999771898,12180.0,golfer,4,#007cbf,,,,,,,,
golfer_group_15,38.028356651102726,-84.46108459413088,12240.0,golfer,4,#007cbf,,,,,,,,
golfer_group_15,38.028163251425084,-84.46136377382878,12300.0,golfer,4,#007cbf,,,,,,,,
golfer_group_15,38.02796985174745,-84.46164295352668,12360.0,golfer,4,#007cbf,,,,,,,,
golfer_group_15,38.02777645206981,-84.46192213322458,12420.0,golfer,4,#007cbf,,,,,,,,
golfer_group_15,38.027583052392174,-84.46220131292247,12480.0,golfer,4,#007cbf,,,,,,,,
golfer_group_15,38.02739313138997,-84.4624841808364,12540.0,golfer,4,#007cbf,,,,,,,,
golfer_group_15,38.02721114487077,-84.46277546117278,12600.0,golfer,4,#007cbf,,,,,,,,
golfer_group_15,38.02702915835156,-84.46306674150915,12660.0,golfer,4,#007cbf,,,,,,,,
golfer_group_15,38.02684717183235,-84.46335802184554,12720.0,golfer,4,#007cbf,,,,,,,,
golfer_group_15,38.027030664719845,-84.46345337202217,12780.0,golfer,4,#007cbf,,,,,,,,
golfer_group_15,38.02732202605173,-84.46349089491457,12840.0,golfer,3,#007cbf,,,,,,,,
golfer_group_15,38.02761338738361,-84.46352841780696,12900.0,golfer,3,#007cbf,,,,,,,,
golfer_group_15,38.02787761975422,-84.46365295047241,12960.0,golfer,4,#007cbf,,,,,,,,
golfer_group_15,38.02811027773896,-84.46387875056652,13020.0,golfer,4,#007cbf,,,,,,,,
golfer_group_15,38.02834293572369,-84.46410455066062,13080.0,golfer,4,#007cbf,,,,,,,,
golfer_group_15,38.028575593708425,-84.46433035075472,13140.0,golfer,4,#007cbf,,,,,,,,
golfer_group_15,38.028808251693164,-84.46455615084882,13200.0,golfer,4,#007cbf,,,,,,,,
golfer_group_15,38.029040909677896,-84.46478195094294,13260.0,golfer,4,#007cbf,,,,,,,,
golfer_group_15,38.02927356766263,-84.46500775103704,13320.0,golfer,4,#007cbf,,,,,,,,
golfer_group_15,38.02950622564737,-84.46523355113113,13380.0,golfer,4,#007cbf,,,,,,,,
golfer_group_15,38.02975350361947,-84.4654282954189,13440.0,golfer,4,#007cbf,,,,,,,,
golfer_group_15,38.030020352724144,-84.46558146666777,13500.0,golfer,4,#007cbf,,,,,,,,
golfer_group_15,38.03028720182882,-84.46573463791665,13560.0,golfer,4,#007cbf,,,,,,,,
golfer_group_15,38.030554050933496,-84.46588780916554,13620.0,golfer,4,#007cbf,,,,,,,,
golfer_group_15,38.0308144451061,-84.46601508231271,13680.0,golfer,4,#007cbf,,,,,,,,
golfer_group_15,38.03096331555731,-84.46569490649415,13740.0,golfer,4,#007cbf,,,,,,,,
golfer_group_15,38.03100160851583,-84.46532942233877,13800.0,golfer,4,#007cbf,,,,,,,,
golfer_group_15,38.03102825601745,-84.4649591665407,13860.0,golfer,4,#007cbf,,,,,,,,
golfer_group_15,38.03105490351906,-84.46458891074262,13920.0,golfer,4,#007cbf,,,,,,,,
golfer_group_15,38.031081551020684,-84.46421865494455,13980.0,golfer,4,#007cbf,,,,,,,,
golfer_group_15,38.031108198522304,-84.46384839914647,14040.0,golfer,4,#007cbf,,,,,,,,
golfer_group_15,38.03113484602392,-84.4634781433484,14100.0,golfer,4,#007cbf,,,,,,,,
golfer_group_15,38.03116149352554,-84.46310788755032,14160.0,golfer,4,#007cbf,,,,,,,,
golfer_group_15,38.031127268705696,-84.46274982308951,14220.0,golfer,4,#007cbf,,,,,,,,
golfer_group_15,38.031012137391194,-84.4624079623538,14280.0,golfer,4,#007cbf,,,,,,,,
golfer_group_15,38.03089700607669,-84.46206610161808,14340.0,golfer,4,#007cbf,,,,,,,,
golfer_group_15,38.0307818747622,-84.46172424088235,14400.0,golfer,4,#007cbf,,,,,,,,
golfer_group_15,38.030666743447696,-84.46138238014663,14460.0,golfer,4,#007cbf,,,,,,,,
golfer_group_15,38.030551612133195,-84.46104051941091,14520.0,golfer,4,#007cbf,,,,,,,,
golfer_group_15,38.03081531898336,-84.46091137688049,14580.0,golfer,4,#007cbf,,,,,,,,
golfer_group_15,38.0310279411826,-84.46098091912485,14640.0,golfer,4,#007cbf,,,,,,,,
golfer_group_15,38.03115090321037,-84.46131835889211,14700.0,golfer,4,#007cbf,,,,,,,,
golfer_group_15,38.031273865238134,-84.46165579865938,14760.0,golfer,4,#007cbf,,,,,,,,
golfer_group_15,38.03139682726591,-84.46199323842663,14820.0,golfer,4,#007cbf,,,,,,,,
golfer_group_15,38.031519789293675,-84.4623306781939,14880.0,golfer,4,#007cbf,,,,,,,,
golfer_group_15,38.03164275132144,-84.46266811796116,14940.0,golfer,4,#007cbf,,,,,,,,
golfer_group_15,38.03176571334921,-84.46300555772842,15000.0,golfer,4,#007cbf,,,,,,,,
golfer_group_15,38.031888675376976,-84.46334299749569,15060.0,golfer,4,#007cbf,,,,,,,,
golfer_group_15,38.031909837946635,-84.46368872876327,15120.0,golfer,4,#007cbf,,,,,,,,
golfer_group_15,38.03182184589159,-84.46404335060477,15180.0,golfer,4,#007cbf,,,,,,,,
golfer_group_15,38.03173385383655,-84.46439797244628,15240.0,golfer,4,#007cbf,,,,,,,,
golfer_group_15,38.031645861781506,-84.46475259428779,15300.0,golfer,4,#007cbf,,,,,,,,
golfer_group_15,38.03155786972646,-84.46510721612928,15360.0,golfer,4,#007cbf,,,,,,,,
golfer_group_15,38.03146987767142,-84.46546183797079,15420.0,golfer,4,#007cbf,,,,,,,,
golfer_group_15,38.03131864912918,-84.46576966145622,15480.0,golfer,4,#007cbf,,,,,,,,
golfer_group_15,38.0311189562348,-84.46604161874937,15540.0,golfer,4,#007cbf,,,,,,,,
golfer_group_15,38.030919263340415,-84.46631357604252,15600.0,golfer,4,#007cbf,,,,,,,,
golfer_group_15,38.030718115722834,-84.46658350967269,15660.0,golfer,4,#007cbf,,,,,,,,
golfer_group_15,38.0304866033238,-84.46681120290668,15720.0,golfer,4,#007cbf,,,,,,,,
golfer_group_15,38.030255090924776,-84.46703889614066,15780.0,golfer,4,#007cbf,,,,,,,,
golfer_group_15,38.03002357852575,-84.46726658937465,15840.0,golfer,4,#007cbf,,,,,,,,
golfer_group_15,38.02979206612672,-84.46749428260863,15900.0,golfer,4,#007cbf,,,,,,,,
golfer_group_15,38.02956055372769,-84.46772197584261,15960.0,golfer,4,#007cbf,,,,,,,,
golfer_group_15,38.02932904132866,-84.4679496690766,16020.0,golfer,4,#007cbf,,,,,,,,
golfer_group_15,38.02909752892963,-84.46817736231058,16080.0,golfer,4,#007cbf,,,,,,,,
golfer_group_15,38.0288660165306,-84.46840505554457,16140.0,golfer,4,#007cbf,,,,,,,,
golfer_group_15,38.02869804015225,-84.46870681462924,16200.0,golfer,4,#007cbf,,,,,,,,
golfer_group_15,38.028539024924726,-84.46901901999702,16260.0,golfer,4,#007cbf,,,,,,,,
golfer_group_15,38.0283800096972,-84.46933122536481,16320.0,golfer,4,#007cbf,,,,,,,,
golfer_group_15,38.028129065075696,-84.46949162304078,16380.0,golfer,4,#007cbf,,,,,,,,
golfer_group_15,38.02785052807789,-84.46960645602002,16440.0,golfer,1,#007cbf,,,,,,,,
golfer_group_15,38.027571991080094,-84.46972128899925,16500.0,golfer,1,#007cbf,,,,,,,,
golfer_group_15,38.02729345408229,-84.4698361219785,16560.0,golfer,4,#007cbf,,,,,,,,
golfer_group_15,38.027014917084486,-84.46995095495774,16620.0,golfer,4,#007cbf,,,,,,,,
golfer_group_15,38.02677219339408,-84.46990690842384,16680.0,golfer,4,#007cbf,,,,,,,,
golfer_group_15,38.026583670283,-84.46962241044099,16740.0,golfer,4,#007cbf,,,,,,,,
golfer_group_15,38.02639514717193,-84.46933791245814,16800.0,golfer,4,#007cbf,,,,,,,,
golfer_group_15,38.026206624060855,-84.4690534144753,16860.0,golfer,4,#007cbf,,,,,,,,
golfer_group_15,38.02601810094978,-84.46876891649245,16920.0,golfer,4,#007cbf,,,,,,,,
golfer_group_15,38.0258295778387,-84.4684844185096,16980.0,golfer,4,#007cbf,,,,,,,,
golfer_group_15,38.02564105472762,-84.46819992052676,17040.0,golfer,4,#007cbf,,,,,,,,
golfer_group_15,38.02539873776804,-84.4680332578427,17100.0,golfer,4,#007cbf,,,,,,,,
golfer_group_15,38.02511056304286,-84.46796704648648,17160.0,golfer,4,#007cbf,,,,,,,,
golfer_group_15,38.02482238831767,-84.46790083513027,17220.0,golfer,4,#007cbf,,,,,,,,
golfer_group_15,38.02466098715723,-84.46791926274804,17280.0,golfer,4,#007cbf,,,,,,,,
golfer_group_15,38.0248672597656,-84.46818316370741,17340.0,golfer,4,#007cbf,,,,,,,,
golfer_group_15,38.025073532373966,-84.46844706466678,17400.0,golfer,4,#007cbf,,,,,,,,
golfer_group_15,38.02498232223591,-84.46858500193528,17460.0,golfer,4,#007cbf,,,,,,,,
golfer_group_15,38.024692555469876,-84.46863886398934,17520.0,golfer,4,#007cbf,,,,,,,,
golfer_group_15,38.02440278870384,-84.4686927260434,17580.0,golfer,4,#007cbf,,,,,,,,
golfer_group_15,38.0241130219378,-84.46874658809746,17640.0,golfer,4,#007cbf,,,,,,,,
golfer_group_15,38.02382325517176,-84.46880045015152,17700.0,golfer,4,#007cbf,,,,,,,,
golfer_group_15,38.023533488405725,-84.46885431220558,17760.0,golfer,4,#007cbf,,,,,,,,
golfer_group_15,38.02325287292604,-84.46895459002404,17820.0,golfer,4,#007cbf,,,,,,,,
golfer_group_15,38.023120094224296,-84.46908677293466,17880.0,golfer,4,#007cbf,,,,,,,,
golfer_group_15,38.02338797984743,-84.46923698741324,17940.0,golfer,4,#007cbf,,,,,,,,
golfer_group_15,38.02365586547056,-84.46938720189182,18000.0,golfer,4,#007cbf,,,,,,,,
golfer_group_15,38.02392375109368,-84.4695374163704,18060.0,golfer,4,#007cbf,,,,,,,,
golfer_group_15,38.024191636716814,-84.46968763084898,18120.0,golfer,4,#007cbf,,,,,,,,
golfer_group_15,38.024459522339946,-84.46983784532756,18180.0,golfer,4,#007cbf,,,,,,,,
golfer_group_15,38.02472740796308,-84.46998805980614,18240.0,golfer,4,#007cbf,,,,,,,,
golfer_group_15,38.0249952935862,-84.47013827428472,18300.0,golfer,4,#007cbf,,,,,,,,
golfer_group_15,38.02526317920933,-84.4702884887633,18360.0,golfer,4,#007cbf,,,,,,,,
golfer_group_15,38.02549053793203,-84.47051685206469,18420.0,golfer,4,#007cbf,,,,,,,,
golfer_group_15,38.02570511747455,-84.47076985771169,18480.0,golfer,4,#007cbf,,,,,,,,
golfer_group_15,38.025919697017066,-84.4710228633587,18540.0,golfer,4,#007cbf,,,,,,,,
golfer_group_15,38.02613427655959,-84.4712758690057,18600.0,golfer,4,#007cbf,,,,,,,,
golfer_group_15,38.02634885610211,-84.4715288746527,18660.0,golfer,4,#007cbf,,,,,,,,
golfer_group_15,38.026563435644626,-84.4717818802997,18720.0,golfer,4,#007cbf,,,,,,,,
golfer_group_15,38.02678243981026,-84.47202860408251,18780.0,golfer,4,#007cbf,,,,,,,,
golfer_group_15,38.02668611647238,-84.47218057293104,18840.0,golfer,4,#007cbf,,,,,,,,
golfer_group_15,38.02640386024167,-84.4722796932027,18900.0,golfer,4,#007cbf,,,,,,,,
golfer_group_15,38.02612160401096,-84.47237881347434,18960.0,golfer,4,#007cbf,,,,,,,,
golfer_group_15,38.02583934778024,-84.47247793374599,19020.0,golfer,4,#007cbf,,,,,,,,
golfer_group_15,38.02555709154953,-84.47257705401765,19080.0,golfer,4,#007cbf,,,,,,,,
golfer_group_15,38.025278899056985,-84.47258808504574,19140.0,golfer,4,#007cbf,,,,,,,,
golfer_group_15,38.02505413568005,-84.47238241246707,19200.0,golfer,4,#007cbf,,,,,,,,
golfer_group_15,38.02491621232278,-84.47205445775451,19260.0,golfer,4,#007cbf,,,,,,,,
golfer_group_15,38.02477828896551,-84.47172650304194,19320.0,golfer,4,#007cbf,,,,,,,,
golfer_group_15,38.024640365608235,-84.47139854832938,19380.0,golfer,4,#007cbf,,,,,,,,
golfer_group_15,38.02450244225096,-84.4710705936168,19440.0,golfer,4,#007cbf,,,,,,,,
golfer_group_15,38.02436451889369,-84.47074263890424,19500.0,golfer,4,#007cbf,,,,,,,,
golfer_group_15,38.02422659553642,-84.47041468419167,19560.0,golfer,4,#007cbf,,,,,,,,
golfer_group_15,38.02408867217915,-84.4700867294791,19620.0,golfer,4,#007cbf,,,,,,,,
golfer_group_15,38.023830177494666,-84.46991493651929,19680.0,golfer,4,#007cbf,,,,,,,,
golfer_group_15,38.02356911857893,-84.46974646470437,19740.0,golfer,4,#007cbf,,,,,,,,
golfer_group_15,38.0233080596632,-84.46957799288944,19800.0,golfer,4,#007cbf,,,,,,,,
golfer_group_15,38.02304700074746,-84.46940952107451,19860.0,golfer,4,#007cbf,,,,,,,,
golfer_group_15,38.0227847606833,-84.46924457405959,19920.0,golfer,4,#007cbf,,,,,,,,
golfer_group_15,38.02250809559787,-84.46912267439926,19980.0,golfer,4,#007cbf,,,,,,,,
golfer_group_15,38.022527943550884,-84.46893235209967,20040.0,golfer,4,#007cbf,,,,,,,,
golfer_group_15,38.02275311404551,-84.46869465006165,20100.0,golfer,4,#007cbf,,,,,,,,
golfer_group_15,38.02297828454014,-84.46845694802364,20160.0,golfer,4,#007cbf,,,,,,,,
golfer_group_15,38.02320345503476,-84.46821924598564,20220.0,golfer,4,#007cbf,,,,,,,,
golfer_group_15,38.023428625529384,-84.46798154394763,20280.0,golfer,4,#007cbf,,,,,,,,
golfer_group_15,38.02365379602401,-84.46774384190961,20340.0,golfer,4,#007cbf,,,,,,,,
golfer_group_15,38.02387896651864,-84.4675061398716,20400.0,golfer,4,#007cbf,,,,,,,,
golfer_group_15,38.02410413701326,-84.4672684378336,20460.0,golfer,4,#007cbf,,,,,,,,
golfer_group_15,38.024329307507884,-84.46703073579559,20520.0,golfer,4,#007cbf,,,,,,,,
golfer_group_15,38.024516630016976,-84.46674714202182,20580.0,golfer,4,#007cbf,,,,,,,,
golfer_group_15,38.02469334505099,-84.4664506863893,20640.0,golfer,4,#007cbf,,,,,,,,
golfer_group_15,38.02487006008501,-84.46615423075679,20700.0,golfer,4,#007cbf,,,,,,,,
golfer_group_15,38.02504677511902,-84.46585777512426,20760.0,golfer,4,#007cbf,,,,,,,,
golfer_group_15,38.02525798622544,-84.46562593134438,20820.0,golfer,4,#007cbf,,,,,,,,
golfer_group_15,38.025540368765746,-84.46552739312297,20880.0,golfer,4,#007cbf,,,,,,,,
golfer_group_15,38.02582275130605,-84.46542885490156,20940.0,golfer,4,#007cbf,,,,,,,,
golfer_group_15,38.02610513384636,-84.46533031668015,21000.0,golfer,4,#007cbf,,,,,,,,
golfer_group_15,38.02637936666449,-84.46537020680762,21060.0,golfer,4,#007cbf,,,,,,,,
golfer_group_15,38.02664707383,-84.4655209394031,21120.0,golfer,4,#007cbf,,,,,,,,
golfer_group_15,38.026914780995504,-84.46567167199859,21180.0,golfer,4,#007cbf,,,,,,,,
golfer_group_15,38.02718248816101,-84.46582240459409,21240.0,golfer,4,#007cbf,,,,,,,,
golfer_group_15,38.027450195326516,-84.46597313718958,21300.0,golfer,4,#007cbf,,,,,,,,
golfer_group_15,38.02771790249202,-84.46612386978506,21360.0,golfer,4,#007cbf,,,,,,,,
golfer_group_15,38.027985609657534,-84.46627460238055,21420.0,golfer,4,#007cbf,,,,,,,,
golfer_group_15,38.02825331682304,-84.46642533497604,21480.0,golfer,4,#007cbf,,,,,,,,
golfer_group_15,38.02854411583699,-84.46643446747252,21540.0,golfer,4,#007cbf,,,,,,,,
golfer_group_15,38.02883696025459,-84.46643105747557,21600.0,golfer,4,#007cbf,,,,,,,,
golfer_group_15,38.02912980467218,-84.46642764747862,21660.0,golfer,4,#007cbf,,,,,,,,
golfer_group_15,38.029422649089774,-84.46642423748168,21720.0,golfer,4,#007cbf,,,,,,,,
golfer_group_15,38.029714660100595,-84.46640554510962,21780.0,golfer,4,#007cbf,,,,,,,,
golfer_group_15,38.03000508074206,-84.46635768976212,21840.0,golfer,4,#007cbf,,,,,,,,
golfer_group_15,38.03029550138352,-84.46630983441462,21900.0,golfer,4,#007cbf,,,,,,,,
golfer_group_15,38.03034421537664,-84.46623396436489,21960.0,golfer,4,#007cbf,,,,,,,,
golfer_group_15,38.0300654222068,-84.4661201350132,22020.0,golfer,4,#007cbf,,,,,,,,
golfer_group_15,38.02978662903697,-84.46600630566151,22080.0,golfer,4,#007cbf,,,,,,,,
golfer_group_15,38.02950783586713,-84.46589247630982,22140.0,golfer,4,#007cbf,,,,,,,,
golfer_group_15,38.029229042697295,-84.46577864695813,22200.0,golfer,4,#007cbf,,,,,,,,
golfer_group_15,38.02895024952746,-84.46566481760644,22260.0,golfer,4,#007cbf,,,,,,,,
golfer_group_15,38.02867145635763,-84.46555098825475,22320.0,golfer,4,#007cbf,,,,,,,,
golfer_group_15,38.02839266318779,-84.46543715890306,22380.0,golfer,4,#007cbf,,,,,,,,
golfer_group_15,38.02811294382565,-84.46532834232956,22440.0,golfer,4,#007cbf,,,,,,,,
golfer_group_15,38.02782336017175,-84.46527291370359,22500.0,golfer,4,#007cbf,,,,,,,,
golfer_group_15,38.02753377651786,-84.46521748507763,22560.0,golfer,4,#007cbf,,,,,,,,
golfer_group_15,38.027244192863975,-84.46516205645167,22620.0,golfer,4,#007cbf,,,,,,,,
golfer_group_15,38.02695460921009,-84.46510662782572,22680.0,golfer,4,#007cbf,,,,,,,,
golfer_group_15,38.02666502555619,-84.46505119919976,22740.0,golfer,4,#007cbf,,,,,,,,
golfer_group_15,38.02637326063661,-84.4650346343973,22800.0,golfer,4,#007cbf,,,,,,,,
golfer_group_15,38.02608041188864,-84.46503738027086,22860.0,golfer,4,#007cbf,,,,,,,,
golfer_group_15,38.025787563140675,-84.46504012614442,22920.0,golfer,2,#007cbf,,,,,,,,
golfer_group_15,38.025494714392714,-84.46504287201797,22980.0,golfer,4,#007cbf,,,,,,,,
golfer_group_15,38.02556401049359,-84.4653626218534,23040.0,golfer,4,#007cbf,,,,,,,,
golfer_group_15,38.025666096931715,-84.46571107475296,23100.0,golfer,4,#007cbf,,,,,,,,
golfer_group_15,38.02576818336984,-84.46605952765252,23160.0,golfer,4,#007cbf,,,,,,,,
golfer_group_15,38.02587026980797,-84.46640798055208,23220.0,golfer,4,#007cbf,,,,,,,,
golfer_group_15,38.02597235624609,-84.46675643345164,23280.0,golfer,4,#ffe6cc,,,,,,,,
golfer_group_15,38.02607444268422,-84.46710488635118,23340.0,golfer,4,#ffe6cc,,,,,,,,
golfer_group_15,38.026176529122345,-84.46745333925074,23400.0,golfer,4,#ffe6cc,,,,,,,,
golfer_group_15,38.02627861556047,-84.4678017921503,23460.0,golfer,4,#ffe6cc,,,,,,,,
golfer_group_15,38.026391551516966,-84.46814347235242,23520.0,golfer,4,#ffe6cc,,,,,,,,
golfer_group_15,38.0265466275618,-84.46845884704874,23580.0,golfer,4,#ffe6cc,,,,,,,,
golfer_group_15,38.02670170360664,-84.46877422174504,23640.0,golfer,4,#ffe6cc,,,,,,,,
golfer_group_15,38.02685677965148,-84.46908959644135,23700.0,golfer,4,#ffe6cc,,,,,,,,
golfer_group_15,38.027011855696315,-84.46940497113766,23760.0,golfer,4,#ffe6cc,,,,,,,,
golfer_group_15,38.027202562026105,-84.46967624119414,23820.0,golfer,4,#ffe6cc,,,,,,,,
golfer_group_15,38.027447,-84.469881,23880.0,golfer,1,#ffcc99,,,,,,,,
golfer_group_16,38.027447,-84.469881,10080.0,golfer,1,#007cbf,,,,,,,,
golfer_group_16,38.02754627606764,-84.46962578282717,10140.0,golfer,1,#007cbf,,,,,,,,
golfer_group_16,38.02744283462056,-84.4692779685763,10200.0,golfer,1,#007cbf,,,,,,,,
golfer_group_16,38.02733939317348,-84.46893015432545,10260.0,golfer,1,#007cbf,,,,,,,,
golfer_group_16,38.0272359517264,-84.46858234007459,10320.0,golfer,1,#007cbf,,,,,,,,
golfer_group_16,38.027132510279316,-84.46823452582373,10380.0,golfer,1,#007cbf,,,,,,,,
golfer_group_16,38.027029068832235,-84.46788671157287,10440.0,golfer,1,#007cbf,,,,,,,,
golfer_group_16,38.026925627385154,-84.46753889732202,10500.0,golfer,1,#007cbf,,,,,,,,
golfer_group_16,38.02682218593807,-84.46719108307117,10560.0,golfer,1,#007cbf,,,,,,,,
golfer_group_16,38.026707885382585,-84.46684997010087,10620.0,golfer,1,#007cbf,,,,,,,,
golfer_group_16,38.0265563489919,-84.46653183579225,10680.0,golfer,1,#007cbf,,,,,,,,
golfer_group_16,38.02640481260122,-84.46621370148365,10740.0,golfer,1,#007cbf,,,,,,,,
golfer_group_16,38.02625327621054,-84.46589556717504,10800.0,golfer,1,#007cbf,,,,,,,,
golfer_group_16,38.026097865476636,-84.4655806681031,10860.0,golfer,1,#007cbf,,,,,,,,
golfer_group_16,38.02592778516153,-84.46527801873756,10920.0,golfer,4,#007cbf,,,,,,,,
golfer_group_16,38.02575770484643,-84.46497536937204,10980.0,golfer,2,#007cbf,,,,,,,,
golfer_group_16,38.02580429978306,-84.46478189846547,11040.0,golfer,2,#007cbf,,,,,,,,
golfer_group_16,38.02609158193444,-84.46470970518055,11100.0,golfer,2,#007cbf,,,,,,,,
golfer_group_16,38.02637886408582,-84.46463751189565,11160.0,golfer,2,#007cbf,,,,,,,,
golfer_group_16,38.0266661462372,-84.46456531861072,11220.0,golfer,2,#007cbf,,,,,,,,
golfer_group_16,38.02695342838857,-84.4644931253258,11280.0,golfer,2,#007cbf,,,,,,,,
golfer_group_16,38.02723262500985,-84.46440936561527,11340.0,golfer,2,#007cbf,,,,,,,,
golfer_group_16,38.02732323296244,-84.46405582806928,11400.0,golfer,2,#007cbf,,,,,,,,
golfer_group_16,38.027413840915024,-84.46370229052329,11460.0,golfer,3,#007cbf,,,,,,,,
golfer_group_16,38.02755613921936,-84.46339199540722,11520.0,golfer,3,#007cbf,,,,,,,,
golfer_group_16,38.02777631020529,-84.46314684598785,11580.0,golfer,3,#007cbf,,,,,,,,
golfer_group_16,38.027996481191224,-84.4629016965685,11640.0,golfer,3,#007cbf,,,,,,,,
golfer_group_16,38.028216652177164,-84.46265654714912,11700.0,golfer,3,#007cbf,,,,,,,,
golfer_group_16,38.0284368231631,-84.46241139772975,11760.0,golfer,3,#007cbf,,,,,,,,
golfer_group_16,38.02865699414903,-84.4621662483104,11820.0,golfer,3,#007cbf,,,,,,,,
golfer_group_16,38.02887716513497,-84.46192109889103,11880.0,golfer,3,#007cbf,,,,,,,,
golfer_group_16,38.029097336120905,-84.46167594947165,11940.0,golfer,3,#007cbf,,,,,,,,
golfer_group_16,38.02932048603734,-84.46143527844885,12000.0,golfer,3,#007cbf,,,,,,,,
golfer_group_16,38.02954781666501,-84.4612008925283,12060.0,golfer,3,#007cbf,,,,,,,,
golfer_group_16,38.029775147292675,-84.46096650660775,12120.0,golfer,3,#007cbf,,,,,,,,
golfer_group_16,38.03000247792034,-84.46073212068718,12180.0,golfer,3,#007cbf,,,,,,,,
golfer_group_16,38.03022980854801,-84.46049773476663,12240.0,golfer,3,#007cbf,,,,,,,,
golfer_group_16,38.03028198771919,-84.46029007968264,12300.0,golfer,3,#007cbf,,,,,,,,
golfer_group_16,38.030017377451664,-84.46013077159431,12360.0,golfer,4,#007cbf,,,,,,,,
golfer_group_16,38.02974997117584,-84.46003134117494,12420.0,golfer,4,#007cbf,,,,,,,,
golfer_group_16,38.029472388508275,-84.46014984237516,12480.0,golfer,4,#007cbf,,,,,,,,
golfer_group_16,38.02919480584071,-84.46026834357538,12540.0,golfer,4,#007cbf,,,,,,,,
golfer_group_16,38.02891722317315,-84.46038684477558,12600.0,golfer,4,#007cbf,,,,,,,,
golfer_group_16,38.02863964050559,-84.4605053459758,12660.0,golfer,4,#007cbf,,,,,,,,
golfer_group_16,38.02846819932939,-84.46074999771898,12720.0,golfer,4,#007cbf,,,,,,,,
golfer_group_16,38.028356651102726,-84.46108459413088,12780.0,golfer,4,#007cbf,,,,,,,,
golfer_group_16,38.028163251425084,-84.46136377382878,12840.0,golfer,4,#007cbf,,,,,,,,
golfer_group_16,38.02796985174745,-84.46164295352668,12900.0,golfer,4,#007cbf,,,,,,,,
golfer_group_16,38.02777645206981,-84.46192213322458,12960.0,golfer,4,#007cbf,,,,,,,,
golfer_group_16,38.027583052392174,-84.46220131292247,13020.0,golfer,4,#007cbf,,,,,,,,
golfer_group_16,38.02739313138997,-84.4624841808364,13080.0,golfer,4,#007cbf,,,,,,,,
golfer_group_16,38.02721114487077,-84.46277546117278,13140.0,golfer,4,#007cbf,,,,,,,,
golfer_group_16,38.02702915835156,-84.46306674150915,13200.0,golfer,4,#ffe6cc,,,,,,,,
golfer_group_16,38.02684717183235,-84.46335802184554,13260.0,golfer,4,#ffe6cc,,,,,,,,
golfer_group_16,38.027030664719845,-84.46345337202217,13320.0,golfer,4,#ffe6cc,,,,,,,,
golfer_group_16,38.02732202605173,-84.46349089491457,13380.0,golfer,3,#ffe6cc,,,,,,,,
golfer_group_16,38.02761338738361,-84.46352841780696,13440.0,golfer,3,#ffe6cc,,,,,,,,
golfer_group_16,38.02787761975422,-84.46365295047241,13500.0,golfer,4,#ffe6cc,,,,,,,,
golfer_group_16,38.02811027773896,-84.46387875056652,13560.0,golfer,4,#ffe6cc,,,,,,,,
golfer_group_16,38.02834293572369,-84.46410455066062,13620.0,golfer,4,#ffe6cc,,,,,,,,
golfer_group_16,38.028575593708425,-84.46433035075472,13680.0,golfer,4,#ffe6cc,,,,,,,,
golfer_group_16,38.028808251693164,-84.46455615084882,13740.0,golfer,4,#ffe6cc,,,,,,,,
golfer_group_16,38.029040909677896,-84.46478195094294,13800.0,golfer,4,#ffcc99,,,,,,,,
golfer_group_16,38.02927356766263,-84.46500775103704,13860.0,golfer,4,#ffcc99,,,,,,,,
golfer_group_16,38.02950622564737,-84.46523355113113,13920.0,golfer,4,#ffcc99,,,,,,,,
golfer_group_16,38.02975350361947,-84.4654282954189,13980.0,golfer,4,#ffcc99,,,,,,,,
golfer_group_16,38.030020352724144,-84.46558146666777,14040.0,golfer,4,#ffcc99,,,,,,,,
golfer_group_16,38.03028720182882,-84.46573463791665,14100.0,golfer,4,#00b894,,,,,,,,
golfer_group_16,38.030554050933496,-84.46588780916554,14160.0,golfer,4,#00b894,,,,,,,,
golfer_group_16,38.0308144451061,-84.46601508231271,14220.0,golfer,4,#00b894,,,,,,,,
golfer_group_16,38.03096331555731,-84.46569490649415,14280.0,golfer,4,#00b894,,,,,,,,
golfer_group_16,38.03100160851583,-84.46532942233877,14340.0,golfer,4,#00b894,,,,,,,,
golfer_group_16,38.03102825601745,-84.4649591665407,14400.0,golfer,4,#00b894,,,,,,,,
golfer_group_16,38.03105490351906,-84.46458891074262,14460.0,golfer,4,#00b894,,,,,,,,
golfer_group_16,38.031081551020684,-84.46421865494455,14520.0,golfer,4,#00b894,,,,,,,,
golfer_group_16,38.031108198522304,-84.46384839914647,14580.0,golfer,4,#00b894,,,,,,,,
golfer_group_16,38.03113484602392,-84.4634781433484,14640.0,golfer,4,#00b894,,,,,,,,
golfer_group_16,38.03116149352554,-84.46310788755032,14700.0,golfer,4,#00b894,,,,,,,,
golfer_group_16,38.031127268705696,-84.46274982308951,14760.0,golfer,4,#00b894,,,,,,,,
golfer_group_16,38.031012137391194,-84.4624079623538,14820.0,golfer,4,#00b894,,,,,,,,
golfer_group_16,38.03089700607669,-84.46206610161808,14880.0,golfer,4,#00b894,,,,,,,,
golfer_group_16,38.0307818747622,-84.46172424088235,14940.0,golfer,4,#00b894,,,,,,,,
golfer_group_16,38.030666743447696,-84.46138238014663,15000.0,golfer,4,#00b894,,,,,,,,
golfer_group_16,38.030551612133195,-84.46104051941091,15060.0,golfer,4,#00b894,,,,,,,,
golfer_group_16,38.03081531898336,-84.46091137688049,15120.0,golfer,4,#00b894,,,,,,,,
golfer_group_16,38.0310279411826,-84.46098091912485,15180.0,golfer,4,#00b894,,,,,,,,
golfer_group_16,38.03115090321037,-84.46131835889211,15240.0,golfer,4,#00b894,,,,,,,,
golfer_group_16,38.031273865238134,-84.46165579865938,15300.0,golfer,4,#00b894,,,,,,,,
golfer_group_16,38.03139682726591,-84.46199323842663,15360.0,golfer,4,#00b894,,,,,,,,
golfer_group_16,38.031519789293675,-84.4623306781939,15420.0,golfer,4,#00b894,,,,,,,,
golfer_group_16,38.03164275132144,-84.46266811796116,15480.0,golfer,4,#00b894,,,,,,,,
golfer_group_16,38.03176571334921,-84.46300555772842,15540.0,golfer,4,#00b894,,,,,,,,
golfer_group_16,38.031888675376976,-84.46334299749569,15600.0,golfer,4,#00b894,,,,,,,,
golfer_group_16,38.031909837946635,-84.46368872876327,15660.0,golfer,4,#00b894,,,,,,,,
golfer_group_16,38.03182184589159,-84.46404335060477,15720.0,golfer,4,#00b894,,,,,,,,
golfer_group_16,38.03173385383655,-84.46439797244628,15780.0,golfer,4,#00b894,,,,,,,,
golfer_group_16,38.031645861781506,-84.46475259428779,15840.0,golfer,4,#00b894,,,,,,,,
golfer_group_16,38.03155786972646,-84.46510721612928,15900.0,golfer,4,#00b894,,,,,,,,
golfer_group_16,38.03146987767142,-84.46546183797079,15960.0,golfer,4,#00b894,,,,,,,,
golfer_group_16,38.03131864912918,-84.46576966145622,16020.0,golfer,4,#00b894,,,,,,,,
golfer_group_16,38.0311189562348,-84.46604161874937,16080.0,golfer,4,#ffe6cc,,,,,,,,
golfer_group_16,38.030919263340415,-84.46631357604252,16140.0,golfer,4,#ffe6cc,,,,,,,,
golfer_group_16,38.030718115722834,-84.46658350967269,16200.0,golfer,4,#ffe6cc,,,,,,,,
golfer_group_16,38.0304866033238,-84.46681120290668,16260.0,golfer,4,#ffe6cc,,,,,,,,
golfer_group_16,38.030255090924776,-84.46703889614066,16320.0,golfer,4,#ffe6cc,,,,,,,,
golfer_group_16,38.03002357852575,-84.46726658937465,16380.0,golfer,4,#ffe6cc,,,,,,,,
golfer_group_16,38.02979206612672,-84.46749428260863,16440.0,golfer,4,#ffe6cc,,,,,,,,
golfer_group_16,38.02956055372769,-84.46772197584261,16500.0,golfer,4,#ffe6cc,,,,,,,,
golfer_group_16,38.02932904132866,-84.4679496690766,16560.0,golfer,4,#ffe6cc,,,,,,,,
golfer_group_16,38.02909752892963,-84.46817736231058,16620.0,golfer,4,#ffe6cc,,,,,,,,
golfer_group_16,38.0288660165306,-84.46840505554457,16680.0,golfer,4,#ffcc99,,,,,,,,
golfer_group_16,38.02869804015225,-84.46870681462924,16740.0,golfer,4,#ffcc99,,,,,,,,
golfer_group_16,38.028539024924726,-84.46901901999702,16800.0,golfer,4,#ffcc99,,,,,,,,
golfer_group_16,38.0283800096972,-84.46933122536481,16860.0,golfer,4,#ffcc99,,,,,,,,
golfer_group_16,38.028129065075696,-84.46949162304078,16920.0,golfer,4,#ffcc99,,,,,,,,
golfer_group_16,38.02785052807789,-84.46960645602002,16980.0,golfer,1,#ffcc99,,,,,,,,
golfer_group_16,38.027571991080094,-84.46972128899925,17040.0,golfer,1,#ffcc99,,,,,,,,
golfer_group_16,38.02729345408229,-84.4698361219785,17100.0,golfer,4,#ffcc99,,,,,,,,
golfer_group_16,38.027014917084486,-84.46995095495774,17160.0,golfer,4,#ffcc99,,,,,,,,
golfer_group_16,38.02677219339408,-84.46990690842384,17220.0,golfer,4,#00b894,,,,,,,,
golfer_group_16,38.026583670283,-84.46962241044099,17280.0,golfer,4,#00b894,,,,,,,,
golfer_group_16,38.02639514717193,-84.46933791245814,17340.0,golfer,4,#00b894,,,,,,,,
golfer_group_16,38.026206624060855,-84.4690534144753,17400.0,golfer,4,#00b894,,,,,,,,
golfer_group_16,38.02601810094978,-84.46876891649245,17460.0,golfer,4,#00b894,,,,,,,,
golfer_group_16,38.0258295778387,-84.4684844185096,17520.0,golfer,4,#00b894,,,,,,,,
golfer_group_16,38.02564105472762,-84.46819992052676,17580.0,golfer,4,#00b894,,,,,,,,
golfer_group_16,38.02539873776804,-84.4680332578427,17640.0,golfer,4,#00b894,,,,,,,,
golfer_group_16,38.02511056304286,-84.46796704648648,17700.0,golfer,4,#00b894,,,,,,,,
golfer_group_16,38.02482238831767,-84.46790083513027,17760.0,golfer,4,#00b894,,,,,,,,
golfer_group_16,38.02466098715723,-84.46791926274804,17820.0,golfer,4,#00b894,,,,,,,,
golfer_group_16,38.0248672597656,-84.46818316370741,17880.0,golfer,4,#00b894,,,,,,,,
golfer_group_16,38.025073532373966,-84.46844706466678,17940.0,golfer,4,#00b894,,,,,,,,
golfer_group_16,38.02498232223591,-84.46858500193528,18000.0,golfer,4,#00b894,,,,,,,,
golfer_group_16,38.024692555469876,-84.46863886398934,18060.0,golfer,4,#00b894,,,,,,,,
golfer_group_16,38.02440278870384,-84.4686927260434,18120.0,golfer,4,#00b894,,,,,,,,
golfer_group_16,38.0241130219378,-84.46874658809746,18180.0,golfer,4,#00b894,,,,,,,,
golfer_group_16,38.02382325517176,-84.46880045015152,18240.0,golfer,4,#00b894,,,,,,,,
golfer_group_16,38.023533488405725,-84.46885431220558,18300.0,golfer,4,#00b894,,,,,,,,
golfer_group_16,38.02325287292604,-84.46895459002404,18360.0,golfer,4,#00b894,,,,,,,,
golfer_group_16,38.023120094224296,-84.46908677293466,18420.0,golfer,4,#00b894,,,,,,,,
golfer_group_16,38.02338797984743,-84.46923698741324,18480.0,golfer,4,#00b894,,,,,,,,
golfer_group_16,38.02365586547056,-84.46938720189182,18540.0,golfer,4,#00b894,,,,,,,,
golfer_group_16,38.02392375109368,-84.4695374163704,18600.0,golfer,4,#00b894,,,,,,,,
golfer_group_16,38.024191636716814,-84.46968763084898,18660.0,golfer,4,#00b894,,,,,,,,
golfer_group_16,38.024459522339946,-84.46983784532756,18720.0,golfer,4,#00b894,,,,,,,,
golfer_group_16,38.02472740796308,-84.46998805980614,18780.0,golfer,4,#00b894,,,,,,,,
golfer_group_16,38.0249952935862,-84.47013827428472,18840.0,golfer,4,#00b894,,,,,,,,
golfer_group_16,38.02526317920933,-84.4702884887633,18900.0,golfer,4,#00b894,,,,,,,,
golfer_group_16,38.02549053793203,-84.47051685206469,18960.0,golfer,4,#00b894,,,,,,,,
golfer_group_16,38.02570511747455,-84.47076985771169,19020.0,golfer,4,#00b894,,,,,,,,
golfer_group_16,38.025919697017066,-84.4710228633587,19080.0,golfer,4,#00b894,,,,,,,,
golfer_group_16,38.02613427655959,-84.4712758690057,19140.0,golfer,4,#00b894,,,,,,,,
golfer_group_16,38.02634885610211,-84.4715288746527,19200.0,golfer,4,#00b894,,,,,,,,
golfer_group_16,38.026563435644626,-84.4717818802997,19260.0,golfer,4,#00b894,,,,,,,,
golfer_group_16,38.02678243981026,-84.47202860408251,19320.0,golfer,4,#00b894,,,,,,,,
golfer_group_16,38.02668611647238,-84.47218057293104,19380.0,golfer,4,#00b894,,,,,,,,
golfer_group_16,38.02640386024167,-84.4722796932027,19440.0,golfer,4,#00b894,,,,,,,,
golfer_group_16,38.02612160401096,-84.47237881347434,19500.0,golfer,4,#00b894,,,,,,,,
golfer_group_16,38.02583934778024,-84.47247793374599,19560.0,golfer,4,#00b894,,,,,,,,
golfer_group_16,38.02555709154953,-84.47257705401765,19620.0,golfer,4,#00b894,,,,,,,,
golfer_group_16,38.025278899056985,-84.47258808504574,19680.0,golfer,4,#00b894,,,,,,,,
golfer_group_16,38.02505413568005,-84.47238241246707,19740.0,golfer,4,#00b894,,,,,,,,
golfer_group_16,38.02491621232278,-84.47205445775451,19800.0,golfer,4,#00b894,,,,,,,,
golfer_group_16,38.02477828896551,-84.47172650304194,19860.0,golfer,4,#00b894,,,,,,,,
golfer_group_16,38.024640365608235,-84.47139854832938,19920.0,golfer,4,#00b894,,,,,,,,
golfer_group_16,38.02450244225096,-84.4710705936168,19980.0,golfer,4,#00b894,,,,,,,,
golfer_group_16,38.02436451889369,-84.47074263890424,20040.0,golfer,4,#00b894,,,,,,,,
golfer_group_16,38.02422659553642,-84.47041468419167,20100.0,golfer,4,#00b894,,,,,,,,
golfer_group_16,38.02408867217915,-84.4700867294791,20160.0,golfer,4,#00b894,,,,,,,,
golfer_group_16,38.023830177494666,-84.46991493651929,20220.0,golfer,4,#00b894,,,,,,,,
golfer_group_16,38.02356911857893,-84.46974646470437,20280.0,golfer,4,#00b894,,,,,,,,
golfer_group_16,38.0233080596632,-84.46957799288944,20340.0,golfer,4,#00b894,,,,,,,,
golfer_group_16,38.02304700074746,-84.46940952107451,20400.0,golfer,4,#00b894,,,,,,,,
golfer_group_16,38.0227847606833,-84.46924457405959,20460.0,golfer,4,#00b894,,,,,,,,
golfer_group_16,38.02250809559787,-84.46912267439926,20520.0,golfer,4,#00b894,,,,,,,,
golfer_group_16,38.022527943550884,-84.46893235209967,20580.0,golfer,4,#00b894,,,,,,,,
golfer_group_16,38.02275311404551,-84.46869465006165,20640.0,golfer,4,#00b894,,,,,,,,
golfer_group_16,38.02297828454014,-84.46845694802364,20700.0,golfer,4,#00b894,,,,,,,,
golfer_group_16,38.02320345503476,-84.46821924598564,20760.0,golfer,4,#00b894,,,,,,,,
golfer_group_16,38.023428625529384,-84.46798154394763,20820.0,golfer,4,#00b894,,,,,,,,
golfer_group_16,38.02365379602401,-84.46774384190961,20880.0,golfer,4,#00b894,,,,,,,,
golfer_group_16,38.02387896651864,-84.4675061398716,20940.0,golfer,4,#00b894,,,,,,,,
golfer_group_16,38.02410413701326,-84.4672684378336,21000.0,golfer,4,#00b894,,,,,,,,
golfer_group_16,38.024329307507884,-84.46703073579559,21060.0,golfer,4,#00b894,,,,,,,,
golfer_group_16,38.024516630016976,-84.46674714202182,21120.0,golfer,4,#00b894,,,,,,,,
golfer_group_16,38.02469334505099,-84.4664506863893,21180.0,golfer,4,#00b894,,,,,,,,
golfer_group_16,38.02487006008501,-84.46615423075679,21240.0,golfer,4,#00b894,,,,,,,,
golfer_group_16,38.02504677511902,-84.46585777512426,21300.0,golfer,4,#00b894,,,,,,,,
golfer_group_16,38.02525798622544,-84.46562593134438,21360.0,golfer,4,#00b894,,,,,,,,
golfer_group_16,38.025540368765746,-84.46552739312297,21420.0,golfer,4,#00b894,,,,,,,,
golfer_group_16,38.02582275130605,-84.46542885490156,21480.0,golfer,4,#00b894,,,,,,,,
golfer_group_16,38.02610513384636,-84.46533031668015,21540.0,golfer,4,#00b894,,,,,,,,
golfer_group_16,38.02637936666449,-84.46537020680762,21600.0,golfer,4,#00b894,,,,,,,,
golfer_group_16,38.02664707383,-84.4655209394031,21660.0,golfer,4,#00b894,,,,,,,,
golfer_group_16,38.026914780995504,-84.46567167199859,21720.0,golfer,4,#00b894,,,,,,,,
golfer_group_16,38.02718248816101,-84.46582240459409,21780.0,golfer,4,#00b894,,,,,,,,
golfer_group_16,38.027450195326516,-84.46597313718958,21840.0,golfer,4,#00b894,,,,,,,,
golfer_group_16,38.02771790249202,-84.46612386978506,21900.0,golfer,4,#00b894,,,,,,,,
golfer_group_16,38.027985609657534,-84.46627460238055,21960.0,golfer,4,#00b894,,,,,,,,
golfer_group_16,38.02825331682304,-84.46642533497604,22020.0,golfer,4,#00b894,,,,,,,,
golfer_group_16,38.02854411583699,-84.46643446747252,22080.0,golfer,4,#00b894,,,,,,,,
golfer_group_16,38.02883696025459,-84.46643105747557,22140.0,golfer,4,#00b894,,,,,,,,
golfer_group_16,38.02912980467218,-84.46642764747862,22200.0,golfer,4,#00b894,,,,,,,,
golfer_group_16,38.029422649089774,-84.46642423748168,22260.0,golfer,4,#00b894,,,,,,,,
golfer_group_16,38.029714660100595,-84.46640554510962,22320.0,golfer,4,#00b894,,,,,,,,
golfer_group_16,38.03000508074206,-84.46635768976212,22380.0,golfer,4,#00b894,,,,,,,,
golfer_group_16,38.03029550138352,-84.46630983441462,22440.0,golfer,4,#00b894,,,,,,,,
golfer_group_16,38.03034421537664,-84.46623396436489,22500.0,golfer,4,#00b894,,,,,,,,
golfer_group_16,38.0300654222068,-84.4661201350132,22560.0,golfer,4,#00b894,,,,,,,,
golfer_group_16,38.02978662903697,-84.46600630566151,22620.0,golfer,4,#00b894,,,,,,,,
golfer_group_16,38.02950783586713,-84.46589247630982,22680.0,golfer,4,#00b894,,,,,,,,
golfer_group_16,38.029229042697295,-84.46577864695813,22740.0,golfer,4,#00b894,,,,,,,,
golfer_group_16,38.02895024952746,-84.46566481760644,22800.0,golfer,4,#00b894,,,,,,,,
golfer_group_16,38.02867145635763,-84.46555098825475,22860.0,golfer,4,#00b894,,,,,,,,
golfer_group_16,38.02839266318779,-84.46543715890306,22920.0,golfer,4,#00b894,,,,,,,,
golfer_group_16,38.02811294382565,-84.46532834232956,22980.0,golfer,4,#00b894,,,,,,,,
golfer_group_16,38.02782336017175,-84.46527291370359,23040.0,golfer,4,#00b894,,,,,,,,
golfer_group_16,38.02753377651786,-84.46521748507763,23100.0,golfer,4,#00b894,,,,,,,,
golfer_group_16,38.027244192863975,-84.46516205645167,23160.0,golfer,4,#00b894,,,,,,,,
golfer_group_16,38.02695460921009,-84.46510662782572,23220.0,golfer,4,#00b894,,,,,,,,
golfer_group_16,38.02666502555619,-84.46505119919976,23280.0,golfer,4,#00b894,,,,,,,,
golfer_group_16,38.02637326063661,-84.4650346343973,23340.0,golfer,4,#00b894,,,,,,,,
golfer_group_16,38.02608041188864,-84.46503738027086,23400.0,golfer,4,#00b894,,,,,,,,
golfer_group_16,38.025787563140675,-84.46504012614442,23460.0,golfer,2,#00b894,,,,,,,,
golfer_group_16,38.025494714392714,-84.46504287201797,23520.0,golfer,4,#00b894,,,,,,,,
golfer_group_16,38.02556401049359,-84.4653626218534,23580.0,golfer,4,#00b894,,,,,,,,
golfer_group_16,38.025666096931715,-84.46571107475296,23640.0,golfer,4,#00b894,,,,,,,,
golfer_group_16,38.02576818336984,-84.46605952765252,23700.0,golfer,4,#00b894,,,,,,,,
golfer_group_16,38.02587026980797,-84.46640798055208,23760.0,golfer,4,#00b894,,,,,,,,
golfer_group_16,38.02597235624609,-84.46675643345164,23820.0,golfer,4,#00b894,,,,,,,,
golfer_group_16,38.02607444268422,-84.46710488635118,23880.0,golfer,4,#00b894,,,,,,,,
golfer_group_16,38.026176529122345,-84.46745333925074,23940.0,golfer,4,#00b894,,,,,,,,
golfer_group_16,38.02627861556047,-84.4678017921503,24000.0,golfer,4,#00b894,,,,,,,,
golfer_group_16,38.026391551516966,-84.46814347235242,24060.0,golfer,4,#00b894,,,,,,,,
golfer_group_16,38.0265466275618,-84.46845884704874,24120.0,golfer,4,#00b894,,,,,,,,
golfer_group_16,38.02670170360664,-84.46877422174504,24180.0,golfer,4,#00b894,,,,,,,,
golfer_group_16,38.02685677965148,-84.46908959644135,24240.0,golfer,4,#00b894,,,,,,,,
golfer_group_16,38.027011855696315,-84.46940497113766,24300.0,golfer,4,#00b894,,,,,,,,
golfer_group_16,38.027202562026105,-84.46967624119414,24360.0,golfer,4,#00b894,,,,,,,,
golfer_group_16,38.027447,-84.469881,24420.0,golfer,1,#00b894,,,,,,,,
golfer_group_17,38.027447,-84.469881,11160.0,golfer,1,#007cbf,,,,,,,,
golfer_group_17,38.02754627606764,-84.46962578282717,11220.0,golfer,1,#007cbf,,,,,,,,
golfer_group_17,38.02744283462056,-84.4692779685763,11280.0,golfer,1,#007cbf,,,,,,,,
golfer_group_17,38.02733939317348,-84.46893015432545,11340.0,golfer,1,#007cbf,,,,,,,,
golfer_group_17,38.0272359517264,-84.46858234007459,11400.0,golfer,1,#007cbf,,,,,,,,
golfer_group_17,38.027132510279316,-84.46823452582373,11460.0,golfer,1,#007cbf,,,,,,,,
golfer_group_17,38.027029068832235,-84.46788671157287,11520.0,golfer,1,#007cbf,,,,,,,,
golfer_group_17,38.026925627385154,-84.46753889732202,11580.0,golfer,1,#007cbf,,,,,,,,
golfer_group_17,38.02682218593807,-84.46719108307117,11640.0,golfer,1,#007cbf,,,,,,,,
golfer_group_17,38.026707885382585,-84.46684997010087,11700.0,golfer,1,#007cbf,,,,,,,,
golfer_group_17,38.0265563489919,-84.46653183579225,11760.0,golfer,1,#007cbf,,,,,,,,
golfer_group_17,38.02640481260122,-84.46621370148365,11820.0,golfer,1,#007cbf,,,,,,,,
golfer_group_17,38.02625327621054,-84.46589556717504,11880.0,golfer,1,#007cbf,,,,,,,,
golfer_group_17,38.026097865476636,-84.4655806681031,11940.0,golfer,1,#007cbf,,,,,,,,
golfer_group_17,38.02592778516153,-84.46527801873756,12000.0,golfer,4,#007cbf,,,,,,,,
golfer_group_17,38.02575770484643,-84.46497536937204,12060.0,golfer,2,#007cbf,,,,,,,,
golfer_group_17,38.02580429978306,-84.46478189846547,12120.0,golfer,2,#007cbf,,,,,,,,
golfer_group_17,38.02609158193444,-84.46470970518055,12180.0,golfer,2,#007cbf,,,,,,,,
golfer_group_17,38.02637886408582,-84.46463751189565,12240.0,golfer,2,#007cbf,,,,,,,,
golfer_group_17,38.0266661462372,-84.46456531861072,12300.0,golfer,2,#007cbf,,,,,,,,
golfer_group_17,38.02695342838857,-84.4644931253258,12360.0,golfer,2,#007cbf,,,,,,,,
golfer_group_17,38.02723262500985,-84.46440936561527,12420.0,golfer,2,#007cbf,,,,,,,,
golfer_group_17,38.02732323296244,-84.46405582806928,12480.0,golfer,2,#007cbf,,,,,,,,
golfer_group_17,38.027413840915024,-84.46370229052329,12540.0,golfer,3,#007cbf,,,,,,,,
golfer_group_17,38.02755613921936,-84.46339199540722,12600.0,golfer,3,#007cbf,,,,,,,,
golfer_group_17,38.02777631020529,-84.46314684598785,12660.0,golfer,3,#007cbf,,,,,,,,
golfer_group_17,38.027996481191224,-84.4629016965685,12720.0,golfer,3,#007cbf,,,,,,,,
golfer_group_17,38.028216652177164,-84.46265654714912,12780.0,golfer,3,#007cbf,,,,,,,,
golfer_group_17,38.0284368231631,-84.46241139772975,12840.0,golfer,3,#007cbf,,,,,,,,
golfer_group_17,38.02865699414903,-84.4621662483104,12900.0,golfer,3,#007cbf,,,,,,,,
golfer_group_17,38.02887716513497,-84.46192109889103,12960.0,golfer,3,#007cbf,,,,,,,,
golfer_group_17,38.029097336120905,-84.46167594947165,13020.0,golfer,3,#007cbf,,,,,,,,
golfer_group_17,38.02932048603734,-84.46143527844885,13080.0,golfer,3,#007cbf,,,,,,,,
golfer_group_17,38.02954781666501,-84.4612008925283,13140.0,golfer,3,#007cbf,,,,,,,,
golfer_group_17,38.029775147292675,-84.46096650660775,13200.0,golfer,3,#007cbf,,,,,,,,
golfer_group_17,38.03000247792034,-84.46073212068718,13260.0,golfer,3,#007cbf,,,,,,,,
golfer_group_17,38.03022980854801,-84.46049773476663,13320.0,golfer,3,#007cbf,,,,,,,,
golfer_group_17,38.03028198771919,-84.46029007968264,13380.0,golfer,3,#007cbf,,,,,,,,
golfer_group_17,38.030017377451664,-84.46013077159431,13440.0,golfer,4,#007cbf,,,,,,,,
golfer_group_17,38.02974997117584,-84.46003134117494,13500.0,golfer,4,#007cbf,,,,,,,,
golfer_group_17,38.029472388508275,-84.46014984237516,13560.0,golfer,4,#007cbf,,,,,,,,
golfer_group_17,38.02919480584071,-84.46026834357538,13620.0,golfer,4,#007cbf,,,,,,,,
golfer_group_17,38.02891722317315,-84.46038684477558,13680.0,golfer,4,#007cbf,,,,,,,,
golfer_group_17,38.02863964050559,-84.4605053459758,13740.0,golfer,4,#007cbf,,,,,,,,
golfer_group_17,38.02846819932939,-84.46074999771898,13800.0,golfer,4,#007cbf,,,,,,,,
golfer_group_17,38.028356651102726,-84.46108459413088,13860.0,golfer,4,#007cbf,,,,,,,,
golfer_group_17,38.028163251425084,-84.46136377382878,13920.0,golfer,4,#007cbf,,,,,,,,
golfer_group_17,38.02796985174745,-84.46164295352668,13980.0,golfer,4,#007cbf,,,,,,,,
golfer_group_17,38.02777645206981,-84.46192213322458,14040.0,golfer,4,#007cbf,,,,,,,,
golfer_group_17,38.027583052392174,-84.46220131292247,14100.0,golfer,4,#007cbf,,,,,,,,
golfer_group_17,38.02739313138997,-84.4624841808364,14160.0,golfer,4,#007cbf,,,,,,,,
golfer_group_17,38.02721114487077,-84.46277546117278,14220.0,golfer,4,#007cbf,,,,,,,,
golfer_group_17,38.02702915835156,-84.46306674150915,14280.0,golfer,4,#007cbf,,,,,,,,
golfer_group_17,38.02684717183235,-84.46335802184554,14340.0,golfer,4,#007cbf,,,,,,,,
golfer_group_17,38.027030664719845,-84.46345337202217,14400.0,golfer,4,#007cbf,,,,,,,,
golfer_group_17,38.02732202605173,-84.46349089491457,14460.0,golfer,3,#007cbf,,,,,,,,
golfer_group_17,38.02761338738361,-84.46352841780696,14520.0,golfer,3,#007cbf,,,,,,,,
golfer_group_17,38.02787761975422,-84.46365295047241,14580.0,golfer,4,#007cbf,,,,,,,,
golfer_group_17,38.02811027773896,-84.46387875056652,14640.0,golfer,4,#007cbf,,,,,,,,
golfer_group_17,38.02834293572369,-84.46410455066062,14700.0,golfer,4,#007cbf,,,,,,,,
golfer_group_17,38.028575593708425,-84.46433035075472,14760.0,golfer,4,#007cbf,,,,,,,,
golfer_group_17,38.028808251693164,-84.46455615084882,14820.0,golfer,4,#007cbf,,,,,,,,
golfer_group_17,38.029040909677896,-84.46478195094294,14880.0,golfer,4,#007cbf,,,,,,,,
golfer_group_17,38.02927356766263,-84.46500775103704,14940.0,golfer,4,#007cbf,,,,,,,,
golfer_group_17,38.02950622564737,-84.46523355113113,15000.0,golfer,4,#007cbf,,,,,,,,
golfer_group_17,38.02975350361947,-84.4654282954189,15060.0,golfer,4,#007cbf,,,,,,,,
golfer_group_17,38.030020352724144,-84.46558146666777,15120.0,golfer,4,#007cbf,,,,,,,,
golfer_group_17,38.03028720182882,-84.46573463791665,15180.0,golfer,4,#007cbf,,,,,,,,
golfer_group_17,38.030554050933496,-84.46588780916554,15240.0,golfer,4,#007cbf,,,,,,,,
golfer_group_17,38.0308144451061,-84.46601508231271,15300.0,golfer,4,#007cbf,,,,,,,,
golfer_group_17,38.03096331555731,-84.46569490649415,15360.0,golfer,4,#007cbf,,,,,,,,
golfer_group_17,38.03100160851583,-84.46532942233877,15420.0,golfer,4,#007cbf,,,,,,,,
golfer_group_17,38.03102825601745,-84.4649591665407,15480.0,golfer,4,#007cbf,,,,,,,,
golfer_group_17,38.03105490351906,-84.46458891074262,15540.0,golfer,4,#007cbf,,,,,,,,
golfer_group_17,38.031081551020684,-84.46421865494455,15600.0,golfer,4,#007cbf,,,,,,,,
golfer_group_17,38.031108198522304,-84.46384839914647,15660.0,golfer,4,#007cbf,,,,,,,,
golfer_group_17,38.03113484602392,-84.4634781433484,15720.0,golfer,4,#007cbf,,,,,,,,
golfer_group_17,38.03116149352554,-84.46310788755032,15780.0,golfer,4,#007cbf,,,,,,,,
golfer_group_17,38.031127268705696,-84.46274982308951,15840.0,golfer,4,#007cbf,,,,,,,,
golfer_group_17,38.031012137391194,-84.4624079623538,15900.0,golfer,4,#007cbf,,,,,,,,
golfer_group_17,38.03089700607669,-84.46206610161808,15960.0,golfer,4,#007cbf,,,,,,,,
golfer_group_17,38.0307818747622,-84.46172424088235,16020.0,golfer,4,#007cbf,,,,,,,,
golfer_group_17,38.030666743447696,-84.46138238014663,16080.0,golfer,4,#007cbf,,,,,,,,
golfer_group_17,38.030551612133195,-84.46104051941091,16140.0,golfer,4,#007cbf,,,,,,,,
golfer_group_17,38.03081531898336,-84.46091137688049,16200.0,golfer,4,#007cbf,,,,,,,,
golfer_group_17,38.0310279411826,-84.46098091912485,16260.0,golfer,4,#007cbf,,,,,,,,
golfer_group_17,38.03115090321037,-84.46131835889211,16320.0,golfer,4,#007cbf,,,,,,,,
golfer_group_17,38.031273865238134,-84.46165579865938,16380.0,golfer,4,#007cbf,,,,,,,,
golfer_group_17,38.03139682726591,-84.46199323842663,16440.0,golfer,4,#007cbf,,,,,,,,
golfer_group_17,38.031519789293675,-84.4623306781939,16500.0,golfer,4,#007cbf,,,,,,,,
golfer_group_17,38.03164275132144,-84.46266811796116,16560.0,golfer,4,#007cbf,,,,,,,,
golfer_group_17,38.03176571334921,-84.46300555772842,16620.0,golfer,4,#007cbf,,,,,,,,
golfer_group_17,38.031888675376976,-84.46334299749569,16680.0,golfer,4,#007cbf,,,,,,,,
golfer_group_17,38.031909837946635,-84.46368872876327,16740.0,golfer,4,#007cbf,,,,,,,,
golfer_group_17,38.03182184589159,-84.46404335060477,16800.0,golfer,4,#007cbf,,,,,,,,
golfer_group_17,38.03173385383655,-84.46439797244628,16860.0,golfer,4,#007cbf,,,,,,,,
golfer_group_17,38.031645861781506,-84.46475259428779,16920.0,golfer,4,#007cbf,,,,,,,,
golfer_group_17,38.03155786972646,-84.46510721612928,16980.0,golfer,4,#007cbf,,,,,,,,
golfer_group_17,38.03146987767142,-84.46546183797079,17040.0,golfer,4,#007cbf,,,,,,,,
golfer_group_17,38.03131864912918,-84.46576966145622,17100.0,golfer,4,#007cbf,,,,,,,,
golfer_group_17,38.0311189562348,-84.46604161874937,17160.0,golfer,4,#007cbf,,,,,,,,
golfer_group_17,38.030919263340415,-84.46631357604252,17220.0,golfer,4,#007cbf,,,,,,,,
golfer_group_17,38.030718115722834,-84.46658350967269,17280.0,golfer,4,#007cbf,,,,,,,,
golfer_group_17,38.0304866033238,-84.46681120290668,17340.0,golfer,4,#007cbf,,,,,,,,
golfer_group_17,38.030255090924776,-84.46703889614066,17400.0,golfer,4,#007cbf,,,,,,,,
golfer_group_17,38.03002357852575,-84.46726658937465,17460.0,golfer,4,#007cbf,,,,,,,,
golfer_group_17,38.02979206612672,-84.46749428260863,17520.0,golfer,4,#007cbf,,,,,,,,
golfer_group_17,38.02956055372769,-84.46772197584261,17580.0,golfer,4,#007cbf,,,,,,,,
golfer_group_17,38.02932904132866,-84.4679496690766,17640.0,golfer,4,#007cbf,,,,,,,,
golfer_group_17,38.02909752892963,-84.46817736231058,17700.0,golfer,4,#007cbf,,,,,,,,
golfer_group_17,38.0288660165306,-84.46840505554457,17760.0,golfer,4,#007cbf,,,,,,,,
golfer_group_17,38.02869804015225,-84.46870681462924,17820.0,golfer,4,#007cbf,,,,,,,,
golfer_group_17,38.028539024924726,-84.46901901999702,17880.0,golfer,4,#007cbf,,,,,,,,
golfer_group_17,38.0283800096972,-84.46933122536481,17940.0,golfer,4,#007cbf,,,,,,,,
golfer_group_17,38.028129065075696,-84.46949162304078,18000.0,golfer,4,#007cbf,,,,,,,,
golfer_group_17,38.02785052807789,-84.46960645602002,18060.0,golfer,1,#007cbf,,,,,,,,
golfer_group_17,38.027571991080094,-84.46972128899925,18120.0,golfer,1,#007cbf,,,,,,,,
golfer_group_17,38.02729345408229,-84.4698361219785,18180.0,golfer,4,#007cbf,,,,,,,,
golfer_group_17,38.027014917084486,-84.46995095495774,18240.0,golfer,4,#007cbf,,,,,,,,
golfer_group_17,38.02677219339408,-84.46990690842384,18300.0,golfer,4,#007cbf,,,,,,,,
golfer_group_17,38.026583670283,-84.46962241044099,18360.0,golfer,4,#007cbf,,,,,,,,
golfer_group_17,38.02639514717193,-84.46933791245814,18420.0,golfer,4,#007cbf,,,,,,,,
golfer_group_17,38.026206624060855,-84.4690534144753,18480.0,golfer,4,#007cbf,,,,,,,,
golfer_group_17,38.02601810094978,-84.46876891649245,18540.0,golfer,4,#007cbf,,,,,,,,
golfer_group_17,38.0258295778387,-84.4684844185096,18600.0,golfer,4,#007cbf,,,,,,,,
golfer_group_17,38.02564105472762,-84.46819992052676,18660.0,golfer,4,#007cbf,,,,,,,,
golfer_group_17,38.02539873776804,-84.4680332578427,18720.0,golfer,4,#007cbf,,,,,,,,
golfer_group_17,38.02511056304286,-84.46796704648648,18780.0,golfer,4,#007cbf,,,,,,,,
golfer_group_17,38.02482238831767,-84.46790083513027,18840.0,golfer,4,#007cbf,,,,,,,,
golfer_group_17,38.02466098715723,-84.46791926274804,18900.0,golfer,4,#007cbf,,,,,,,,
golfer_group_17,38.0248672597656,-84.46818316370741,18960.0,golfer,4,#007cbf,,,,,,,,
golfer_group_17,38.025073532373966,-84.46844706466678,19020.0,golfer,4,#007cbf,,,,,,,,
golfer_group_17,38.02498232223591,-84.46858500193528,19080.0,golfer,4,#007cbf,,,,,,,,
golfer_group_17,38.024692555469876,-84.46863886398934,19140.0,golfer,4,#007cbf,,,,,,,,
golfer_group_17,38.02440278870384,-84.4686927260434,19200.0,golfer,4,#007cbf,,,,,,,,
golfer_group_17,38.0241130219378,-84.46874658809746,19260.0,golfer,4,#007cbf,,,,,,,,
golfer_group_17,38.02382325517176,-84.46880045015152,19320.0,golfer,4,#007cbf,,,,,,,,
golfer_group_17,38.023533488405725,-84.46885431220558,19380.0,golfer,4,#007cbf,,,,,,,,
golfer_group_17,38.02325287292604,-84.46895459002404,19440.0,golfer,4,#007cbf,,,,,,,,
golfer_group_17,38.023120094224296,-84.46908677293466,19500.0,golfer,4,#007cbf,,,,,,,,
golfer_group_17,38.02338797984743,-84.46923698741324,19560.0,golfer,4,#007cbf,,,,,,,,
golfer_group_17,38.02365586547056,-84.46938720189182,19620.0,golfer,4,#007cbf,,,,,,,,
golfer_group_17,38.02392375109368,-84.4695374163704,19680.0,golfer,4,#007cbf,,,,,,,,
golfer_group_17,38.024191636716814,-84.46968763084898,19740.0,golfer,4,#007cbf,,,,,,,,
golfer_group_17,38.024459522339946,-84.46983784532756,19800.0,golfer,4,#007cbf,,,,,,,,
golfer_group_17,38.02472740796308,-84.46998805980614,19860.0,golfer,4,#007cbf,,,,,,,,
golfer_group_17,38.0249952935862,-84.47013827428472,19920.0,golfer,4,#007cbf,,,,,,,,
golfer_group_17,38.02526317920933,-84.4702884887633,19980.0,golfer,4,#007cbf,,,,,,,,
golfer_group_17,38.02549053793203,-84.47051685206469,20040.0,golfer,4,#007cbf,,,,,,,,
golfer_group_17,38.02570511747455,-84.47076985771169,20100.0,golfer,4,#007cbf,,,,,,,,
golfer_group_17,38.025919697017066,-84.4710228633587,20160.0,golfer,4,#007cbf,,,,,,,,
golfer_group_17,38.02613427655959,-84.4712758690057,20220.0,golfer,4,#007cbf,,,,,,,,
golfer_group_17,38.02634885610211,-84.4715288746527,20280.0,golfer,4,#007cbf,,,,,,,,
golfer_group_17,38.026563435644626,-84.4717818802997,20340.0,golfer,4,#007cbf,,,,,,,,
golfer_group_17,38.02678243981026,-84.47202860408251,20400.0,golfer,4,#007cbf,,,,,,,,
golfer_group_17,38.02668611647238,-84.47218057293104,20460.0,golfer,4,#007cbf,,,,,,,,
golfer_group_17,38.02640386024167,-84.4722796932027,20520.0,golfer,4,#007cbf,,,,,,,,
golfer_group_17,38.02612160401096,-84.47237881347434,20580.0,golfer,4,#007cbf,,,,,,,,
golfer_group_17,38.02583934778024,-84.47247793374599,20640.0,golfer,4,#007cbf,,,,,,,,
golfer_group_17,38.02555709154953,-84.47257705401765,20700.0,golfer,4,#007cbf,,,,,,,,
golfer_group_17,38.025278899056985,-84.47258808504574,20760.0,golfer,4,#007cbf,,,,,,,,
golfer_group_17,38.02505413568005,-84.47238241246707,20820.0,golfer,4,#007cbf,,,,,,,,
golfer_group_17,38.02491621232278,-84.47205445775451,20880.0,golfer,4,#007cbf,,,,,,,,
golfer_group_17,38.02477828896551,-84.47172650304194,20940.0,golfer,4,#007cbf,,,,,,,,
golfer_group_17,38.024640365608235,-84.47139854832938,21000.0,golfer,4,#007cbf,,,,,,,,
golfer_group_17,38.02450244225096,-84.4710705936168,21060.0,golfer,4,#007cbf,,,,,,,,
golfer_group_17,38.02436451889369,-84.47074263890424,21120.0,golfer,4,#007cbf,,,,,,,,
golfer_group_17,38.02422659553642,-84.47041468419167,21180.0,golfer,4,#007cbf,,,,,,,,
golfer_group_17,38.02408867217915,-84.4700867294791,21240.0,golfer,4,#007cbf,,,,,,,,
golfer_group_17,38.023830177494666,-84.46991493651929,21300.0,golfer,4,#007cbf,,,,,,,,
golfer_group_17,38.02356911857893,-84.46974646470437,21360.0,golfer,4,#007cbf,,,,,,,,
golfer_group_17,38.0233080596632,-84.46957799288944,21420.0,golfer,4,#007cbf,,,,,,,,
golfer_group_17,38.02304700074746,-84.46940952107451,21480.0,golfer,4,#007cbf,,,,,,,,
golfer_group_17,38.0227847606833,-84.46924457405959,21540.0,golfer,4,#007cbf,,,,,,,,
golfer_group_17,38.02250809559787,-84.46912267439926,21600.0,golfer,4,#007cbf,,,,,,,,
golfer_group_17,38.022527943550884,-84.46893235209967,21660.0,golfer,4,#007cbf,,,,,,,,
golfer_group_17,38.02275311404551,-84.46869465006165,21720.0,golfer,4,#007cbf,,,,,,,,
golfer_group_17,38.02297828454014,-84.46845694802364,21780.0,golfer,4,#007cbf,,,,,,,,
golfer_group_17,38.02320345503476,-84.46821924598564,21840.0,golfer,4,#007cbf,,,,,,,,
golfer_group_17,38.023428625529384,-84.46798154394763,21900.0,golfer,4,#007cbf,,,,,,,,
golfer_group_17,38.02365379602401,-84.46774384190961,21960.0,golfer,4,#007cbf,,,,,,,,
golfer_group_17,38.02387896651864,-84.4675061398716,22020.0,golfer,4,#007cbf,,,,,,,,
golfer_group_17,38.02410413701326,-84.4672684378336,22080.0,golfer,4,#007cbf,,,,,,,,
golfer_group_17,38.024329307507884,-84.46703073579559,22140.0,golfer,4,#007cbf,,,,,,,,
golfer_group_17,38.024516630016976,-84.46674714202182,22200.0,golfer,4,#007cbf,,,,,,,,
golfer_group_17,38.02469334505099,-84.4664506863893,22260.0,golfer,4,#007cbf,,,,,,,,
golfer_group_17,38.02487006008501,-84.46615423075679,22320.0,golfer,4,#007cbf,,,,,,,,
golfer_group_17,38.02504677511902,-84.46585777512426,22380.0,golfer,4,#007cbf,,,,,,,,
golfer_group_17,38.02525798622544,-84.46562593134438,22440.0,golfer,4,#007cbf,,,,,,,,
golfer_group_17,38.025540368765746,-84.46552739312297,22500.0,golfer,4,#007cbf,,,,,,,,
golfer_group_17,38.02582275130605,-84.46542885490156,22560.0,golfer,4,#007cbf,,,,,,,,
golfer_group_17,38.02610513384636,-84.46533031668015,22620.0,golfer,4,#007cbf,,,,,,,,
golfer_group_17,38.02637936666449,-84.46537020680762,22680.0,golfer,4,#007cbf,,,,,,,,
golfer_group_17,38.02664707383,-84.4655209394031,22740.0,golfer,4,#007cbf,,,,,,,,
golfer_group_17,38.026914780995504,-84.46567167199859,22800.0,golfer,4,#007cbf,,,,,,,,
golfer_group_17,38.02718248816101,-84.46582240459409,22860.0,golfer,4,#007cbf,,,,,,,,
golfer_group_17,38.027450195326516,-84.46597313718958,22920.0,golfer,4,#007cbf,,,,,,,,
golfer_group_17,38.02771790249202,-84.46612386978506,22980.0,golfer,4,#007cbf,,,,,,,,
golfer_group_17,38.027985609657534,-84.46627460238055,23040.0,golfer,4,#007cbf,,,,,,,,
golfer_group_17,38.02825331682304,-84.46642533497604,23100.0,golfer,4,#007cbf,,,,,,,,
golfer_group_17,38.02854411583699,-84.46643446747252,23160.0,golfer,4,#007cbf,,,,,,,,
golfer_group_17,38.02883696025459,-84.46643105747557,23220.0,golfer,4,#007cbf,,,,,,,,
golfer_group_17,38.02912980467218,-84.46642764747862,23280.0,golfer,4,#007cbf,,,,,,,,
golfer_group_17,38.029422649089774,-84.46642423748168,23340.0,golfer,4,#007cbf,,,,,,,,
golfer_group_17,38.029714660100595,-84.46640554510962,23400.0,golfer,4,#007cbf,,,,,,,,
golfer_group_17,38.03000508074206,-84.46635768976212,23460.0,golfer,4,#007cbf,,,,,,,,
golfer_group_17,38.03029550138352,-84.46630983441462,23520.0,golfer,4,#007cbf,,,,,,,,
golfer_group_17,38.03034421537664,-84.46623396436489,23580.0,golfer,4,#007cbf,,,,,,,,
golfer_group_17,38.0300654222068,-84.4661201350132,23640.0,golfer,4,#007cbf,,,,,,,,
golfer_group_17,38.02978662903697,-84.46600630566151,23700.0,golfer,4,#007cbf,,,,,,,,
golfer_group_17,38.02950783586713,-84.46589247630982,23760.0,golfer,4,#007cbf,,,,,,,,
golfer_group_17,38.029229042697295,-84.46577864695813,23820.0,golfer,4,#007cbf,,,,,,,,
golfer_group_17,38.02895024952746,-84.46566481760644,23880.0,golfer,4,#007cbf,,,,,,,,
golfer_group_17,38.02867145635763,-84.46555098825475,23940.0,golfer,4,#007cbf,,,,,,,,
golfer_group_17,38.02839266318779,-84.46543715890306,24000.0,golfer,4,#007cbf,,,,,,,,
golfer_group_17,38.02811294382565,-84.46532834232956,24060.0,golfer,4,#007cbf,,,,,,,,
golfer_group_17,38.02782336017175,-84.46527291370359,24120.0,golfer,4,#007cbf,,,,,,,,
golfer_group_17,38.02753377651786,-84.46521748507763,24180.0,golfer,4,#007cbf,,,,,,,,
golfer_group_17,38.027244192863975,-84.46516205645167,24240.0,golfer,4,#007cbf,,,,,,,,
golfer_group_17,38.02695460921009,-84.46510662782572,24300.0,golfer,4,#007cbf,,,,,,,,
golfer_group_17,38.02666502555619,-84.46505119919976,24360.0,golfer,4,#007cbf,,,,,,,,
golfer_group_17,38.02637326063661,-84.4650346343973,24420.0,golfer,4,#007cbf,,,,,,,,
golfer_group_17,38.02608041188864,-84.46503738027086,24480.0,golfer,4,#007cbf,,,,,,,,
golfer_group_17,38.025787563140675,-84.46504012614442,24540.0,golfer,2,#007cbf,,,,,,,,
golfer_group_17,38.025494714392714,-84.46504287201797,24600.0,golfer,4,#007cbf,,,,,,,,
golfer_group_17,38.02556401049359,-84.4653626218534,24660.0,golfer,4,#007cbf,,,,,,,,
golfer_group_17,38.025666096931715,-84.46571107475296,24720.0,golfer,4,#007cbf,,,,,,,,
golfer_group_17,38.02576818336984,-84.46605952765252,24780.0,golfer,4,#007cbf,,,,,,,,
golfer_group_17,38.02587026980797,-84.46640798055208,24840.0,golfer,4,#007cbf,,,,,,,,
golfer_group_17,38.02597235624609,-84.46675643345164,24900.0,golfer,4,#007cbf,,,,,,,,
golfer_group_17,38.02607444268422,-84.46710488635118,24960.0,golfer,4,#007cbf,,,,,,,,
golfer_group_17,38.026176529122345,-84.46745333925074,25020.0,golfer,4,#007cbf,,,,,,,,
golfer_group_17,38.02627861556047,-84.4678017921503,25080.0,golfer,4,#007cbf,,,,,,,,
golfer_group_17,38.026391551516966,-84.46814347235242,25140.0,golfer,4,#007cbf,,,,,,,,
golfer_group_17,38.0265466275618,-84.46845884704874,25200.0,golfer,4,#007cbf,,,,,,,,
golfer_group_17,38.02670170360664,-84.46877422174504,25260.0,golfer,4,#007cbf,,,,,,,,
golfer_group_17,38.02685677965148,-84.46908959644135,25320.0,golfer,4,#007cbf,,,,,,,,
golfer_group_17,38.027011855696315,-84.46940497113766,25380.0,golfer,4,#007cbf,,,,,,,,
golfer_group_17,38.027202562026105,-84.46967624119414,25440.0,golfer,4,#007cbf,,,,,,,,
golfer_group_17,38.027447,-84.469881,25500.0,golfer,1,#007cbf,,,,,,,,
golfer_group_18,38.027447,-84.469881,11700.0,golfer,1,#007cbf,,,,,,,,
golfer_group_18,38.02754627606764,-84.46962578282717,11760.0,golfer,1,#007cbf,,,,,,,,
golfer_group_18,38.02744283462056,-84.4692779685763,11820.0,golfer,1,#007cbf,,,,,,,,
golfer_group_18,38.02733939317348,-84.46893015432545,11880.0,golfer,1,#007cbf,,,,,,,,
golfer_group_18,38.0272359517264,-84.46858234007459,11940.0,golfer,1,#007cbf,,,,,,,,
golfer_group_18,38.027132510279316,-84.46823452582373,12000.0,golfer,1,#007cbf,,,,,,,,
golfer_group_18,38.027029068832235,-84.46788671157287,12060.0,golfer,1,#007cbf,,,,,,,,
golfer_group_18,38.026925627385154,-84.46753889732202,12120.0,golfer,1,#007cbf,,,,,,,,
golfer_group_18,38.02682218593807,-84.46719108307117,12180.0,golfer,1,#007cbf,,,,,,,,
golfer_group_18,38.026707885382585,-84.46684997010087,12240.0,golfer,1,#007cbf,,,,,,,,
golfer_group_18,38.0265563489919,-84.46653183579225,12300.0,golfer,1,#007cbf,,,,,,,,
golfer_group_18,38.02640481260122,-84.46621370148365,12360.0,golfer,1,#007cbf,,,,,,,,
golfer_group_18,38.02625327621054,-84.46589556717504,12420.0,golfer,1,#007cbf,,,,,,,,
golfer_group_18,38.026097865476636,-84.4655806681031,12480.0,golfer,1,#007cbf,,,,,,,,
golfer_group_18,38.02592778516153,-84.46527801873756,12540.0,golfer,4,#007cbf,,,,,,,,
golfer_group_18,38.02575770484643,-84.46497536937204,12600.0,golfer,2,#007cbf,,,,,,,,
golfer_group_18,38.02580429978306,-84.46478189846547,12660.0,golfer,2,#007cbf,,,,,,,,
golfer_group_18,38.02609158193444,-84.46470970518055,12720.0,golfer,2,#007cbf,,,,,,,,
golfer_group_18,38.02637886408582,-84.46463751189565,12780.0,golfer,2,#007cbf,,,,,,,,
golfer_group_18,38.0266661462372,-84.46456531861072,12840.0,golfer,2,#007cbf,,,,,,,,
golfer_group_18,38.02695342838857,-84.4644931253258,12900.0,golfer,2,#007cbf,,,,,,,,
golfer_group_18,38.02723262500985,-84.46440936561527,12960.0,golfer,2,#007cbf,,,,,,,,
golfer_group_18,38.02732323296244,-84.46405582806928,13020.0,golfer,2,#ffe6cc,,,,,,,,
golfer_group_18,38.027413840915024,-84.46370229052329,13080.0,golfer,3,#ffe6cc,,,,,,,,
golfer_group_18,38.02755613921936,-84.46339199540722,13140.0,golfer,3,#ffe6cc,,,,,,,,
golfer_group_18,38.02777631020529,-84.46314684598785,13200.0,golfer,3,#ffe6cc,,,,,,,,
golfer_group_18,38.027996481191224,-84.4629016965685,13260.0,golfer,3,#ffe6cc,,,,,,,,
golfer_group_18,38.028216652177164,-84.46265654714912,13320.0,golfer,3,#ffe6cc,,,,,,,,
golfer_group_18,38.0284368231631,-84.46241139772975,13380.0,golfer,3,#ffe6cc,,,,,,,,
golfer_group_18,38.02865699414903,-84.4621662483104,13440.0,golfer,3,#ffe6cc,,,,,,,,
golfer_group_18,38.02887716513497,-84.46192109889103,13500.0,golfer,3,#ffe6cc,,,,,,,,
golfer_group_18,38.029097336120905,-84.46167594947165,13560.0,golfer,3,#ffe6cc,,,,,,,,
golfer_group_18,38.02932048603734,-84.46143527844885,13620.0,golfer,3,#ffcc99,,,,,,,,
golfer_group_18,38.02954781666501,-84.4612008925283,13680.0,golfer,3,#ffcc99,,,,,,,,
golfer_group_18,38.029775147292675,-84.46096650660775,13740.0,golfer,3,#ffcc99,,,,,,,,
golfer_group_18,38.03000247792034,-84.46073212068718,13800.0,golfer,3,#00b894,,,,,,,,
golfer_group_18,38.03022980854801,-84.46049773476663,13860.0,golfer,3,#00b894,,,,,,,,
golfer_group_18,38.03028198771919,-84.46029007968264,13920.0,golfer,3,#00b894,,,,,,,,
golfer_group_18,38.030017377451664,-84.46013077159431,13980.0,golfer,4,#00b894,,,,,,,,
golfer_group_18,38.02974997117584,-84.46003134117494,14040.0,golfer,4,#00b894,,,,,,,,
golfer_group_18,38.029472388508275,-84.46014984237516,14100.0,golfer,4,#00b894,,,,,,,,
golfer_group_18,38.02919480584071,-84.46026834357538,14160.0,golfer,4,#00b894,,,,,,,,
golfer_group_18,38.02891722317315,-84.46038684477558,14220.0,golfer,4,#00b894,,,,,,,,
golfer_group_18,38.02863964050559,-84.4605053459758,14280.0,golfer,4,#00b894,,,,,,,,
golfer_group_18,38.02846819932939,-84.46074999771898,14340.0,golfer,4,#00b894,,,,,,,,
golfer_group_18,38.028356651102726,-84.46108459413088,14400.0,golfer,4,#00b894,,,,,,,,
golfer_group_18,38.028163251425084,-84.46136377382878,14460.0,golfer,4,#00b894,,,,,,,,
golfer_group_18,38.02796985174745,-84.46164295352668,14520.0,golfer,4,#00b894,,,,,,,,
golfer_group_18,38.02777645206981,-84.46192213322458,14580.0,golfer,4,#00b894,,,,,,,,
golfer_group_18,38.027583052392174,-84.46220131292247,14640.0,golfer,4,#00b894,,,,,,,,
golfer_group_18,38.02739313138997,-84.4624841808364,14700.0,golfer,4,#00b894,,,,,,,,
golfer_group_18,38.02721114487077,-84.46277546117278,14760.0,golfer,4,#00b894,,,,,,,,
golfer_group_18,38.02702915835156,-84.46306674150915,14820.0,golfer,4,#00b894,,,,,,,,
golfer_group_18,38.02684717183235,-84.46335802184554,14880.0,golfer,4,#00b894,,,,,,,,
golfer_group_18,38.027030664719845,-84.46345337202217,14940.0,golfer,4,#00b894,,,,,,,,
golfer_group_18,38.02732202605173,-84.46349089491457,15000.0,golfer,3,#00b894,,,,,,,,
golfer_group_18,38.02761338738361,-84.46352841780696,15060.0,golfer,3,#00b894,,,,,,,,
golfer_group_18,38.02787761975422,-84.46365295047241,15120.0,golfer,4,#00b894,,,,,,,,
golfer_group_18,38.02811027773896,-84.46387875056652,15180.0,golfer,4,#00b894,,,,,,,,
golfer_group_18,38.02834293572369,-84.46410455066062,15240.0,golfer,4,#00b894,,,,,,,,
golfer_group_18,38.028575593708425,-84.46433035075472,15300.0,golfer,4,#00b894,,,,,,,,
golfer_group_18,38.028808251693164,-84.46455615084882,15360.0,golfer,4,#00b894,,,,,,,,
golfer_group_18,38.029040909677896,-84.46478195094294,15420.0,golfer,4,#00b894,,,,,,,,
golfer_group_18,38.02927356766263,-84.46500775103704,15480.0,golfer,4,#00b894,,,,,,,,
golfer_group_18,38.02950622564737,-84.46523355113113,15540.0,golfer,4,#00b894,,,,,,,,
golfer_group_18,38.02975350361947,-84.4654282954189,15600.0,golfer,4,#00b894,,,,,,,,
golfer_group_18,38.030020352724144,-84.46558146666777,15660.0,golfer,4,#00b894,,,,,,,,
golfer_group_18,38.03028720182882,-84.46573463791665,15720.0,golfer,4,#00b894,,,,,,,,
golfer_group_18,38.030554050933496,-84.46588780916554,15780.0,golfer,4,#00b894,,,,,,,,
golfer_group_18,38.0308144451061,-84.46601508231271,15840.0,golfer,4,#00b894,,,,,,,,
golfer_group_18,38.03096331555731,-84.46569490649415,15900.0,golfer,4,#00b894,,,,,,,,
golfer_group_18,38.03100160851583,-84.46532942233877,15960.0,golfer,4,#00b894,,,,,,,,
golfer_group_18,38.03102825601745,-84.4649591665407,16020.0,golfer,4,#00b894,,,,,,,,
golfer_group_18,38.03105490351906,-84.46458891074262,16080.0,golfer,4,#00b894,,,,,,,,
golfer_group_18,38.031081551020684,-84.46421865494455,16140.0,golfer,4,#00b894,,,,,,,,
golfer_group_18,38.031108198522304,-84.46384839914647,16200.0,golfer,4,#00b894,,,,,,,,
golfer_group_18,38.03113484602392,-84.4634781433484,16260.0,golfer,4,#00b894,,,,,,,,
golfer_group_18,38.03116149352554,-84.46310788755032,16320.0,golfer,4,#00b894,,,,,,,,
golfer_group_18,38.031127268705696,-84.46274982308951,16380.0,golfer,4,#00b894,,,,,,,,
golfer_group_18,38.031012137391194,-84.4624079623538,16440.0,golfer,4,#00b894,,,,,,,,
golfer_group_18,38.03089700607669,-84.46206610161808,16500.0,golfer,4,#00b894,,,,,,,,
golfer_group_18,38.0307818747622,-84.46172424088235,16560.0,golfer,4,#00b894,,,,,,,,
golfer_group_18,38.030666743447696,-84.46138238014663,16620.0,golfer,4,#00b894,,,,,,,,
golfer_group_18,38.030551612133195,-84.46104051941091,16680.0,golfer,4,#00b894,,,,,,,,
golfer_group_18,38.03081531898336,-84.46091137688049,16740.0,golfer,4,#00b894,,,,,,,,
golfer_group_18,38.0310279411826,-84.46098091912485,16800.0,golfer,4,#00b894,,,,,,,,
golfer_group_18,38.03115090321037,-84.46131835889211,16860.0,golfer,4,#00b894,,,,,,,,
golfer_group_18,38.031273865238134,-84.46165579865938,16920.0,golfer,4,#00b894,,,,,,,,
golfer_group_18,38.03139682726591,-84.46199323842663,16980.0,golfer,4,#00b894,,,,,,,,
golfer_group_18,38.031519789293675,-84.4623306781939,17040.0,golfer,4,#00b894,,,,,,,,
golfer_group_18,38.03164275132144,-84.46266811796116,17100.0,golfer,4,#00b894,,,,,,,,
golfer_group_18,38.03176571334921,-84.46300555772842,17160.0,golfer,4,#00b894,,,,,,,,
golfer_group_18,38.031888675376976,-84.46334299749569,17220.0,golfer,4,#00b894,,,,,,,,
golfer_group_18,38.031909837946635,-84.46368872876327,17280.0,golfer,4,#00b894,,,,,,,,
golfer_group_18,38.03182184589159,-84.46404335060477,17340.0,golfer,4,#00b894,,,,,,,,
golfer_group_18,38.03173385383655,-84.46439797244628,17400.0,golfer,4,#00b894,,,,,,,,
golfer_group_18,38.031645861781506,-84.46475259428779,17460.0,golfer,4,#00b894,,,,,,,,
golfer_group_18,38.03155786972646,-84.46510721612928,17520.0,golfer,4,#00b894,,,,,,,,
golfer_group_18,38.03146987767142,-84.46546183797079,17580.0,golfer,4,#00b894,,,,,,,,
golfer_group_18,38.03131864912918,-84.46576966145622,17640.0,golfer,4,#00b894,,,,,,,,
golfer_group_18,38.0311189562348,-84.46604161874937,17700.0,golfer,4,#00b894,,,,,,,,
golfer_group_18,38.030919263340415,-84.46631357604252,17760.0,golfer,4,#00b894,,,,,,,,
golfer_group_18,38.030718115722834,-84.46658350967269,17820.0,golfer,4,#00b894,,,,,,,,
golfer_group_18,38.0304866033238,-84.46681120290668,17880.0,golfer,4,#00b894,,,,,,,,
golfer_group_18,38.030255090924776,-84.46703889614066,17940.0,golfer,4,#00b894,,,,,,,,
golfer_group_18,38.03002357852575,-84.46726658937465,18000.0,golfer,4,#00b894,,,,,,,,
golfer_group_18,38.02979206612672,-84.46749428260863,18060.0,golfer,4,#00b894,,,,,,,,
golfer_group_18,38.02956055372769,-84.46772197584261,18120.0,golfer,4,#00b894,,,,,,,,
golfer_group_18,38.02932904132866,-84.4679496690766,18180.0,golfer,4,#00b894,,,,,,,,
golfer_group_18,38.02909752892963,-84.46817736231058,18240.0,golfer,4,#00b894,,,,,,,,
golfer_group_18,38.0288660165306,-84.46840505554457,18300.0,golfer,4,#00b894,,,,,,,,
golfer_group_18,38.02869804015225,-84.46870681462924,18360.0,golfer,4,#00b894,,,,,,,,
golfer_group_18,38.028539024924726,-84.46901901999702,18420.0,golfer,4,#00b894,,,,,,,,
golfer_group_18,38.0283800096972,-84.46933122536481,18480.0,golfer,4,#00b894,,,,,,,,
golfer_group_18,38.028129065075696,-84.46949162304078,18540.0,golfer,4,#00b894,,,,,,,,
golfer_group_18,38.02785052807789,-84.46960645602002,18600.0,golfer,1,#00b894,,,,,,,,
golfer_group_18,38.027571991080094,-84.46972128899925,18660.0,golfer,1,#00b894,,,,,,,,
golfer_group_18,38.02729345408229,-84.4698361219785,18720.0,golfer,4,#00b894,,,,,,,,
golfer_group_18,38.027014917084486,-84.46995095495774,18780.0,golfer,4,#00b894,,,,,,,,
golfer_group_18,38.02677219339408,-84.46990690842384,18840.0,golfer,4,#00b894,,,,,,,,
golfer_group_18,38.026583670283,-84.46962241044099,18900.0,golfer,4,#00b894,,,,,,,,
golfer_group_18,38.02639514717193,-84.46933791245814,18960.0,golfer,4,#00b894,,,,,,,,
golfer_group_18,38.026206624060855,-84.4690534144753,19020.0,golfer,4,#00b894,,,,,,,,
golfer_group_18,38.02601810094978,-84.46876891649245,19080.0,golfer,4,#00b894,,,,,,,,
golfer_group_18,38.0258295778387,-84.4684844185096,19140.0,golfer,4,#00b894,,,,,,,,
golfer_group_18,38.02564105472762,-84.46819992052676,19200.0,golfer,4,#00b894,,,,,,,,
golfer_group_18,38.02539873776804,-84.4680332578427,19260.0,golfer,4,#00b894,,,,,,,,
golfer_group_18,38.02511056304286,-84.46796704648648,19320.0,golfer,4,#00b894,,,,,,,,
golfer_group_18,38.02482238831767,-84.46790083513027,19380.0,golfer,4,#00b894,,,,,,,,
golfer_group_18,38.02466098715723,-84.46791926274804,19440.0,golfer,4,#00b894,,,,,,,,
golfer_group_18,38.0248672597656,-84.46818316370741,19500.0,golfer,4,#00b894,,,,,,,,
golfer_group_18,38.025073532373966,-84.46844706466678,19560.0,golfer,4,#00b894,,,,,,,,
golfer_group_18,38.02498232223591,-84.46858500193528,19620.0,golfer,4,#00b894,,,,,,,,
golfer_group_18,38.024692555469876,-84.46863886398934,19680.0,golfer,4,#00b894,,,,,,,,
golfer_group_18,38.02440278870384,-84.4686927260434,19740.0,golfer,4,#00b894,,,,,,,,
golfer_group_18,38.0241130219378,-84.46874658809746,19800.0,golfer,4,#00b894,,,,,,,,
golfer_group_18,38.02382325517176,-84.46880045015152,19860.0,golfer,4,#00b894,,,,,,,,
golfer_group_18,38.023533488405725,-84.46885431220558,19920.0,golfer,4,#00b894,,,,,,,,
golfer_group_18,38.02325287292604,-84.46895459002404,19980.0,golfer,4,#00b894,,,,,,,,
golfer_group_18,38.023120094224296,-84.46908677293466,20040.0,golfer,4,#00b894,,,,,,,,
golfer_group_18,38.02338797984743,-84.46923698741324,20100.0,golfer,4,#00b894,,,,,,,,
golfer_group_18,38.02365586547056,-84.46938720189182,20160.0,golfer,4,#00b894,,,,,,,,
golfer_group_18,38.02392375109368,-84.4695374163704,20220.0,golfer,4,#00b894,,,,,,,,
golfer_group_18,38.024191636716814,-84.46968763084898,20280.0,golfer,4,#00b894,,,,,,,,
golfer_group_18,38.024459522339946,-84.46983784532756,20340.0,golfer,4,#00b894,,,,,,,,
golfer_group_18,38.02472740796308,-84.46998805980614,20400.0,golfer,4,#00b894,,,,,,,,
golfer_group_18,38.0249952935862,-84.47013827428472,20460.0,golfer,4,#00b894,,,,,,,,
golfer_group_18,38.02526317920933,-84.4702884887633,20520.0,golfer,4,#00b894,,,,,,,,
golfer_group_18,38.02549053793203,-84.47051685206469,20580.0,golfer,4,#00b894,,,,,,,,
golfer_group_18,38.02570511747455,-84.47076985771169,20640.0,golfer,4,#00b894,,,,,,,,
golfer_group_18,38.025919697017066,-84.4710228633587,20700.0,golfer,4,#00b894,,,,,,,,
golfer_group_18,38.02613427655959,-84.4712758690057,20760.0,golfer,4,#00b894,,,,,,,,
golfer_group_18,38.02634885610211,-84.4715288746527,20820.0,golfer,4,#00b894,,,,,,,,
golfer_group_18,38.026563435644626,-84.4717818802997,20880.0,golfer,4,#00b894,,,,,,,,
golfer_group_18,38.02678243981026,-84.47202860408251,20940.0,golfer,4,#00b894,,,,,,,,
golfer_group_18,38.02668611647238,-84.47218057293104,21000.0,golfer,4,#00b894,,,,,,,,
golfer_group_18,38.02640386024167,-84.4722796932027,21060.0,golfer,4,#00b894,,,,,,,,
golfer_group_18,38.02612160401096,-84.47237881347434,21120.0,golfer,4,#00b894,,,,,,,,
golfer_group_18,38.02583934778024,-84.47247793374599,21180.0,golfer,4,#00b894,,,,,,,,
golfer_group_18,38.02555709154953,-84.47257705401765,21240.0,golfer,4,#00b894,,,,,,,,
golfer_group_18,38.025278899056985,-84.47258808504574,21300.0,golfer,4,#00b894,,,,,,,,
golfer_group_18,38.02505413568005,-84.47238241246707,21360.0,golfer,4,#00b894,,,,,,,,
golfer_group_18,38.02491621232278,-84.47205445775451,21420.0,golfer,4,#00b894,,,,,,,,
golfer_group_18,38.02477828896551,-84.47172650304194,21480.0,golfer,4,#00b894,,,,,,,,
golfer_group_18,38.024640365608235,-84.47139854832938,21540.0,golfer,4,#00b894,,,,,,,,
golfer_group_18,38.02450244225096,-84.4710705936168,21600.0,golfer,4,#00b894,,,,,,,,
golfer_group_18,38.02436451889369,-84.47074263890424,21660.0,golfer,4,#00b894,,,,,,,,
golfer_group_18,38.02422659553642,-84.47041468419167,21720.0,golfer,4,#00b894,,,,,,,,
golfer_group_18,38.02408867217915,-84.4700867294791,21780.0,golfer,4,#00b894,,,,,,,,
golfer_group_18,38.023830177494666,-84.46991493651929,21840.0,golfer,4,#00b894,,,,,,,,
golfer_group_18,38.02356911857893,-84.46974646470437,21900.0,golfer,4,#00b894,,,,,,,,
golfer_group_18,38.0233080596632,-84.46957799288944,21960.0,golfer,4,#00b894,,,,,,,,
golfer_group_18,38.02304700074746,-84.46940952107451,22020.0,golfer,4,#00b894,,,,,,,,
golfer_group_18,38.0227847606833,-84.46924457405959,22080.0,golfer,4,#00b894,,,,,,,,
golfer_group_18,38.02250809559787,-84.46912267439926,22140.0,golfer,4,#00b894,,,,,,,,
golfer_group_18,38.022527943550884,-84.46893235209967,22200.0,golfer,4,#00b894,,,,,,,,
golfer_group_18,38.02275311404551,-84.46869465006165,22260.0,golfer,4,#00b894,,,,,,,,
golfer_group_18,38.02297828454014,-84.46845694802364,22320.0,golfer,4,#00b894,,,,,,,,
golfer_group_18,38.02320345503476,-84.46821924598564,22380.0,golfer,4,#00b894,,,,,,,,
golfer_group_18,38.023428625529384,-84.46798154394763,22440.0,golfer,4,#00b894,,,,,,,,
golfer_group_18,38.02365379602401,-84.46774384190961,22500.0,golfer,4,#00b894,,,,,,,,
golfer_group_18,38.02387896651864,-84.4675061398716,22560.0,golfer,4,#00b894,,,,,,,,
golfer_group_18,38.02410413701326,-84.4672684378336,22620.0,golfer,4,#00b894,,,,,,,,
golfer_group_18,38.024329307507884,-84.46703073579559,22680.0,golfer,4,#00b894,,,,,,,,
golfer_group_18,38.024516630016976,-84.46674714202182,22740.0,golfer,4,#00b894,,,,,,,,
golfer_group_18,38.02469334505099,-84.4664506863893,22800.0,golfer,4,#00b894,,,,,,,,
golfer_group_18,38.02487006008501,-84.46615423075679,22860.0,golfer,4,#00b894,,,,,,,,
golfer_group_18,38.02504677511902,-84.46585777512426,22920.0,golfer,4,#00b894,,,,,,,,
golfer_group_18,38.02525798622544,-84.46562593134438,22980.0,golfer,4,#00b894,,,,,,,,
golfer_group_18,38.025540368765746,-84.46552739312297,23040.0,golfer,4,#00b894,,,,,,,,
golfer_group_18,38.02582275130605,-84.46542885490156,23100.0,golfer,4,#00b894,,,,,,,,
golfer_group_18,38.02610513384636,-84.46533031668015,23160.0,golfer,4,#00b894,,,,,,,,
golfer_group_18,38.02637936666449,-84.46537020680762,23220.0,golfer,4,#00b894,,,,,,,,
golfer_group_18,38.02664707383,-84.4655209394031,23280.0,golfer,4,#00b894,,,,,,,,
golfer_group_18,38.026914780995504,-84.46567167199859,23340.0,golfer,4,#00b894,,,,,,,,
golfer_group_18,38.02718248816101,-84.46582240459409,23400.0,golfer,4,#00b894,,,,,,,,
golfer_group_18,38.027450195326516,-84.46597313718958,23460.0,golfer,4,#00b894,,,,,,,,
golfer_group_18,38.02771790249202,-84.46612386978506,23520.0,golfer,4,#00b894,,,,,,,,
golfer_group_18,38.027985609657534,-84.46627460238055,23580.0,golfer,4,#00b894,,,,,,,,
golfer_group_18,38.02825331682304,-84.46642533497604,23640.0,golfer,4,#00b894,,,,,,,,
golfer_group_18,38.02854411583699,-84.46643446747252,23700.0,golfer,4,#00b894,,,,,,,,
golfer_group_18,38.02883696025459,-84.46643105747557,23760.0,golfer,4,#00b894,,,,,,,,
golfer_group_18,38.02912980467218,-84.46642764747862,23820.0,golfer,4,#00b894,,,,,,,,
golfer_group_18,38.029422649089774,-84.46642423748168,23880.0,golfer,4,#00b894,,,,,,,,
golfer_group_18,38.029714660100595,-84.46640554510962,23940.0,golfer,4,#00b894,,,,,,,,
golfer_group_18,38.03000508074206,-84.46635768976212,24000.0,golfer,4,#00b894,,,,,,,,
golfer_group_18,38.03029550138352,-84.46630983441462,24060.0,golfer,4,#00b894,,,,,,,,
golfer_group_18,38.03034421537664,-84.46623396436489,24120.0,golfer,4,#00b894,,,,,,,,
golfer_group_18,38.0300654222068,-84.4661201350132,24180.0,golfer,4,#00b894,,,,,,,,
golfer_group_18,38.02978662903697,-84.46600630566151,24240.0,golfer,4,#00b894,,,,,,,,
golfer_group_18,38.02950783586713,-84.46589247630982,24300.0,golfer,4,#00b894,,,,,,,,
golfer_group_18,38.029229042697295,-84.46577864695813,24360.0,golfer,4,#00b894,,,,,,,,
golfer_group_18,38.02895024952746,-84.46566481760644,24420.0,golfer,4,#00b894,,,,,,,,
golfer_group_18,38.02867145635763,-84.46555098825475,24480.0,golfer,4,#00b894,,,,,,,,
golfer_group_18,38.02839266318779,-84.46543715890306,24540.0,golfer,4,#00b894,,,,,,,,
golfer_group_18,38.02811294382565,-84.46532834232956,24600.0,golfer,4,#00b894,,,,,,,,
golfer_group_18,38.02782336017175,-84.46527291370359,24660.0,golfer,4,#00b894,,,,,,,,
golfer_group_18,38.02753377651786,-84.46521748507763,24720.0,golfer,4,#00b894,,,,,,,,
golfer_group_18,38.027244192863975,-84.46516205645167,24780.0,golfer,4,#00b894,,,,,,,,
golfer_group_18,38.02695460921009,-84.46510662782572,24840.0,golfer,4,#00b894,,,,,,,,
golfer_group_18,38.02666502555619,-84.46505119919976,24900.0,golfer,4,#00b894,,,,,,,,
golfer_group_18,38.02637326063661,-84.4650346343973,24960.0,golfer,4,#00b894,,,,,,,,
golfer_group_18,38.02608041188864,-84.46503738027086,25020.0,golfer,4,#00b894,,,,,,,,
golfer_group_18,38.025787563140675,-84.46504012614442,25080.0,golfer,2,#00b894,,,,,,,,
golfer_group_18,38.025494714392714,-84.46504287201797,25140.0,golfer,4,#00b894,,,,,,,,
golfer_group_18,38.02556401049359,-84.4653626218534,25200.0,golfer,4,#00b894,,,,,,,,
golfer_group_18,38.025666096931715,-84.46571107475296,25260.0,golfer,4,#00b894,,,,,,,,
golfer_group_18,38.02576818336984,-84.46605952765252,25320.0,golfer,4,#00b894,,,,,,,,
golfer_group_18,38.02587026980797,-84.46640798055208,25380.0,golfer,4,#00b894,,,,,,,,
golfer_group_18,38.02597235624609,-84.46675643345164,25440.0,golfer,4,#00b894,,,,,,,,
golfer_group_18,38.02607444268422,-84.46710488635118,25500.0,golfer,4,#00b894,,,,,,,,
golfer_group_18,38.026176529122345,-84.46745333925074,25560.0,golfer,4,#00b894,,,,,,,,
golfer_group_18,38.02627861556047,-84.4678017921503,25620.0,golfer,4,#00b894,,,,,,,,
golfer_group_18,38.026391551516966,-84.46814347235242,25680.0,golfer,4,#00b894,,,,,,,,
golfer_group_18,38.0265466275618,-84.46845884704874,25740.0,golfer,4,#00b894,,,,,,,,
golfer_group_18,38.02670170360664,-84.46877422174504,25800.0,golfer,4,#00b894,,,,,,,,
golfer_group_18,38.02685677965148,-84.46908959644135,25860.0,golfer,4,#00b894,,,,,,,,
golfer_group_18,38.027011855696315,-84.46940497113766,25920.0,golfer,4,#00b894,,,,,,,,
golfer_group_18,38.027202562026105,-84.46967624119414,25980.0,golfer,4,#00b894,,,,,,,,
golfer_group_18,38.027447,-84.469881,26040.0,golfer,1,#00b894,,,,,,,,
golfer_group_19,38.027447,-84.469881,12240.0,golfer,1,#007cbf,,,,,,,,
golfer_group_19,38.02754627606764,-84.46962578282717,12300.0,golfer,1,#007cbf,,,,,,,,
golfer_group_19,38.02744283462056,-84.4692779685763,12360.0,golfer,1,#007cbf,,,,,,,,
golfer_group_19,38.02733939317348,-84.46893015432545,12420.0,golfer,1,#007cbf,,,,,,,,
golfer_group_19,38.0272359517264,-84.46858234007459,12480.0,golfer,1,#007cbf,,,,,,,,
golfer_group_19,38.027132510279316,-84.46823452582373,12540.0,golfer,1,#007cbf,,,,,,,,
golfer_group_19,38.027029068832235,-84.46788671157287,12600.0,golfer,1,#007cbf,,,,,,,,
golfer_group_19,38.026925627385154,-84.46753889732202,12660.0,golfer,1,#007cbf,,,,,,,,
golfer_group_19,38.02682218593807,-84.46719108307117,12720.0,golfer,1,#007cbf,,,,,,,,
golfer_group_19,38.026707885382585,-84.46684997010087,12780.0,golfer,1,#007cbf,,,,,,,,
golfer_group_19,38.0265563489919,-84.46653183579225,12840.0,golfer,1,#007cbf,,,,,,,,
golfer_group_19,38.02640481260122,-84.46621370148365,12900.0,golfer,1,#007cbf,,,,,,,,
golfer_group_19,38.02625327621054,-84.46589556717504,12960.0,golfer,1,#007cbf,,,,,,,,
golfer_group_19,38.026097865476636,-84.4655806681031,13020.0,golfer,1,#007cbf,,,,,,,,
golfer_group_19,38.02592778516153,-84.46527801873756,13080.0,golfer,4,#007cbf,,,,,,,,
golfer_group_19,38.02575770484643,-84.46497536937204,13140.0,golfer,2,#007cbf,,,,,,,,
golfer_group_19,38.02580429978306,-84.46478189846547,13200.0,golfer,2,#007cbf,,,,,,,,
golfer_group_19,38.02609158193444,-84.46470970518055,13260.0,golfer,2,#007cbf,,,,,,,,
golfer_group_19,38.02637886408582,-84.46463751189565,13320.0,golfer,2,#007cbf,,,,,,,,
golfer_group_19,38.0266661462372,-84.46456531861072,13380.0,golfer,2,#007cbf,,,,,,,,
golfer_group_19,38.02695342838857,-84.4644931253258,13440.0,golfer,2,#007cbf,,,,,,,,
golfer_group_19,38.02723262500985,-84.46440936561527,13500.0,golfer,2,#007cbf,,,,,,,,
golfer_group_19,38.02732323296244,-84.46405582806928,13560.0,golfer,2,#007cbf,,,,,,,,
golfer_group_19,38.027413840915024,-84.46370229052329,13620.0,golfer,3,#007cbf,,,,,,,,
golfer_group_19,38.02755613921936,-84.46339199540722,13680.0,golfer,3,#007cbf,,,,,,,,
golfer_group_19,38.02777631020529,-84.46314684598785,13740.0,golfer,3,#007cbf,,,,,,,,
golfer_group_19,38.027996481191224,-84.4629016965685,13800.0,golfer,3,#007cbf,,,,,,,,
golfer_group_19,38.028216652177164,-84.46265654714912,13860.0,golfer,3,#007cbf,,,,,,,,
golfer_group_19,38.0284368231631,-84.46241139772975,13920.0,golfer,3,#007cbf,,,,,,,,
golfer_group_19,38.02865699414903,-84.4621662483104,13980.0,golfer,3,#007cbf,,,,,,,,
golfer_group_19,38.02887716513497,-84.46192109889103,14040.0,golfer,3,#007cbf,,,,,,,,
golfer_group_19,38.029097336120905,-84.46167594947165,14100.0,golfer,3,#007cbf,,,,,,,,
golfer_group_19,38.02932048603734,-84.46143527844885,14160.0,golfer,3,#007cbf,,,,,,,,
golfer_group_19,38.02954781666501,-84.4612008925283,14220.0,golfer,3,#007cbf,,,,,,,,
golfer_group_19,38.029775147292675,-84.46096650660775,14280.0,golfer,3,#007cbf,,,,,,,,
golfer_group_19,38.03000247792034,-84.46073212068718,14340.0,golfer,3,#007cbf,,,,,,,,
golfer_group_19,38.03022980854801,-84.46049773476663,14400.0,golfer,3,#007cbf,,,,,,,,
golfer_group_19,38.03028198771919,-84.46029007968264,14460.0,golfer,3,#007cbf,,,,,,,,
golfer_group_19,38.030017377451664,-84.46013077159431,14520.0,golfer,4,#007cbf,,,,,,,,
golfer_group_19,38.02974997117584,-84.46003134117494,14580.0,golfer,4,#007cbf,,,,,,,,
golfer_group_19,38.029472388508275,-84.46014984237516,14640.0,golfer,4,#007cbf,,,,,,,,
golfer_group_19,38.02919480584071,-84.46026834357538,14700.0,golfer,4,#007cbf,,,,,,,,
golfer_group_19,38.02891722317315,-84.46038684477558,14760.0,golfer,4,#007cbf,,,,,,,,
golfer_group_19,38.02863964050559,-84.4605053459758,14820.0,golfer,4,#007cbf,,,,,,,,
golfer_group_19,38.02846819932939,-84.46074999771898,14880.0,golfer,4,#007cbf,,,,,,,,
golfer_group_19,38.028356651102726,-84.46108459413088,14940.0,golfer,4,#007cbf,,,,,,,,
golfer_group_19,38.028163251425084,-84.46136377382878,15000.0,golfer,4,#007cbf,,,,,,,,
golfer_group_19,38.02796985174745,-84.46164295352668,15060.0,golfer,4,#007cbf,,,,,,,,
golfer_group_19,38.02777645206981,-84.46192213322458,15120.0,golfer,4,#007cbf,,,,,,,,
golfer_group_19,38.027583052392174,-84.46220131292247,15180.0,golfer,4,#007cbf,,,,,,,,
golfer_group_19,38.02739313138997,-84.4624841808364,15240.0,golfer,4,#007cbf,,,,,,,,
golfer_group_19,38.02721114487077,-84.46277546117278,15300.0,golfer,4,#007cbf,,,,,,,,
golfer_group_19,38.02702915835156,-84.46306674150915,15360.0,golfer,4,#007cbf,,,,,,,,
golfer_group_19,38.02684717183235,-84.46335802184554,15420.0,golfer,4,#007cbf,,,,,,,,
golfer_group_19,38.027030664719845,-84.46345337202217,15480.0,golfer,4,#007cbf,,,,,,,,
golfer_group_19,38.02732202605173,-84.46349089491457,15540.0,golfer,3,#007cbf,,,,,,,,
golfer_group_19,38.02761338738361,-84.46352841780696,15600.0,golfer,3,#007cbf,,,,,,,,
golfer_group_19,38.02787761975422,-84.46365295047241,15660.0,golfer,4,#007cbf,,,,,,,,
golfer_group_19,38.02811027773896,-84.46387875056652,15720.0,golfer,4,#007cbf,,,,,,,,
golfer_group_19,38.02834293572369,-84.46410455066062,15780.0,golfer,4,#007cbf,,,,,,,,
golfer_group_19,38.028575593708425,-84.46433035075472,15840.0,golfer,4,#007cbf,,,,,,,,
golfer_group_19,38.028808251693164,-84.46455615084882,15900.0,golfer,4,#007cbf,,,,,,,,
golfer_group_19,38.029040909677896,-84.46478195094294,15960.0,golfer,4,#007cbf,,,,,,,,
golfer_group_19,38.02927356766263,-84.46500775103704,16020.0,golfer,4,#007cbf,,,,,,,,
golfer_group_19,38.02950622564737,-84.46523355113113,16080.0,golfer,4,#007cbf,,,,,,,,
golfer_group_19,38.02975350361947,-84.4654282954189,16140.0,golfer,4,#007cbf,,,,,,,,
golfer_group_19,38.030020352724144,-84.46558146666777,16200.0,golfer,4,#007cbf,,,,,,,,
golfer_group_19,38.03028720182882,-84.46573463791665,16260.0,golfer,4,#007cbf,,,,,,,,
golfer_group_19,38.030554050933496,-84.46588780916554,16320.0,golfer,4,#007cbf,,,,,,,,
golfer_group_19,38.0308144451061,-84.46601508231271,16380.0,golfer,4,#007cbf,,,,,,,,
golfer_group_19,38.03096331555731,-84.46569490649415,16440.0,golfer,4,#007cbf,,,,,,,,
golfer_group_19,38.03100160851583,-84.46532942233877,16500.0,golfer,4,#007cbf,,,,,,,,
golfer_group_19,38.03102825601745,-84.4649591665407,16560.0,golfer,4,#007cbf,,,,,,,,
golfer_group_19,38.03105490351906,-84.46458891074262,16620.0,golfer,4,#007cbf,,,,,,,,
golfer_group_19,38.031081551020684,-84.46421865494455,16680.0,golfer,4,#007cbf,,,,,,,,
golfer_group_19,38.031108198522304,-84.46384839914647,16740.0,golfer,4,#007cbf,,,,,,,,
golfer_group_19,38.03113484602392,-84.4634781433484,16800.0,golfer,4,#007cbf,,,,,,,,
golfer_group_19,38.03116149352554,-84.46310788755032,16860.0,golfer,4,#007cbf,,,,,,,,
golfer_group_19,38.031127268705696,-84.46274982308951,16920.0,golfer,4,#007cbf,,,,,,,,
golfer_group_19,38.031012137391194,-84.4624079623538,16980.0,golfer,4,#007cbf,,,,,,,,
golfer_group_19,38.03089700607669,-84.46206610161808,17040.0,golfer,4,#007cbf,,,,,,,,
golfer_group_19,38.0307818747622,-84.46172424088235,17100.0,golfer,4,#007cbf,,,,,,,,
golfer_group_19,38.030666743447696,-84.46138238014663,17160.0,golfer,4,#007cbf,,,,,,,,
golfer_group_19,38.030551612133195,-84.46104051941091,17220.0,golfer,4,#007cbf,,,,,,,,
golfer_group_19,38.03081531898336,-84.46091137688049,17280.0,golfer,4,#007cbf,,,,,,,,
golfer_group_19,38.0310279411826,-84.46098091912485,17340.0,golfer,4,#007cbf,,,,,,,,
golfer_group_19,38.03115090321037,-84.46131835889211,17400.0,golfer,4,#007cbf,,,,,,,,
golfer_group_19,38.031273865238134,-84.46165579865938,17460.0,golfer,4,#007cbf,,,,,,,,
golfer_group_19,38.03139682726591,-84.46199323842663,17520.0,golfer,4,#007cbf,,,,,,,,
golfer_group_19,38.031519789293675,-84.4623306781939,17580.0,golfer,4,#007cbf,,,,,,,,
golfer_group_19,38.03164275132144,-84.46266811796116,17640.0,golfer,4,#007cbf,,,,,,,,
golfer_group_19,38.03176571334921,-84.46300555772842,17700.0,golfer,4,#007cbf,,,,,,,,
golfer_group_19,38.031888675376976,-84.46334299749569,17760.0,golfer,4,#007cbf,,,,,,,,
golfer_group_19,38.031909837946635,-84.46368872876327,17820.0,golfer,4,#007cbf,,,,,,,,
golfer_group_19,38.03182184589159,-84.46404335060477,17880.0,golfer,4,#007cbf,,,,,,,,
golfer_group_19,38.03173385383655,-84.46439797244628,17940.0,golfer,4,#007cbf,,,,,,,,
golfer_group_19,38.031645861781506,-84.46475259428779,18000.0,golfer,4,#007cbf,,,,,,,,
golfer_group_19,38.03155786972646,-84.46510721612928,18060.0,golfer,4,#007cbf,,,,,,,,
golfer_group_19,38.03146987767142,-84.46546183797079,18120.0,golfer,4,#007cbf,,,,,,,,
golfer_group_19,38.03131864912918,-84.46576966145622,18180.0,golfer,4,#007cbf,,,,,,,,
golfer_group_19,38.0311189562348,-84.46604161874937,18240.0,golfer,4,#007cbf,,,,,,,,
golfer_group_19,38.030919263340415,-84.46631357604252,18300.0,golfer,4,#007cbf,,,,,,,,
golfer_group_19,38.030718115722834,-84.46658350967269,18360.0,golfer,4,#007cbf,,,,,,,,
golfer_group_19,38.0304866033238,-84.46681120290668,18420.0,golfer,4,#007cbf,,,,,,,,
golfer_group_19,38.030255090924776,-84.46703889614066,18480.0,golfer,4,#007cbf,,,,,,,,
golfer_group_19,38.03002357852575,-84.46726658937465,18540.0,golfer,4,#ffe6cc,,,,,,,,
golfer_group_19,38.02979206612672,-84.46749428260863,18600.0,golfer,4,#ffe6cc,,,,,,,,
golfer_group_19,38.02956055372769,-84.46772197584261,18660.0,golfer,4,#ffe6cc,,,,,,,,
golfer_group_19,38.02932904132866,-84.4679496690766,18720.0,golfer,4,#ffe6cc,,,,,,,,
golfer_group_19,38.02909752892963,-84.46817736231058,18780.0,golfer,4,#ffe6cc,,,,,,,,
golfer_group_19,38.0288660165306,-84.46840505554457,18840.0,golfer,4,#ffe6cc,,,,,,,,
golfer_group_19,38.02869804015225,-84.46870681462924,18900.0,golfer,4,#ffe6cc,,,,,,,,
golfer_group_19,38.028539024924726,-84.46901901999702,18960.0,golfer,4,#ffe6cc,,,,,,,,
golfer_group_19,38.0283800096972,-84.46933122536481,19020.0,golfer,4,#ffe6cc,,,,,,,,
golfer_group_19,38.028129065075696,-84.46949162304078,19080.0,golfer,4,#ffe6cc,,,,,,,,
golfer_group_19,38.02785052807789,-84.46960645602002,19140.0,golfer,1,#ffcc99,,,,,,,,
golfer_group_19,38.027571991080094,-84.46972128899925,19200.0,golfer,1,#ffcc99,,,,,,,,
golfer_group_19,38.02729345408229,-84.4698361219785,19260.0,golfer,4,#ffcc99,,,,,,,,
golfer_group_19,38.027014917084486,-84.46995095495774,19320.0,golfer,4,#ffcc99,,,,,,,,
golfer_group_19,38.02677219339408,-84.46990690842384,19380.0,golfer,4,#ffcc99,,,,,,,,
golfer_group_19,38.026583670283,-84.46962241044099,19440.0,golfer,4,#ffcc99,,,,,,,,
golfer_group_19,38.02639514717193,-84.46933791245814,19500.0,golfer,4,#ffcc99,,,,,,,,
golfer_group_19,38.026206624060855,-84.4690534144753,19560.0,golfer,4,#ffcc99,,,,,,,,
golfer_group_19,38.02601810094978,-84.46876891649245,19620.0,golfer,4,#00b894,,,,,,,,
golfer_group_19,38.0258295778387,-84.4684844185096,19680.0,golfer,4,#00b894,,,,,,,,
golfer_group_19,38.02564105472762,-84.46819992052676,19740.0,golfer,4,#00b894,,,,,,,,
golfer_group_19,38.02539873776804,-84.4680332578427,19800.0,golfer,4,#00b894,,,,,,,,
golfer_group_19,38.02511056304286,-84.46796704648648,19860.0,golfer,4,#00b894,,,,,,,,
golfer_group_19,38.02482238831767,-84.46790083513027,19920.0,golfer,4,#00b894,,,,,,,,
golfer_group_19,38.02466098715723,-84.46791926274804,19980.0,golfer,4,#00b894,,,,,,,,
golfer_group_19,38.0248672597656,-84.46818316370741,20040.0,golfer,4,#00b894,,,,,,,,
golfer_group_19,38.025073532373966,-84.46844706466678,20100.0,golfer,4,#00b894,,,,,,,,
golfer_group_19,38.02498232223591,-84.46858500193528,20160.0,golfer,4,#00b894,,,,,,,,
golfer_group_19,38.024692555469876,-84.46863886398934,20220.0,golfer,4,#00b894,,,,,,,,
golfer_group_19,38.02440278870384,-84.4686927260434,20280.0,golfer,4,#00b894,,,,,,,,
golfer_group_19,38.0241130219378,-84.46874658809746,20340.0,golfer,4,#00b894,,,,,,,,
golfer_group_19,38.02382325517176,-84.46880045015152,20400.0,golfer,4,#00b894,,,,,,,,
golfer_group_19,38.023533488405725,-84.46885431220558,20460.0,golfer,4,#00b894,,,,,,,,
golfer_group_19,38.02325287292604,-84.46895459002404,20520.0,golfer,4,#00b894,,,,,,,,
golfer_group_19,38.023120094224296,-84.46908677293466,20580.0,golfer,4,#00b894,,,,,,,,
golfer_group_19,38.02338797984743,-84.46923698741324,20640.0,golfer,4,#00b894,,,,,,,,
golfer_group_19,38.02365586547056,-84.46938720189182,20700.0,golfer,4,#00b894,,,,,,,,
golfer_group_19,38.02392375109368,-84.4695374163704,20760.0,golfer,4,#00b894,,,,,,,,
golfer_group_19,38.024191636716814,-84.46968763084898,20820.0,golfer,4,#00b894,,,,,,,,
golfer_group_19,38.024459522339946,-84.46983784532756,20880.0,golfer,4,#00b894,,,,,,,,
golfer_group_19,38.02472740796308,-84.46998805980614,20940.0,golfer,4,#00b894,,,,,,,,
golfer_group_19,38.0249952935862,-84.47013827428472,21000.0,golfer,4,#00b894,,,,,,,,
golfer_group_19,38.02526317920933,-84.4702884887633,21060.0,golfer,4,#00b894,,,,,,,,
golfer_group_19,38.02549053793203,-84.47051685206469,21120.0,golfer,4,#00b894,,,,,,,,
golfer_group_19,38.02570511747455,-84.47076985771169,21180.0,golfer,4,#00b894,,,,,,,,
golfer_group_19,38.025919697017066,-84.4710228633587,21240.0,golfer,4,#00b894,,,,,,,,
golfer_group_19,38.02613427655959,-84.4712758690057,21300.0,golfer,4,#00b894,,,,,,,,
golfer_group_19,38.02634885610211,-84.4715288746527,21360.0,golfer,4,#00b894,,,,,,,,
golfer_group_19,38.026563435644626,-84.4717818802997,21420.0,golfer,4,#00b894,,,,,,,,
golfer_group_19,38.02678243981026,-84.47202860408251,21480.0,golfer,4,#00b894,,,,,,,,
golfer_group_19,38.02668611647238,-84.47218057293104,21540.0,golfer,4,#00b894,,,,,,,,
golfer_group_19,38.02640386024167,-84.4722796932027,21600.0,golfer,4,#00b894,,,,,,,,
golfer_group_19,38.02612160401096,-84.47237881347434,21660.0,golfer,4,#00b894,,,,,,,,
golfer_group_19,38.02583934778024,-84.47247793374599,21720.0,golfer,4,#00b894,,,,,,,,
golfer_group_19,38.02555709154953,-84.47257705401765,21780.0,golfer,4,#00b894,,,,,,,,
golfer_group_19,38.025278899056985,-84.47258808504574,21840.0,golfer,4,#00b894,,,,,,,,
golfer_group_19,38.02505413568005,-84.47238241246707,21900.0,golfer,4,#00b894,,,,,,,,
golfer_group_19,38.02491621232278,-84.47205445775451,21960.0,golfer,4,#00b894,,,,,,,,
golfer_group_19,38.02477828896551,-84.47172650304194,22020.0,golfer,4,#00b894,,,,,,,,
golfer_group_19,38.024640365608235,-84.47139854832938,22080.0,golfer,4,#00b894,,,,,,,,
golfer_group_19,38.02450244225096,-84.4710705936168,22140.0,golfer,4,#00b894,,,,,,,,
golfer_group_19,38.02436451889369,-84.47074263890424,22200.0,golfer,4,#00b894,,,,,,,,
golfer_group_19,38.02422659553642,-84.47041468419167,22260.0,golfer,4,#00b894,,,,,,,,
golfer_group_19,38.02408867217915,-84.4700867294791,22320.0,golfer,4,#00b894,,,,,,,,
golfer_group_19,38.023830177494666,-84.46991493651929,22380.0,golfer,4,#00b894,,,,,,,,
golfer_group_19,38.02356911857893,-84.46974646470437,22440.0,golfer,4,#00b894,,,,,,,,
golfer_group_19,38.0233080596632,-84.46957799288944,22500.0,golfer,4,#00b894,,,,,,,,
golfer_group_19,38.02304700074746,-84.46940952107451,22560.0,golfer,4,#00b894,,,,,,,,
golfer_group_19,38.0227847606833,-84.46924457405959,22620.0,golfer,4,#00b894,,,,,,,,
golfer_group_19,38.02250809559787,-84.46912267439926,22680.0,golfer,4,#00b894,,,,,,,,
golfer_group_19,38.022527943550884,-84.46893235209967,22740.0,golfer,4,#00b894,,,,,,,,
golfer_group_19,38.02275311404551,-84.46869465006165,22800.0,golfer,4,#00b894,,,,,,,,
golfer_group_19,38.02297828454014,-84.46845694802364,22860.0,golfer,4,#00b894,,,,,,,,
golfer_group_19,38.02320345503476,-84.46821924598564,22920.0,golfer,4,#00b894,,,,,,,,
golfer_group_19,38.023428625529384,-84.46798154394763,22980.0,golfer,4,#00b894,,,,,,,,
golfer_group_19,38.02365379602401,-84.46774384190961,23040.0,golfer,4,#00b894,,,,,,,,
golfer_group_19,38.02387896651864,-84.4675061398716,23100.0,golfer,4,#00b894,,,,,,,,
golfer_group_19,38.02410413701326,-84.4672684378336,23160.0,golfer,4,#00b894,,,,,,,,
golfer_group_19,38.024329307507884,-84.46703073579559,23220.0,golfer,4,#00b894,,,,,,,,
golfer_group_19,38.024516630016976,-84.46674714202182,23280.0,golfer,4,#00b894,,,,,,,,
golfer_group_19,38.02469334505099,-84.4664506863893,23340.0,golfer,4,#00b894,,,,,,,,
golfer_group_19,38.02487006008501,-84.46615423075679,23400.0,golfer,4,#00b894,,,,,,,,
golfer_group_19,38.02504677511902,-84.46585777512426,23460.0,golfer,4,#00b894,,,,,,,,
golfer_group_19,38.02525798622544,-84.46562593134438,23520.0,golfer,4,#00b894,,,,,,,,
golfer_group_19,38.025540368765746,-84.46552739312297,23580.0,golfer,4,#00b894,,,,,,,,
golfer_group_19,38.02582275130605,-84.46542885490156,23640.0,golfer,4,#00b894,,,,,,,,
golfer_group_19,38.02610513384636,-84.46533031668015,23700.0,golfer,4,#00b894,,,,,,,,
golfer_group_19,38.02637936666449,-84.46537020680762,23760.0,golfer,4,#00b894,,,,,,,,
golfer_group_19,38.02664707383,-84.4655209394031,23820.0,golfer,4,#00b894,,,,,,,,
golfer_group_19,38.026914780995504,-84.46567167199859,23880.0,golfer,4,#00b894,,,,,,,,
golfer_group_19,38.02718248816101,-84.46582240459409,23940.0,golfer,4,#00b894,,,,,,,,
golfer_group_19,38.027450195326516,-84.46597313718958,24000.0,golfer,4,#00b894,,,,,,,,
golfer_group_19,38.02771790249202,-84.46612386978506,24060.0,golfer,4,#00b894,,,,,,,,
golfer_group_19,38.027985609657534,-84.46627460238055,24120.0,golfer,4,#00b894,,,,,,,,
golfer_group_19,38.02825331682304,-84.46642533497604,24180.0,golfer,4,#00b894,,,,,,,,
golfer_group_19,38.02854411583699,-84.46643446747252,24240.0,golfer,4,#00b894,,,,,,,,
golfer_group_19,38.02883696025459,-84.46643105747557,24300.0,golfer,4,#00b894,,,,,,,,
golfer_group_19,38.02912980467218,-84.46642764747862,24360.0,golfer,4,#00b894,,,,,,,,
golfer_group_19,38.029422649089774,-84.46642423748168,24420.0,golfer,4,#00b894,,,,,,,,
golfer_group_19,38.029714660100595,-84.46640554510962,24480.0,golfer,4,#00b894,,,,,,,,
golfer_group_19,38.03000508074206,-84.46635768976212,24540.0,golfer,4,#00b894,,,,,,,,
golfer_group_19,38.03029550138352,-84.46630983441462,24600.0,golfer,4,#00b894,,,,,,,,
golfer_group_19,38.03034421537664,-84.46623396436489,24660.0,golfer,4,#00b894,,,,,,,,
golfer_group_19,38.0300654222068,-84.4661201350132,24720.0,golfer,4,#00b894,,,,,,,,
golfer_group_19,38.02978662903697,-84.46600630566151,24780.0,golfer,4,#00b894,,,,,,,,
golfer_group_19,38.02950783586713,-84.46589247630982,24840.0,golfer,4,#00b894,,,,,,,,
golfer_group_19,38.029229042697295,-84.46577864695813,24900.0,golfer,4,#00b894,,,,,,,,
golfer_group_19,38.02895024952746,-84.46566481760644,24960.0,golfer,4,#00b894,,,,,,,,
golfer_group_19,38.02867145635763,-84.46555098825475,25020.0,golfer,4,#00b894,,,,,,,,
golfer_group_19,38.02839266318779,-84.46543715890306,25080.0,golfer,4,#00b894,,,,,,,,
golfer_group_19,38.02811294382565,-84.46532834232956,25140.0,golfer,4,#00b894,,,,,,,,
golfer_group_19,38.02782336017175,-84.46527291370359,25200.0,golfer,4,#00b894,,,,,,,,
golfer_group_19,38.02753377651786,-84.46521748507763,25260.0,golfer,4,#00b894,,,,,,,,
golfer_group_19,38.027244192863975,-84.46516205645167,25320.0,golfer,4,#00b894,,,,,,,,
golfer_group_19,38.02695460921009,-84.46510662782572,25380.0,golfer,4,#00b894,,,,,,,,
golfer_group_19,38.02666502555619,-84.46505119919976,25440.0,golfer,4,#00b894,,,,,,,,
golfer_group_19,38.02637326063661,-84.4650346343973,25500.0,golfer,4,#00b894,,,,,,,,
golfer_group_19,38.02608041188864,-84.46503738027086,25560.0,golfer,4,#00b894,,,,,,,,
golfer_group_19,38.025787563140675,-84.46504012614442,25620.0,golfer,2,#00b894,,,,,,,,
golfer_group_19,38.025494714392714,-84.46504287201797,25680.0,golfer,4,#00b894,,,,,,,,
golfer_group_19,38.02556401049359,-84.4653626218534,25740.0,golfer,4,#00b894,,,,,,,,
golfer_group_19,38.025666096931715,-84.46571107475296,25800.0,golfer,4,#00b894,,,,,,,,
golfer_group_19,38.02576818336984,-84.46605952765252,25860.0,golfer,4,#00b894,,,,,,,,
golfer_group_19,38.02587026980797,-84.46640798055208,25920.0,golfer,4,#00b894,,,,,,,,
golfer_group_19,38.02597235624609,-84.46675643345164,25980.0,golfer,4,#00b894,,,,,,,,
golfer_group_19,38.02607444268422,-84.46710488635118,26040.0,golfer,4,#00b894,,,,,,,,
golfer_group_19,38.026176529122345,-84.46745333925074,26100.0,golfer,4,#00b894,,,,,,,,
golfer_group_19,38.02627861556047,-84.4678017921503,26160.0,golfer,4,#00b894,,,,,,,,
golfer_group_19,38.026391551516966,-84.46814347235242,26220.0,golfer,4,#00b894,,,,,,,,
golfer_group_19,38.0265466275618,-84.46845884704874,26280.0,golfer,4,#00b894,,,,,,,,
golfer_group_19,38.02670170360664,-84.46877422174504,26340.0,golfer,4,#00b894,,,,,,,,
golfer_group_19,38.02685677965148,-84.46908959644135,26400.0,golfer,4,#00b894,,,,,,,,
golfer_group_19,38.027011855696315,-84.46940497113766,26460.0,golfer,4,#00b894,,,,,,,,
golfer_group_19,38.027202562026105,-84.46967624119414,26520.0,golfer,4,#00b894,,,,,,,,
golfer_group_19,38.027447,-84.469881,26580.0,golfer,1,#00b894,,,,,,,,
golfer_group_2,38.027447,-84.469881,3180.0,golfer,1,#007cbf,,,,,,,,
golfer_group_2,38.02754627606764,-84.46962578282717,3240.0,golfer,1,#007cbf,,,,,,,,
golfer_group_2,38.02744283462056,-84.4692779685763,3300.0,golfer,1,#007cbf,,,,,,,,
golfer_group_2,38.02733939317348,-84.46893015432545,3360.0,golfer,1,#007cbf,,,,,,,,
golfer_group_2,38.0272359517264,-84.46858234007459,3420.0,golfer,1,#007cbf,,,,,,,,
golfer_group_2,38.027132510279316,-84.46823452582373,3480.0,golfer,1,#007cbf,,,,,,,,
golfer_group_2,38.027029068832235,-84.46788671157287,3540.0,golfer,1,#007cbf,,,,,,,,
golfer_group_2,38.026925627385154,-84.46753889732202,3600.0,golfer,1,#007cbf,,,,,,,,
golfer_group_2,38.02682218593807,-84.46719108307117,3660.0,golfer,1,#007cbf,,,,,,,,
golfer_group_2,38.026707885382585,-84.46684997010087,3720.0,golfer,1,#007cbf,,,,,,,,
golfer_group_2,38.0265563489919,-84.46653183579225,3780.0,golfer,1,#007cbf,,,,,,,,
golfer_group_2,38.02640481260122,-84.46621370148365,3840.0,golfer,1,#007cbf,,,,,,,,
golfer_group_2,38.02625327621054,-84.46589556717504,3900.0,golfer,1,#007cbf,,,,,,,,
golfer_group_2,38.026097865476636,-84.4655806681031,3960.0,golfer,1,#007cbf,,,,,,,,
golfer_group_2,38.02592778516153,-84.46527801873756,4020.0,golfer,4,#007cbf,,,,,,,,
golfer_group_2,38.02575770484643,-84.46497536937204,4080.0,golfer,2,#007cbf,,,,,,,,
golfer_group_2,38.02580429978306,-84.46478189846547,4140.0,golfer,2,#007cbf,,,,,,,,
golfer_group_2,38.02609158193444,-84.46470970518055,4200.0,golfer,2,#007cbf,,,,,,,,
golfer_group_2,38.02637886408582,-84.46463751189565,4260.0,golfer,2,#007cbf,,,,,,,,
golfer_group_2,38.0266661462372,-84.46456531861072,4320.0,golfer,2,#007cbf,,,,,,,,
golfer_group_2,38.02695342838857,-84.4644931253258,4380.0,golfer,2,#007cbf,,,,,,,,
golfer_group_2,38.02723262500985,-84.46440936561527,4440.0,golfer,2,#007cbf,,,,,,,,
golfer_group_2,38.02732323296244,-84.46405582806928,4500.0,golfer,2,#007cbf,,,,,,,,
golfer_group_2,38.027413840915024,-84.46370229052329,4560.0,golfer,3,#007cbf,,,,,,,,
golfer_group_2,38.02755613921936,-84.46339199540722,4620.0,golfer,3,#007cbf,,,,,,,,
golfer_group_2,38.02777631020529,-84.46314684598785,4680.0,golfer,3,#007cbf,,,,,,,,
golfer_group_2,38.027996481191224,-84.4629016965685,4740.0,golfer,3,#007cbf,,,,,,,,
golfer_group_2,38.028216652177164,-84.46265654714912,4800.0,golfer,3,#007cbf,,,,,,,,
golfer_group_2,38.0284368231631,-84.46241139772975,4860.0,golfer,3,#007cbf,,,,,,,,
golfer_group_2,38.02865699414903,-84.4621662483104,4920.0,golfer,3,#007cbf,,,,,,,,
golfer_group_2,38.02887716513497,-84.46192109889103,4980.0,golfer,3,#007cbf,,,,,,,,
golfer_group_2,38.029097336120905,-84.46167594947165,5040.0,golfer,3,#007cbf,,,,,,,,
golfer_group_2,38.02932048603734,-84.46143527844885,5100.0,golfer,3,#007cbf,,,,,,,,
golfer_group_2,38.02954781666501,-84.4612008925283,5160.0,golfer,3,#007cbf,,,,,,,,
golfer_group_2,38.029775147292675,-84.46096650660775,5220.0,golfer,3,#007cbf,,,,,,,,
golfer_group_2,38.03000247792034,-84.46073212068718,5280.0,golfer,3,#007cbf,,,,,,,,
golfer_group_2,38.03022980854801,-84.46049773476663,5340.0,golfer,3,#007cbf,,,,,,,,
golfer_group_2,38.03028198771919,-84.46029007968264,5400.0,golfer,3,#007cbf,,,,,,,,
golfer_group_2,38.030017377451664,-84.46013077159431,5460.0,golfer,4,#007cbf,,,,,,,,
golfer_group_2,38.02974997117584,-84.46003134117494,5520.0,golfer,4,#007cbf,,,,,,,,
golfer_group_2,38.029472388508275,-84.46014984237516,5580.0,golfer,4,#007cbf,,,,,,,,
golfer_group_2,38.02919480584071,-84.46026834357538,5640.0,golfer,4,#007cbf,,,,,,,,
golfer_group_2,38.02891722317315,-84.46038684477558,5700.0,golfer,4,#007cbf,,,,,,,,
golfer_group_2,38.02863964050559,-84.4605053459758,5760.0,golfer,4,#007cbf,,,,,,,,
golfer_group_2,38.02846819932939,-84.46074999771898,5820.0,golfer,4,#007cbf,,,,,,,,
golfer_group_2,38.028356651102726,-84.46108459413088,5880.0,golfer,4,#007cbf,,,,,,,,
golfer_group_2,38.028163251425084,-84.46136377382878,5940.0,golfer,4,#007cbf,,,,,,,,
golfer_group_2,38.02796985174745,-84.46164295352668,6000.0,golfer,4,#007cbf,,,,,,,,
golfer_group_2,38.02777645206981,-84.46192213322458,6060.0,golfer,4,#007cbf,,,,,,,,
golfer_group_2,38.027583052392174,-84.46220131292247,6120.0,golfer,4,#007cbf,,,,,,,,
golfer_group_2,38.02739313138997,-84.4624841808364,6180.0,golfer,4,#007cbf,,,,,,,,
golfer_group_2,38.02721114487077,-84.46277546117278,6240.0,golfer,4,#007cbf,,,,,,,,
golfer_group_2,38.02702915835156,-84.46306674150915,6300.0,golfer,4,#007cbf,,,,,,,,
golfer_group_2,38.02684717183235,-84.46335802184554,6360.0,golfer,4,#007cbf,,,,,,,,
golfer_group_2,38.027030664719845,-84.46345337202217,6420.0,golfer,4,#007cbf,,,,,,,,
golfer_group_2,38.02732202605173,-84.46349089491457,6480.0,golfer,3,#007cbf,,,,,,,,
golfer_group_2,38.02761338738361,-84.46352841780696,6540.0,golfer,3,#007cbf,,,,,,,,
golfer_group_2,38.02787761975422,-84.46365295047241,6600.0,golfer,4,#007cbf,,,,,,,,
golfer_group_2,38.02811027773896,-84.46387875056652,6660.0,golfer,4,#007cbf,,,,,,,,
golfer_group_2,38.02834293572369,-84.46410455066062,6720.0,golfer,4,#007cbf,,,,,,,,
golfer_group_2,38.028575593708425,-84.46433035075472,6780.0,golfer,4,#007cbf,,,,,,,,
golfer_group_2,38.028808251693164,-84.46455615084882,6840.0,golfer,4,#007cbf,,,,,,,,
golfer_group_2,38.029040909677896,-84.46478195094294,6900.0,golfer,4,#007cbf,,,,,,,,
golfer_group_2,38.02927356766263,-84.46500775103704,6960.0,golfer,4,#007cbf,,,,,,,,
golfer_group_2,38.02950622564737,-84.46523355113113,7020.0,golfer,4,#007cbf,,,,,,,,
golfer_group_2,38.02975350361947,-84.4654282954189,7080.0,golfer,4,#007cbf,,,,,,,,
golfer_group_2,38.030020352724144,-84.46558146666777,7140.0,golfer,4,#007cbf,,,,,,,,
golfer_group_2,38.03028720182882,-84.46573463791665,7200.0,golfer,4,#007cbf,,,,,,,,
golfer_group_2,38.030554050933496,-84.46588780916554,7260.0,golfer,4,#007cbf,,,,,,,,
golfer_group_2,38.0308144451061,-84.46601508231271,7320.0,golfer,4,#007cbf,,,,,,,,
golfer_group_2,38.03096331555731,-84.46569490649415,7380.0,golfer,4,#007cbf,,,,,,,,
golfer_group_2,38.03100160851583,-84.46532942233877,7440.0,golfer,4,#007cbf,,,,,,,,
golfer_group_2,38.03102825601745,-84.4649591665407,7500.0,golfer,4,#007cbf,,,,,,,,
golfer_group_2,38.03105490351906,-84.46458891074262,7560.0,golfer,4,#007cbf,,,,,,,,
golfer_group_2,38.031081551020684,-84.46421865494455,7620.0,golfer,4,#007cbf,,,,,,,,
golfer_group_2,38.031108198522304,-84.46384839914647,7680.0,golfer,4,#007cbf,,,,,,,,
golfer_group_2,38.03113484602392,-84.4634781433484,7740.0,golfer,4,#007cbf,,,,,,,,
golfer_group_2,38.03116149352554,-84.46310788755032,7800.0,golfer,4,#007cbf,,,,,,,,
golfer_group_2,38.031127268705696,-84.46274982308951,7860.0,golfer,4,#007cbf,,,,,,,,
golfer_group_2,38.031012137391194,-84.4624079623538,7920.0,golfer,4,#007cbf,,,,,,,,
golfer_group_2,38.03089700607669,-84.46206610161808,7980.0,golfer,4,#007cbf,,,,,,,,
golfer_group_2,38.0307818747622,-84.46172424088235,8040.0,golfer,4,#007cbf,,,,,,,,
golfer_group_2,38.030666743447696,-84.46138238014663,8100.0,golfer,4,#007cbf,,,,,,,,
golfer_group_2,38.030551612133195,-84.46104051941091,8160.0,golfer,4,#007cbf,,,,,,,,
golfer_group_2,38.03081531898336,-84.46091137688049,8220.0,golfer,4,#007cbf,,,,,,,,
golfer_group_2,38.0310279411826,-84.46098091912485,8280.0,golfer,4,#007cbf,,,,,,,,
golfer_group_2,38.03115090321037,-84.46131835889211,8340.0,golfer,4,#007cbf,,,,,,,,
golfer_group_2,38.031273865238134,-84.46165579865938,8400.0,golfer,4,#007cbf,,,,,,,,
golfer_group_2,38.03139682726591,-84.46199323842663,8460.0,golfer,4,#007cbf,,,,,,,,
golfer_group_2,38.031519789293675,-84.4623306781939,8520.0,golfer,4,#007cbf,,,,,,,,
golfer_group_2,38.03164275132144,-84.46266811796116,8580.0,golfer,4,#007cbf,,,,,,,,
golfer_group_2,38.03176571334921,-84.46300555772842,8640.0,golfer,4,#007cbf,,,,,,,,
golfer_group_2,38.031888675376976,-84.46334299749569,8700.0,golfer,4,#007cbf,,,,,,,,
golfer_group_2,38.031909837946635,-84.46368872876327,8760.0,golfer,4,#007cbf,,,,,,,,
golfer_group_2,38.03182184589159,-84.46404335060477,8820.0,golfer,4,#007cbf,,,,,,,,
golfer_group_2,38.03173385383655,-84.46439797244628,8880.0,golfer,4,#007cbf,,,,,,,,
golfer_group_2,38.031645861781506,-84.46475259428779,8940.0,golfer,4,#007cbf,,,,,,,,
golfer_group_2,38.03155786972646,-84.46510721612928,9000.0,golfer,4,#007cbf,,,,,,,,
golfer_group_2,38.03146987767142,-84.46546183797079,9060.0,golfer,4,#007cbf,,,,,,,,
golfer_group_2,38.03131864912918,-84.46576966145622,9120.0,golfer,4,#007cbf,,,,,,,,
golfer_group_2,38.0311189562348,-84.46604161874937,9180.0,golfer,4,#007cbf,,,,,,,,
golfer_group_2,38.030919263340415,-84.46631357604252,9240.0,golfer,4,#007cbf,,,,,,,,
golfer_group_2,38.030718115722834,-84.46658350967269,9300.0,golfer,4,#007cbf,,,,,,,,
golfer_group_2,38.0304866033238,-84.46681120290668,9360.0,golfer,4,#007cbf,,,,,,,,
golfer_group_2,38.030255090924776,-84.46703889614066,9420.0,golfer,4,#007cbf,,,,,,,,
golfer_group_2,38.03002357852575,-84.46726658937465,9480.0,golfer,4,#007cbf,,,,,,,,
golfer_group_2,38.02979206612672,-84.46749428260863,9540.0,golfer,4,#007cbf,,,,,,,,
golfer_group_2,38.02956055372769,-84.46772197584261,9600.0,golfer,4,#007cbf,,,,,,,,
golfer_group_2,38.02932904132866,-84.4679496690766,9660.0,golfer,4,#007cbf,,,,,,,,
golfer_group_2,38.02909752892963,-84.46817736231058,9720.0,golfer,4,#007cbf,,,,,,,,
golfer_group_2,38.0288660165306,-84.46840505554457,9780.0,golfer,4,#007cbf,,,,,,,,
golfer_group_2,38.02869804015225,-84.46870681462924,9840.0,golfer,4,#007cbf,,,,,,,,
golfer_group_2,38.028539024924726,-84.46901901999702,9900.0,golfer,4,#007cbf,,,,,,,,
golfer_group_2,38.0283800096972,-84.46933122536481,9960.0,golfer,4,#007cbf,,,,,,,,
golfer_group_2,38.028129065075696,-84.46949162304078,10020.0,golfer,4,#007cbf,,,,,,,,
golfer_group_2,38.02785052807789,-84.46960645602002,10080.0,golfer,1,#007cbf,,,,,,,,
golfer_group_2,38.027571991080094,-84.46972128899925,10140.0,golfer,1,#007cbf,,,,,,,,
golfer_group_2,38.02729345408229,-84.4698361219785,10200.0,golfer,4,#007cbf,,,,,,,,
golfer_group_2,38.027014917084486,-84.46995095495774,10260.0,golfer,4,#007cbf,,,,,,,,
golfer_group_2,38.02677219339408,-84.46990690842384,10320.0,golfer,4,#007cbf,,,,,,,,
golfer_group_2,38.026583670283,-84.46962241044099,10380.0,golfer,4,#007cbf,,,,,,,,
golfer_group_2,38.02639514717193,-84.46933791245814,10440.0,golfer,4,#007cbf,,,,,,,,
golfer_group_2,38.026206624060855,-84.4690534144753,10500.0,golfer,4,#007cbf,,,,,,,,
golfer_group_2,38.02601810094978,-84.46876891649245,10560.0,golfer,4,#007cbf,,,,,,,,
golfer_group_2,38.0258295778387,-84.4684844185096,10620.0,golfer,4,#007cbf,,,,,,,,
golfer_group_2,38.02564105472762,-84.46819992052676,10680.0,golfer,4,#007cbf,,,,,,,,
golfer_group_2,38.02539873776804,-84.4680332578427,10740.0,golfer,4,#007cbf,,,,,,,,
golfer_group_2,38.02511056304286,-84.46796704648648,10800.0,golfer,4,#007cbf,,,,,,,,
golfer_group_2,38.02482238831767,-84.46790083513027,10860.0,golfer,4,#007cbf,,,,,,,,
golfer_group_2,38.02466098715723,-84.46791926274804,10920.0,golfer,4,#007cbf,,,,,,,,
golfer_group_2,38.0248672597656,-84.46818316370741,10980.0,golfer,4,#007cbf,,,,,,,,
golfer_group_2,38.025073532373966,-84.46844706466678,11040.0,golfer,4,#007cbf,,,,,,,,
golfer_group_2,38.02498232223591,-84.46858500193528,11100.0,golfer,4,#007cbf,,,,,,,,
golfer_group_2,38.024692555469876,-84.46863886398934,11160.0,golfer,4,#007cbf,,,,,,,,
golfer_group_2,38.02440278870384,-84.4686927260434,11220.0,golfer,4,#007cbf,,,,,,,,
golfer_group_2,38.0241130219378,-84.46874658809746,11280.0,golfer,4,#007cbf,,,,,,,,
golfer_group_2,38.02382325517176,-84.46880045015152,11340.0,golfer,4,#007cbf,,,,,,,,
golfer_group_2,38.023533488405725,-84.46885431220558,11400.0,golfer,4,#007cbf,,,,,,,,
golfer_group_2,38.02325287292604,-84.46895459002404,11460.0,golfer,4,#007cbf,,,,,,,,
golfer_group_2,38.023120094224296,-84.46908677293466,11520.0,golfer,4,#007cbf,,,,,,,,
golfer_group_2,38.02338797984743,-84.46923698741324,11580.0,golfer,4,#007cbf,,,,,,,,
golfer_group_2,38.02365586547056,-84.46938720189182,11640.0,golfer,4,#007cbf,,,,,,,,
golfer_group_2,38.02392375109368,-84.4695374163704,11700.0,golfer,4,#007cbf,,,,,,,,
golfer_group_2,38.024191636716814,-84.46968763084898,11760.0,golfer,4,#007cbf,,,,,,,,
golfer_group_2,38.024459522339946,-84.46983784532756,11820.0,golfer,4,#007cbf,,,,,,,,
golfer_group_2,38.02472740796308,-84.46998805980614,11880.0,golfer,4,#007cbf,,,,,,,,
golfer_group_2,38.0249952935862,-84.47013827428472,11940.0,golfer,4,#007cbf,,,,,,,,
golfer_group_2,38.02526317920933,-84.4702884887633,12000.0,golfer,4,#007cbf,,,,,,,,
golfer_group_2,38.02549053793203,-84.47051685206469,12060.0,golfer,4,#007cbf,,,,,,,,
golfer_group_2,38.02570511747455,-84.47076985771169,12120.0,golfer,4,#007cbf,,,,,,,,
golfer_group_2,38.025919697017066,-84.4710228633587,12180.0,golfer,4,#007cbf,,,,,,,,
golfer_group_2,38.02613427655959,-84.4712758690057,12240.0,golfer,4,#007cbf,,,,,,,,
golfer_group_2,38.02634885610211,-84.4715288746527,12300.0,golfer,4,#007cbf,,,,,,,,
golfer_group_2,38.026563435644626,-84.4717818802997,12360.0,golfer,4,#007cbf,,,,,,,,
golfer_group_2,38.02678243981026,-84.47202860408251,12420.0,golfer,4,#007cbf,,,,,,,,
golfer_group_2,38.02668611647238,-84.47218057293104,12480.0,golfer,4,#007cbf,,,,,,,,
golfer_group_2,38.02640386024167,-84.4722796932027,12540.0,golfer,4,#007cbf,,,,,,,,
golfer_group_2,38.02612160401096,-84.47237881347434,12600.0,golfer,4,#007cbf,,,,,,,,
golfer_group_2,38.02583934778024,-84.47247793374599,12660.0,golfer,4,#007cbf,,,,,,,,
golfer_group_2,38.02555709154953,-84.47257705401765,12720.0,golfer,4,#007cbf,,,,,,,,
golfer_group_2,38.025278899056985,-84.47258808504574,12780.0,golfer,4,#007cbf,,,,,,,,
golfer_group_2,38.02505413568005,-84.47238241246707,12840.0,golfer,4,#007cbf,,,,,,,,
golfer_group_2,38.02491621232278,-84.47205445775451,12900.0,golfer,4,#007cbf,,,,,,,,
golfer_group_2,38.02477828896551,-84.47172650304194,12960.0,golfer,4,#007cbf,,,,,,,,
golfer_group_2,38.024640365608235,-84.47139854832938,13020.0,golfer,4,#007cbf,,,,,,,,
golfer_group_2,38.02450244225096,-84.4710705936168,13080.0,golfer,4,#007cbf,,,,,,,,
golfer_group_2,38.02436451889369,-84.47074263890424,13140.0,golfer,4,#007cbf,,,,,,,,
golfer_group_2,38.02422659553642,-84.47041468419167,13200.0,golfer,4,#007cbf,,,,,,,,
golfer_group_2,38.02408867217915,-84.4700867294791,13260.0,golfer,4,#007cbf,,,,,,,,
golfer_group_2,38.023830177494666,-84.46991493651929,13320.0,golfer,4,#007cbf,,,,,,,,
golfer_group_2,38.02356911857893,-84.46974646470437,13380.0,golfer,4,#007cbf,,,,,,,,
golfer_group_2,38.0233080596632,-84.46957799288944,13440.0,golfer,4,#007cbf,,,,,,,,
golfer_group_2,38.02304700074746,-84.46940952107451,13500.0,golfer,4,#007cbf,,,,,,,,
golfer_group_2,38.0227847606833,-84.46924457405959,13560.0,golfer,4,#007cbf,,,,,,,,
golfer_group_2,38.02250809559787,-84.46912267439926,13620.0,golfer,4,#007cbf,,,,,,,,
golfer_group_2,38.022527943550884,-84.46893235209967,13680.0,golfer,4,#007cbf,,,,,,,,
golfer_group_2,38.02275311404551,-84.46869465006165,13740.0,golfer,4,#007cbf,,,,,,,,
golfer_group_2,38.02297828454014,-84.46845694802364,13800.0,golfer,4,#007cbf,,,,,,,,
golfer_group_2,38.02320345503476,-84.46821924598564,13860.0,golfer,4,#007cbf,,,,,,,,
golfer_group_2,38.023428625529384,-84.46798154394763,13920.0,golfer,4,#007cbf,,,,,,,,
golfer_group_2,38.02365379602401,-84.46774384190961,13980.0,golfer,4,#007cbf,,,,,,,,
golfer_group_2,38.02387896651864,-84.4675061398716,14040.0,golfer,4,#007cbf,,,,,,,,
golfer_group_2,38.02410413701326,-84.4672684378336,14100.0,golfer,4,#007cbf,,,,,,,,
golfer_group_2,38.024329307507884,-84.46703073579559,14160.0,golfer,4,#007cbf,,,,,,,,
golfer_group_2,38.024516630016976,-84.46674714202182,14220.0,golfer,4,#007cbf,,,,,,,,
golfer_group_2,38.02469334505099,-84.4664506863893,14280.0,golfer,4,#007cbf,,,,,,,,
golfer_group_2,38.02487006008501,-84.46615423075679,14340.0,golfer,4,#007cbf,,,,,,,,
golfer_group_2,38.02504677511902,-84.46585777512426,14400.0,golfer,4,#007cbf,,,,,,,,
golfer_group_2,38.02525798622544,-84.46562593134438,14460.0,golfer,4,#007cbf,,,,,,,,
golfer_group_2,38.025540368765746,-84.46552739312297,14520.0,golfer,4,#007cbf,,,,,,,,
golfer_group_2,38.02582275130605,-84.46542885490156,14580.0,golfer,4,#007cbf,,,,,,,,
golfer_group_2,38.02610513384636,-84.46533031668015,14640.0,golfer,4,#007cbf,,,,,,,,
golfer_group_2,38.02637936666449,-84.46537020680762,14700.0,golfer,4,#007cbf,,,,,,,,
golfer_group_2,38.02664707383,-84.4655209394031,14760.0,golfer,4,#007cbf,,,,,,,,
golfer_group_2,38.026914780995504,-84.46567167199859,14820.0,golfer,4,#007cbf,,,,,,,,
golfer_group_2,38.02718248816101,-84.46582240459409,14880.0,golfer,4,#007cbf,,,,,,,,
golfer_group_2,38.027450195326516,-84.46597313718958,14940.0,golfer,4,#007cbf,,,,,,,,
golfer_group_2,38.02771790249202,-84.46612386978506,15000.0,golfer,4,#007cbf,,,,,,,,
golfer_group_2,38.027985609657534,-84.46627460238055,15060.0,golfer,4,#007cbf,,,,,,,,
golfer_group_2,38.02825331682304,-84.46642533497604,15120.0,golfer,4,#007cbf,,,,,,,,
golfer_group_2,38.02854411583699,-84.46643446747252,15180.0,golfer,4,#007cbf,,,,,,,,
golfer_group_2,38.02883696025459,-84.46643105747557,15240.0,golfer,4,#007cbf,,,,,,,,
golfer_group_2,38.02912980467218,-84.46642764747862,15300.0,golfer,4,#007cbf,,,,,,,,
golfer_group_2,38.029422649089774,-84.46642423748168,15360.0,golfer,4,#007cbf,,,,,,,,
golfer_group_2,38.029714660100595,-84.46640554510962,15420.0,golfer,4,#007cbf,,,,,,,,
golfer_group_2,38.03000508074206,-84.46635768976212,15480.0,golfer,4,#007cbf,,,,,,,,
golfer_group_2,38.03029550138352,-84.46630983441462,15540.0,golfer,4,#007cbf,,,,,,,,
golfer_group_2,38.03034421537664,-84.46623396436489,15600.0,golfer,4,#007cbf,,,,,,,,
golfer_group_2,38.0300654222068,-84.4661201350132,15660.0,golfer,4,#007cbf,,,,,,,,
golfer_group_2,38.02978662903697,-84.46600630566151,15720.0,golfer,4,#007cbf,,,,,,,,
golfer_group_2,38.02950783586713,-84.46589247630982,15780.0,golfer,4,#007cbf,,,,,,,,
golfer_group_2,38.029229042697295,-84.46577864695813,15840.0,golfer,4,#007cbf,,,,,,,,
golfer_group_2,38.02895024952746,-84.46566481760644,15900.0,golfer,4,#007cbf,,,,,,,,
golfer_group_2,38.02867145635763,-84.46555098825475,15960.0,golfer,4,#007cbf,,,,,,,,
golfer_group_2,38.02839266318779,-84.46543715890306,16020.0,golfer,4,#007cbf,,,,,,,,
golfer_group_2,38.02811294382565,-84.46532834232956,16080.0,golfer,4,#007cbf,,,,,,,,
golfer_group_2,38.02782336017175,-84.46527291370359,16140.0,golfer,4,#007cbf,,,,,,,,
golfer_group_2,38.02753377651786,-84.46521748507763,16200.0,golfer,4,#007cbf,,,,,,,,
golfer_group_2,38.027244192863975,-84.46516205645167,16260.0,golfer,4,#007cbf,,,,,,,,
golfer_group_2,38.02695460921009,-84.46510662782572,16320.0,golfer,4,#007cbf,,,,,,,,
golfer_group_2,38.02666502555619,-84.46505119919976,16380.0,golfer,4,#007cbf,,,,,,,,
golfer_group_2,38.02637326063661,-84.4650346343973,16440.0,golfer,4,#007cbf,,,,,,,,
golfer_group_2,38.02608041188864,-84.46503738027086,16500.0,golfer,4,#007cbf,,,,,,,,
golfer_group_2,38.025787563140675,-84.46504012614442,16560.0,golfer,2,#007cbf,,,,,,,,
golfer_group_2,38.025494714392714,-84.46504287201797,16620.0,golfer,4,#007cbf,,,,,,,,
golfer_group_2,38.02556401049359,-84.4653626218534,16680.0,golfer,4,#007cbf,,,,,,,,
golfer_group_2,38.025666096931715,-84.46571107475296,16740.0,golfer,4,#007cbf,,,,,,,,
golfer_group_2,38.02576818336984,-84.46605952765252,16800.0,golfer,4,#007cbf,,,,,,,,
golfer_group_2,38.02587026980797,-84.46640798055208,16860.0,golfer,4,#007cbf,,,,,,,,
golfer_group_2,38.02597235624609,-84.46675643345164,16920.0,golfer,4,#007cbf,,,,,,,,
golfer_group_2,38.02607444268422,-84.46710488635118,16980.0,golfer,4,#007cbf,,,,,,,,
golfer_group_2,38.026176529122345,-84.46745333925074,17040.0,golfer,4,#007cbf,,,,,,,,
golfer_group_2,38.02627861556047,-84.4678017921503,17100.0,golfer,4,#007cbf,,,,,,,,
golfer_group_2,38.026391551516966,-84.46814347235242,17160.0,golfer,4,#007cbf,,,,,,,,
golfer_group_2,38.0265466275618,-84.46845884704874,17220.0,golfer,4,#007cbf,,,,,,,,
golfer_group_2,38.02670170360664,-84.46877422174504,17280.0,golfer,4,#007cbf,,,,,,,,
golfer_group_2,38.02685677965148,-84.46908959644135,17340.0,golfer,4,#007cbf,,,,,,,,
golfer_group_2,38.027011855696315,-84.46940497113766,17400.0,golfer,4,#007cbf,,,,,,,,
golfer_group_2,38.027202562026105,-84.46967624119414,17460.0,golfer,4,#007cbf,,,,,,,,
golfer_group_2,38.027447,-84.469881,17520.0,golfer,1,#007cbf,,,,,,,,
golfer_group_20,38.027447,-84.469881,12780.0,golfer,1,#007cbf,,,,,,,,
golfer_group_20,38.02754627606764,-84.46962578282717,12840.0,golfer,1,#007cbf,,,,,,,,
golfer_group_20,38.02744283462056,-84.4692779685763,12900.0,golfer,1,#007cbf,,,,,,,,
golfer_group_20,38.02733939317348,-84.46893015432545,12960.0,golfer,1,#007cbf,,,,,,,,
golfer_group_20,38.0272359517264,-84.46858234007459,13020.0,golfer,1,#007cbf,,,,,,,,
golfer_group_20,38.027132510279316,-84.46823452582373,13080.0,golfer,1,#007cbf,,,,,,,,
golfer_group_20,38.027029068832235,-84.46788671157287,13140.0,golfer,1,#007cbf,,,,,,,,
golfer_group_20,38.026925627385154,-84.46753889732202,13200.0,golfer,1,#007cbf,,,,,,,,
golfer_group_20,38.02682218593807,-84.46719108307117,13260.0,golfer,1,#007cbf,,,,,,,,
golfer_group_20,38.026707885382585,-84.46684997010087,13320.0,golfer,1,#007cbf,,,,,,,,
golfer_group_20,38.0265563489919,-84.46653183579225,13380.0,golfer,1,#007cbf,,,,,,,,
golfer_group_20,38.02640481260122,-84.46621370148365,13440.0,golfer,1,#007cbf,,,,,,,,
golfer_group_20,38.02625327621054,-84.46589556717504,13500.0,golfer,1,#007cbf,,,,,,,,
golfer_group_20,38.026097865476636,-84.4655806681031,13560.0,golfer,1,#007cbf,,,,,,,,
golfer_group_20,38.02592778516153,-84.46527801873756,13620.0,golfer,4,#007cbf,,,,,,,,
golfer_group_20,38.02575770484643,-84.46497536937204,13680.0,golfer,2,#007cbf,,,,,,,,
golfer_group_20,38.02580429978306,-84.46478189846547,13740.0,golfer,2,#007cbf,,,,,,,,
golfer_group_20,38.02609158193444,-84.46470970518055,13800.0,golfer,2,#007cbf,,,,,,,,
golfer_group_20,38.02637886408582,-84.46463751189565,13860.0,golfer,2,#007cbf,,,,,,,,
golfer_group_20,38.0266661462372,-84.46456531861072,13920.0,golfer,2,#007cbf,,,,,,,,
golfer_group_20,38.02695342838857,-84.4644931253258,13980.0,golfer,2,#007cbf,,,,,,,,
golfer_group_20,38.02723262500985,-84.46440936561527,14040.0,golfer,2,#007cbf,,,,,,,,
golfer_group_20,38.02732323296244,-84.46405582806928,14100.0,golfer,2,#007cbf,,,,,,,,
golfer_group_20,38.027413840915024,-84.46370229052329,14160.0,golfer,3,#007cbf,,,,,,,,
golfer_group_20,38.02755613921936,-84.46339199540722,14220.0,golfer,3,#007cbf,,,,,,,,
golfer_group_20,38.02777631020529,-84.46314684598785,14280.0,golfer,3,#007cbf,,,,,,,,
golfer_group_20,38.027996481191224,-84.4629016965685,14340.0,golfer,3,#007cbf,,,,,,,,
golfer_group_20,38.028216652177164,-84.46265654714912,14400.0,golfer,3,#007cbf,,,,,,,,
golfer_group_20,38.0284368231631,-84.46241139772975,14460.0,golfer,3,#007cbf,,,,,,,,
golfer_group_20,38.02865699414903,-84.4621662483104,14520.0,golfer,3,#007cbf,,,,,,,,
golfer_group_20,38.02887716513497,-84.46192109889103,14580.0,golfer,3,#007cbf,,,,,,,,
golfer_group_20,38.029097336120905,-84.46167594947165,14640.0,golfer,3,#007cbf,,,,,,,,
golfer_group_20,38.02932048603734,-84.46143527844885,14700.0,golfer,3,#007cbf,,,,,,,,
golfer_group_20,38.02954781666501,-84.4612008925283,14760.0,golfer,3,#007cbf,,,,,,,,
golfer_group_20,38.029775147292675,-84.46096650660775,14820.0,golfer,3,#007cbf,,,,,,,,
golfer_group_20,38.03000247792034,-84.46073212068718,14880.0,golfer,3,#007cbf,,,,,,,,
golfer_group_20,38.03022980854801,-84.46049773476663,14940.0,golfer,3,#007cbf,,,,,,,,
golfer_group_20,38.03028198771919,-84.46029007968264,15000.0,golfer,3,#007cbf,,,,,,,,
golfer_group_20,38.030017377451664,-84.46013077159431,15060.0,golfer,4,#007cbf,,,,,,,,
golfer_group_20,38.02974997117584,-84.46003134117494,15120.0,golfer,4,#007cbf,,,,,,,,
golfer_group_20,38.029472388508275,-84.46014984237516,15180.0,golfer,4,#007cbf,,,,,,,,
golfer_group_20,38.02919480584071,-84.46026834357538,15240.0,golfer,4,#007cbf,,,,,,,,
golfer_group_20,38.02891722317315,-84.46038684477558,15300.0,golfer,4,#007cbf,,,,,,,,
golfer_group_20,38.02863964050559,-84.4605053459758,15360.0,golfer,4,#007cbf,,,,,,,,
golfer_group_20,38.02846819932939,-84.46074999771898,15420.0,golfer,4,#007cbf,,,,,,,,
golfer_group_20,38.028356651102726,-84.46108459413088,15480.0,golfer,4,#007cbf,,,,,,,,
golfer_group_20,38.028163251425084,-84.46136377382878,15540.0,golfer,4,#007cbf,,,,,,,,
golfer_group_20,38.02796985174745,-84.46164295352668,15600.0,golfer,4,#007cbf,,,,,,,,
golfer_group_20,38.02777645206981,-84.46192213322458,15660.0,golfer,4,#007cbf,,,,,,,,
golfer_group_20,38.027583052392174,-84.46220131292247,15720.0,golfer,4,#007cbf,,,,,,,,
golfer_group_20,38.02739313138997,-84.4624841808364,15780.0,golfer,4,#007cbf,,,,,,,,
golfer_group_20,38.02721114487077,-84.46277546117278,15840.0,golfer,4,#007cbf,,,,,,,,
golfer_group_20,38.02702915835156,-84.46306674150915,15900.0,golfer,4,#007cbf,,,,,,,,
golfer_group_20,38.02684717183235,-84.46335802184554,15960.0,golfer,4,#007cbf,,,,,,,,
golfer_group_20,38.027030664719845,-84.46345337202217,16020.0,golfer,4,#007cbf,,,,,,,,
golfer_group_20,38.02732202605173,-84.46349089491457,16080.0,golfer,3,#007cbf,,,,,,,,
golfer_group_20,38.02761338738361,-84.46352841780696,16140.0,golfer,3,#007cbf,,,,,,,,
golfer_group_20,38.02787761975422,-84.46365295047241,16200.0,golfer,4,#007cbf,,,,,,,,
golfer_group_20,38.02811027773896,-84.46387875056652,16260.0,golfer,4,#007cbf,,,,,,,,
golfer_group_20,38.02834293572369,-84.46410455066062,16320.0,golfer,4,#007cbf,,,,,,,,
golfer_group_20,38.028575593708425,-84.46433035075472,16380.0,golfer,4,#007cbf,,,,,,,,
golfer_group_20,38.028808251693164,-84.46455615084882,16440.0,golfer,4,#007cbf,,,,,,,,
golfer_group_20,38.029040909677896,-84.46478195094294,16500.0,golfer,4,#007cbf,,,,,,,,
golfer_group_20,38.02927356766263,-84.46500775103704,16560.0,golfer,4,#007cbf,,,,,,,,
golfer_group_20,38.02950622564737,-84.46523355113113,16620.0,golfer,4,#007cbf,,,,,,,,
golfer_group_20,38.02975350361947,-84.4654282954189,16680.0,golfer,4,#007cbf,,,,,,,,
golfer_group_20,38.030020352724144,-84.46558146666777,16740.0,golfer,4,#007cbf,,,,,,,,
golfer_group_20,38.03028720182882,-84.46573463791665,16800.0,golfer,4,#007cbf,,,,,,,,
golfer_group_20,38.030554050933496,-84.46588780916554,16860.0,golfer,4,#007cbf,,,,,,,,
golfer_group_20,38.0308144451061,-84.46601508231271,16920.0,golfer,4,#007cbf,,,,,,,,
golfer_group_20,38.03096331555731,-84.46569490649415,16980.0,golfer,4,#007cbf,,,,,,,,
golfer_group_20,38.03100160851583,-84.46532942233877,17040.0,golfer,4,#007cbf,,,,,,,,
golfer_group_20,38.03102825601745,-84.4649591665407,17100.0,golfer,4,#007cbf,,,,,,,,
golfer_group_20,38.03105490351906,-84.46458891074262,17160.0,golfer,4,#007cbf,,,,,,,,
golfer_group_20,38.031081551020684,-84.46421865494455,17220.0,golfer,4,#007cbf,,,,,,,,
golfer_group_20,38.031108198522304,-84.46384839914647,17280.0,golfer,4,#007cbf,,,,,,,,
golfer_group_20,38.03113484602392,-84.4634781433484,17340.0,golfer,4,#007cbf,,,,,,,,
golfer_group_20,38.03116149352554,-84.46310788755032,17400.0,golfer,4,#007cbf,,,,,,,,
golfer_group_20,38.031127268705696,-84.46274982308951,17460.0,golfer,4,#007cbf,,,,,,,,
golfer_group_20,38.031012137391194,-84.4624079623538,17520.0,golfer,4,#007cbf,,,,,,,,
golfer_group_20,38.03089700607669,-84.46206610161808,17580.0,golfer,4,#007cbf,,,,,,,,
golfer_group_20,38.0307818747622,-84.46172424088235,17640.0,golfer,4,#007cbf,,,,,,,,
golfer_group_20,38.030666743447696,-84.46138238014663,17700.0,golfer,4,#007cbf,,,,,,,,
golfer_group_20,38.030551612133195,-84.46104051941091,17760.0,golfer,4,#007cbf,,,,,,,,
golfer_group_20,38.03081531898336,-84.46091137688049,17820.0,golfer,4,#007cbf,,,,,,,,
golfer_group_20,38.0310279411826,-84.46098091912485,17880.0,golfer,4,#007cbf,,,,,,,,
golfer_group_20,38.03115090321037,-84.46131835889211,17940.0,golfer,4,#007cbf,,,,,,,,
golfer_group_20,38.031273865238134,-84.46165579865938,18000.0,golfer,4,#007cbf,,,,,,,,
golfer_group_20,38.03139682726591,-84.46199323842663,18060.0,golfer,4,#007cbf,,,,,,,,
golfer_group_20,38.031519789293675,-84.4623306781939,18120.0,golfer,4,#007cbf,,,,,,,,
golfer_group_20,38.03164275132144,-84.46266811796116,18180.0,golfer,4,#007cbf,,,,,,,,
golfer_group_20,38.03176571334921,-84.46300555772842,18240.0,golfer,4,#007cbf,,,,,,,,
golfer_group_20,38.031888675376976,-84.46334299749569,18300.0,golfer,4,#007cbf,,,,,,,,
golfer_group_20,38.031909837946635,-84.46368872876327,18360.0,golfer,4,#007cbf,,,,,,,,
golfer_group_20,38.03182184589159,-84.46404335060477,18420.0,golfer,4,#007cbf,,,,,,,,
golfer_group_20,38.03173385383655,-84.46439797244628,18480.0,golfer,4,#007cbf,,,,,,,,
golfer_group_20,38.031645861781506,-84.46475259428779,18540.0,golfer,4,#007cbf,,,,,,,,
golfer_group_20,38.03155786972646,-84.46510721612928,18600.0,golfer,4,#007cbf,,,,,,,,
golfer_group_20,38.03146987767142,-84.46546183797079,18660.0,golfer,4,#007cbf,,,,,,,,
golfer_group_20,38.03131864912918,-84.46576966145622,18720.0,golfer,4,#007cbf,,,,,,,,
golfer_group_20,38.0311189562348,-84.46604161874937,18780.0,golfer,4,#007cbf,,,,,,,,
golfer_group_20,38.030919263340415,-84.46631357604252,18840.0,golfer,4,#007cbf,,,,,,,,
golfer_group_20,38.030718115722834,-84.46658350967269,18900.0,golfer,4,#007cbf,,,,,,,,
golfer_group_20,38.0304866033238,-84.46681120290668,18960.0,golfer,4,#007cbf,,,,,,,,
golfer_group_20,38.030255090924776,-84.46703889614066,19020.0,golfer,4,#007cbf,,,,,,,,
golfer_group_20,38.03002357852575,-84.46726658937465,19080.0,golfer,4,#007cbf,,,,,,,,
golfer_group_20,38.02979206612672,-84.46749428260863,19140.0,golfer,4,#007cbf,,,,,,,,
golfer_group_20,38.02956055372769,-84.46772197584261,19200.0,golfer,4,#007cbf,,,,,,,,
golfer_group_20,38.02932904132866,-84.4679496690766,19260.0,golfer,4,#007cbf,,,,,,,,
golfer_group_20,38.02909752892963,-84.46817736231058,19320.0,golfer,4,#007cbf,,,,,,,,
golfer_group_20,38.0288660165306,-84.46840505554457,19380.0,golfer,4,#007cbf,,,,,,,,
golfer_group_20,38.02869804015225,-84.46870681462924,19440.0,golfer,4,#007cbf,,,,,,,,
golfer_group_20,38.028539024924726,-84.46901901999702,19500.0,golfer,4,#007cbf,,,,,,,,
golfer_group_20,38.0283800096972,-84.46933122536481,19560.0,golfer,4,#007cbf,,,,,,,,
golfer_group_20,38.028129065075696,-84.46949162304078,19620.0,golfer,4,#007cbf,,,,,,,,
golfer_group_20,38.02785052807789,-84.46960645602002,19680.0,golfer,1,#007cbf,,,,,,,,
golfer_group_20,38.027571991080094,-84.46972128899925,19740.0,golfer,1,#007cbf,,,,,,,,
golfer_group_20,38.02729345408229,-84.4698361219785,19800.0,golfer,4,#007cbf,,,,,,,,
golfer_group_20,38.027014917084486,-84.46995095495774,19860.0,golfer,4,#007cbf,,,,,,,,
golfer_group_20,38.02677219339408,-84.46990690842384,19920.0,golfer,4,#007cbf,,,,,,,,
golfer_group_20,38.026583670283,-84.46962241044099,19980.0,golfer,4,#007cbf,,,,,,,,
golfer_group_20,38.02639514717193,-84.46933791245814,20040.0,golfer,4,#007cbf,,,,,,,,
golfer_group_20,38.026206624060855,-84.4690534144753,20100.0,golfer,4,#007cbf,,,,,,,,
golfer_group_20,38.02601810094978,-84.46876891649245,20160.0,golfer,4,#007cbf,,,,,,,,
golfer_group_20,38.0258295778387,-84.4684844185096,20220.0,golfer,4,#007cbf,,,,,,,,
golfer_group_20,38.02564105472762,-84.46819992052676,20280.0,golfer,4,#007cbf,,,,,,,,
golfer_group_20,38.02539873776804,-84.4680332578427,20340.0,golfer,4,#007cbf,,,,,,,,
golfer_group_20,38.02511056304286,-84.46796704648648,20400.0,golfer,4,#007cbf,,,,,,,,
golfer_group_20,38.02482238831767,-84.46790083513027,20460.0,golfer,4,#007cbf,,,,,,,,
golfer_group_20,38.02466098715723,-84.46791926274804,20520.0,golfer,4,#007cbf,,,,,,,,
golfer_group_20,38.0248672597656,-84.46818316370741,20580.0,golfer,4,#007cbf,,,,,,,,
golfer_group_20,38.025073532373966,-84.46844706466678,20640.0,golfer,4,#007cbf,,,,,,,,
golfer_group_20,38.02498232223591,-84.46858500193528,20700.0,golfer,4,#007cbf,,,,,,,,
golfer_group_20,38.024692555469876,-84.46863886398934,20760.0,golfer,4,#007cbf,,,,,,,,
golfer_group_20,38.02440278870384,-84.4686927260434,20820.0,golfer,4,#007cbf,,,,,,,,
golfer_group_20,38.0241130219378,-84.46874658809746,20880.0,golfer,4,#007cbf,,,,,,,,
golfer_group_20,38.02382325517176,-84.46880045015152,20940.0,golfer,4,#007cbf,,,,,,,,
golfer_group_20,38.023533488405725,-84.46885431220558,21000.0,golfer,4,#007cbf,,,,,,,,
golfer_group_20,38.02325287292604,-84.46895459002404,21060.0,golfer,4,#007cbf,,,,,,,,
golfer_group_20,38.023120094224296,-84.46908677293466,21120.0,golfer,4,#007cbf,,,,,,,,
golfer_group_20,38.02338797984743,-84.46923698741324,21180.0,golfer,4,#007cbf,,,,,,,,
golfer_group_20,38.02365586547056,-84.46938720189182,21240.0,golfer,4,#007cbf,,,,,,,,
golfer_group_20,38.02392375109368,-84.4695374163704,21300.0,golfer,4,#007cbf,,,,,,,,
golfer_group_20,38.024191636716814,-84.46968763084898,21360.0,golfer,4,#007cbf,,,,,,,,
golfer_group_20,38.024459522339946,-84.46983784532756,21420.0,golfer,4,#007cbf,,,,,,,,
golfer_group_20,38.02472740796308,-84.46998805980614,21480.0,golfer,4,#007cbf,,,,,,,,
golfer_group_20,38.0249952935862,-84.47013827428472,21540.0,golfer,4,#007cbf,,,,,,,,
golfer_group_20,38.02526317920933,-84.4702884887633,21600.0,golfer,4,#007cbf,,,,,,,,
golfer_group_20,38.02549053793203,-84.47051685206469,21660.0,golfer,4,#007cbf,,,,,,,,
golfer_group_20,38.02570511747455,-84.47076985771169,21720.0,golfer,4,#007cbf,,,,,,,,
golfer_group_20,38.025919697017066,-84.4710228633587,21780.0,golfer,4,#007cbf,,,,,,,,
golfer_group_20,38.02613427655959,-84.4712758690057,21840.0,golfer,4,#007cbf,,,,,,,,
golfer_group_20,38.02634885610211,-84.4715288746527,21900.0,golfer,4,#007cbf,,,,,,,,
golfer_group_20,38.026563435644626,-84.4717818802997,21960.0,golfer,4,#007cbf,,,,,,,,
golfer_group_20,38.02678243981026,-84.47202860408251,22020.0,golfer,4,#007cbf,,,,,,,,
golfer_group_20,38.02668611647238,-84.47218057293104,22080.0,golfer,4,#007cbf,,,,,,,,
golfer_group_20,38.02640386024167,-84.4722796932027,22140.0,golfer,4,#007cbf,,,,,,,,
golfer_group_20,38.02612160401096,-84.47237881347434,22200.0,golfer,4,#007cbf,,,,,,,,
golfer_group_20,38.02583934778024,-84.47247793374599,22260.0,golfer,4,#007cbf,,,,,,,,
golfer_group_20,38.02555709154953,-84.47257705401765,22320.0,golfer,4,#007cbf,,,,,,,,
golfer_group_20,38.025278899056985,-84.47258808504574,22380.0,golfer,4,#007cbf,,,,,,,,
golfer_group_20,38.02505413568005,-84.47238241246707,22440.0,golfer,4,#007cbf,,,,,,,,
golfer_group_20,38.02491621232278,-84.47205445775451,22500.0,golfer,4,#007cbf,,,,,,,,
golfer_group_20,38.02477828896551,-84.47172650304194,22560.0,golfer,4,#007cbf,,,,,,,,
golfer_group_20,38.024640365608235,-84.47139854832938,22620.0,golfer,4,#007cbf,,,,,,,,
golfer_group_20,38.02450244225096,-84.4710705936168,22680.0,golfer,4,#007cbf,,,,,,,,
golfer_group_20,38.02436451889369,-84.47074263890424,22740.0,golfer,4,#007cbf,,,,,,,,
golfer_group_20,38.02422659553642,-84.47041468419167,22800.0,golfer,4,#007cbf,,,,,,,,
golfer_group_20,38.02408867217915,-84.4700867294791,22860.0,golfer,4,#007cbf,,,,,,,,
golfer_group_20,38.023830177494666,-84.46991493651929,22920.0,golfer,4,#007cbf,,,,,,,,
golfer_group_20,38.02356911857893,-84.46974646470437,22980.0,golfer,4,#007cbf,,,,,,,,
golfer_group_20,38.0233080596632,-84.46957799288944,23040.0,golfer,4,#007cbf,,,,,,,,
golfer_group_20,38.02304700074746,-84.46940952107451,23100.0,golfer,4,#007cbf,,,,,,,,
golfer_group_20,38.0227847606833,-84.46924457405959,23160.0,golfer,4,#007cbf,,,,,,,,
golfer_group_20,38.02250809559787,-84.46912267439926,23220.0,golfer,4,#007cbf,,,,,,,,
golfer_group_20,38.022527943550884,-84.46893235209967,23280.0,golfer,4,#007cbf,,,,,,,,
golfer_group_20,38.02275311404551,-84.46869465006165,23340.0,golfer,4,#007cbf,,,,,,,,
golfer_group_20,38.02297828454014,-84.46845694802364,23400.0,golfer,4,#007cbf,,,,,,,,
golfer_group_20,38.02320345503476,-84.46821924598564,23460.0,golfer,4,#007cbf,,,,,,,,
golfer_group_20,38.023428625529384,-84.46798154394763,23520.0,golfer,4,#007cbf,,,,,,,,
golfer_group_20,38.02365379602401,-84.46774384190961,23580.0,golfer,4,#007cbf,,,,,,,,
golfer_group_20,38.02387896651864,-84.4675061398716,23640.0,golfer,4,#007cbf,,,,,,,,
golfer_group_20,38.02410413701326,-84.4672684378336,23700.0,golfer,4,#007cbf,,,,,,,,
golfer_group_20,38.024329307507884,-84.46703073579559,23760.0,golfer,4,#007cbf,,,,,,,,
golfer_group_20,38.024516630016976,-84.46674714202182,23820.0,golfer,4,#007cbf,,,,,,,,
golfer_group_20,38.02469334505099,-84.4664506863893,23880.0,golfer,4,#007cbf,,,,,,,,
golfer_group_20,38.02487006008501,-84.46615423075679,23940.0,golfer,4,#007cbf,,,,,,,,
golfer_group_20,38.02504677511902,-84.46585777512426,24000.0,golfer,4,#007cbf,,,,,,,,
golfer_group_20,38.02525798622544,-84.46562593134438,24060.0,golfer,4,#007cbf,,,,,,,,
golfer_group_20,38.025540368765746,-84.46552739312297,24120.0,golfer,4,#007cbf,,,,,,,,
golfer_group_20,38.02582275130605,-84.46542885490156,24180.0,golfer,4,#007cbf,,,,,,,,
golfer_group_20,38.02610513384636,-84.46533031668015,24240.0,golfer,4,#007cbf,,,,,,,,
golfer_group_20,38.02637936666449,-84.46537020680762,24300.0,golfer,4,#007cbf,,,,,,,,
golfer_group_20,38.02664707383,-84.4655209394031,24360.0,golfer,4,#007cbf,,,,,,,,
golfer_group_20,38.026914780995504,-84.46567167199859,24420.0,golfer,4,#007cbf,,,,,,,,
golfer_group_20,38.02718248816101,-84.46582240459409,24480.0,golfer,4,#007cbf,,,,,,,,
golfer_group_20,38.027450195326516,-84.46597313718958,24540.0,golfer,4,#007cbf,,,,,,,,
golfer_group_20,38.02771790249202,-84.46612386978506,24600.0,golfer,4,#007cbf,,,,,,,,
golfer_group_20,38.027985609657534,-84.46627460238055,24660.0,golfer,4,#007cbf,,,,,,,,
golfer_group_20,38.02825331682304,-84.46642533497604,24720.0,golfer,4,#007cbf,,,,,,,,
golfer_group_20,38.02854411583699,-84.46643446747252,24780.0,golfer,4,#007cbf,,,,,,,,
golfer_group_20,38.02883696025459,-84.46643105747557,24840.0,golfer,4,#007cbf,,,,,,,,
golfer_group_20,38.02912980467218,-84.46642764747862,24900.0,golfer,4,#007cbf,,,,,,,,
golfer_group_20,38.029422649089774,-84.46642423748168,24960.0,golfer,4,#007cbf,,,,,,,,
golfer_group_20,38.029714660100595,-84.46640554510962,25020.0,golfer,4,#007cbf,,,,,,,,
golfer_group_20,38.03000508074206,-84.46635768976212,25080.0,golfer,4,#007cbf,,,,,,,,
golfer_group_20,38.03029550138352,-84.46630983441462,25140.0,golfer,4,#007cbf,,,,,,,,
golfer_group_20,38.03034421537664,-84.46623396436489,25200.0,golfer,4,#007cbf,,,,,,,,
golfer_group_20,38.0300654222068,-84.4661201350132,25260.0,golfer,4,#007cbf,,,,,,,,
golfer_group_20,38.02978662903697,-84.46600630566151,25320.0,golfer,4,#007cbf,,,,,,,,
golfer_group_20,38.02950783586713,-84.46589247630982,25380.0,golfer,4,#007cbf,,,,,,,,
golfer_group_20,38.029229042697295,-84.46577864695813,25440.0,golfer,4,#007cbf,,,,,,,,
golfer_group_20,38.02895024952746,-84.46566481760644,25500.0,golfer,4,#007cbf,,,,,,,,
golfer_group_20,38.02867145635763,-84.46555098825475,25560.0,golfer,4,#007cbf,,,,,,,,
golfer_group_20,38.02839266318779,-84.46543715890306,25620.0,golfer,4,#007cbf,,,,,,,,
golfer_group_20,38.02811294382565,-84.46532834232956,25680.0,golfer,4,#007cbf,,,,,,,,
golfer_group_20,38.02782336017175,-84.46527291370359,25740.0,golfer,4,#007cbf,,,,,,,,
golfer_group_20,38.02753377651786,-84.46521748507763,25800.0,golfer,4,#007cbf,,,,,,,,
golfer_group_20,38.027244192863975,-84.46516205645167,25860.0,golfer,4,#007cbf,,,,,,,,
golfer_group_20,38.02695460921009,-84.46510662782572,25920.0,golfer,4,#007cbf,,,,,,,,
golfer_group_20,38.02666502555619,-84.46505119919976,25980.0,golfer,4,#007cbf,,,,,,,,
golfer_group_20,38.02637326063661,-84.4650346343973,26040.0,golfer,4,#007cbf,,,,,,,,
golfer_group_20,38.02608041188864,-84.46503738027086,26100.0,golfer,4,#007cbf,,,,,,,,
golfer_group_20,38.025787563140675,-84.46504012614442,26160.0,golfer,2,#007cbf,,,,,,,,
golfer_group_20,38.025494714392714,-84.46504287201797,26220.0,golfer,4,#007cbf,,,,,,,,
golfer_group_20,38.02556401049359,-84.4653626218534,26280.0,golfer,4,#007cbf,,,,,,,,
golfer_group_20,38.025666096931715,-84.46571107475296,26340.0,golfer,4,#007cbf,,,,,,,,
golfer_group_20,38.02576818336984,-84.46605952765252,26400.0,golfer,4,#007cbf,,,,,,,,
golfer_group_20,38.02587026980797,-84.46640798055208,26460.0,golfer,4,#007cbf,,,,,,,,
golfer_group_20,38.02597235624609,-84.46675643345164,26520.0,golfer,4,#007cbf,,,,,,,,
golfer_group_20,38.02607444268422,-84.46710488635118,26580.0,golfer,4,#007cbf,,,,,,,,
golfer_group_20,38.026176529122345,-84.46745333925074,26640.0,golfer,4,#007cbf,,,,,,,,
golfer_group_20,38.02627861556047,-84.4678017921503,26700.0,golfer,4,#007cbf,,,,,,,,
golfer_group_20,38.026391551516966,-84.46814347235242,26760.0,golfer,4,#007cbf,,,,,,,,
golfer_group_20,38.0265466275618,-84.46845884704874,26820.0,golfer,4,#007cbf,,,,,,,,
golfer_group_20,38.02670170360664,-84.46877422174504,26880.0,golfer,4,#007cbf,,,,,,,,
golfer_group_20,38.02685677965148,-84.46908959644135,26940.0,golfer,4,#007cbf,,,,,,,,
golfer_group_20,38.027011855696315,-84.46940497113766,27000.0,golfer,4,#007cbf,,,,,,,,
golfer_group_20,38.027202562026105,-84.46967624119414,27060.0,golfer,4,#007cbf,,,,,,,,
golfer_group_20,38.027447,-84.469881,27120.0,golfer,1,#007cbf,,,,,,,,
golfer_group_21,38.027447,-84.469881,13320.0,golfer,1,#007cbf,,,,,,,,
golfer_group_21,38.02754627606764,-84.46962578282717,13380.0,golfer,1,#007cbf,,,,,,,,
golfer_group_21,38.02744283462056,-84.4692779685763,13440.0,golfer,1,#007cbf,,,,,,,,
golfer_group_21,38.02733939317348,-84.46893015432545,13500.0,golfer,1,#007cbf,,,,,,,,
golfer_group_21,38.0272359517264,-84.46858234007459,13560.0,golfer,1,#007cbf,,,,,,,,
golfer_group_21,38.027132510279316,-84.46823452582373,13620.0,golfer,1,#007cbf,,,,,,,,
golfer_group_21,38.027029068832235,-84.46788671157287,13680.0,golfer,1,#007cbf,,,,,,,,
golfer_group_21,38.026925627385154,-84.46753889732202,13740.0,golfer,1,#007cbf,,,,,,,,
golfer_group_21,38.02682218593807,-84.46719108307117,13800.0,golfer,1,#007cbf,,,,,,,,
golfer_group_21,38.026707885382585,-84.46684997010087,13860.0,golfer,1,#007cbf,,,,,,,,
golfer_group_21,38.0265563489919,-84.46653183579225,13920.0,golfer,1,#007cbf,,,,,,,,
golfer_group_21,38.02640481260122,-84.46621370148365,13980.0,golfer,1,#007cbf,,,,,,,,
golfer_group_21,38.02625327621054,-84.46589556717504,14040.0,golfer,1,#007cbf,,,,,,,,
golfer_group_21,38.026097865476636,-84.4655806681031,14100.0,golfer,1,#007cbf,,,,,,,,
golfer_group_21,38.02592778516153,-84.46527801873756,14160.0,golfer,4,#007cbf,,,,,,,,
golfer_group_21,38.02575770484643,-84.46497536937204,14220.0,golfer,2,#007cbf,,,,,,,,
golfer_group_21,38.02580429978306,-84.46478189846547,14280.0,golfer,2,#007cbf,,,,,,,,
golfer_group_21,38.02609158193444,-84.46470970518055,14340.0,golfer,2,#007cbf,,,,,,,,
golfer_group_21,38.02637886408582,-84.46463751189565,14400.0,golfer,2,#007cbf,,,,,,,,
golfer_group_21,38.0266661462372,-84.46456531861072,14460.0,golfer,2,#007cbf,,,,,,,,
golfer_group_21,38.02695342838857,-84.4644931253258,14520.0,golfer,2,#007cbf,,,,,,,,
golfer_group_21,38.02723262500985,-84.46440936561527,14580.0,golfer,2,#007cbf,,,,,,,,
golfer_group_21,38.02732323296244,-84.46405582806928,14640.0,golfer,2,#007cbf,,,,,,,,
golfer_group_21,38.027413840915024,-84.46370229052329,14700.0,golfer,3,#007cbf,,,,,,,,
golfer_group_21,38.02755613921936,-84.46339199540722,14760.0,golfer,3,#007cbf,,,,,,,,
golfer_group_21,38.02777631020529,-84.46314684598785,14820.0,golfer,3,#007cbf,,,,,,,,
golfer_group_21,38.027996481191224,-84.4629016965685,14880.0,golfer,3,#007cbf,,,,,,,,
golfer_group_21,38.028216652177164,-84.46265654714912,14940.0,golfer,3,#007cbf,,,,,,,,
golfer_group_21,38.0284368231631,-84.46241139772975,15000.0,golfer,3,#007cbf,,,,,,,,
golfer_group_21,38.02865699414903,-84.4621662483104,15060.0,golfer,3,#007cbf,,,,,,,,
golfer_group_21,38.02887716513497,-84.46192109889103,15120.0,golfer,3,#007cbf,,,,,,,,
golfer_group_21,38.029097336120905,-84.46167594947165,15180.0,golfer,3,#007cbf,,,,,,,,
golfer_group_21,38.02932048603734,-84.46143527844885,15240.0,golfer,3,#007cbf,,,,,,,,
golfer_group_21,38.02954781666501,-84.4612008925283,15300.0,golfer,3,#007cbf,,,,,,,,
golfer_group_21,38.029775147292675,-84.46096650660775,15360.0,golfer,3,#007cbf,,,,,,,,
golfer_group_21,38.03000247792034,-84.46073212068718,15420.0,golfer,3,#007cbf,,,,,,,,
golfer_group_21,38.03022980854801,-84.46049773476663,15480.0,golfer,3,#007cbf,,,,,,,,
golfer_group_21,38.03028198771919,-84.46029007968264,15540.0,golfer,3,#007cbf,,,,,,,,
golfer_group_21,38.030017377451664,-84.46013077159431,15600.0,golfer,4,#007cbf,,,,,,,,
golfer_group_21,38.02974997117584,-84.46003134117494,15660.0,golfer,4,#007cbf,,,,,,,,
golfer_group_21,38.029472388508275,-84.46014984237516,15720.0,golfer,4,#007cbf,,,,,,,,
golfer_group_21,38.02919480584071,-84.46026834357538,15780.0,golfer,4,#007cbf,,,,,,,,
golfer_group_21,38.02891722317315,-84.46038684477558,15840.0,golfer,4,#007cbf,,,,,,,,
golfer_group_21,38.02863964050559,-84.4605053459758,15900.0,golfer,4,#007cbf,,,,,,,,
golfer_group_21,38.02846819932939,-84.46074999771898,15960.0,golfer,4,#007cbf,,,,,,,,
golfer_group_21,38.028356651102726,-84.46108459413088,16020.0,golfer,4,#007cbf,,,,,,,,
golfer_group_21,38.028163251425084,-84.46136377382878,16080.0,golfer,4,#007cbf,,,,,,,,
golfer_group_21,38.02796985174745,-84.46164295352668,16140.0,golfer,4,#007cbf,,,,,,,,
golfer_group_21,38.02777645206981,-84.46192213322458,16200.0,golfer,4,#007cbf,,,,,,,,
golfer_group_21,38.027583052392174,-84.46220131292247,16260.0,golfer,4,#007cbf,,,,,,,,
golfer_group_21,38.02739313138997,-84.4624841808364,16320.0,golfer,4,#007cbf,,,,,,,,
golfer_group_21,38.02721114487077,-84.46277546117278,16380.0,golfer,4,#007cbf,,,,,,,,
golfer_group_21,38.02702915835156,-84.46306674150915,16440.0,golfer,4,#007cbf,,,,,,,,
golfer_group_21,38.02684717183235,-84.46335802184554,16500.0,golfer,4,#007cbf,,,,,,,,
golfer_group_21,38.027030664719845,-84.46345337202217,16560.0,golfer,4,#007cbf,,,,,,,,
golfer_group_21,38.02732202605173,-84.46349089491457,16620.0,golfer,3,#007cbf,,,,,,,,
golfer_group_21,38.02761338738361,-84.46352841780696,16680.0,golfer,3,#007cbf,,,,,,,,
golfer_group_21,38.02787761975422,-84.46365295047241,16740.0,golfer,4,#007cbf,,,,,,,,
golfer_group_21,38.02811027773896,-84.46387875056652,16800.0,golfer,4,#007cbf,,,,,,,,
golfer_group_21,38.02834293572369,-84.46410455066062,16860.0,golfer,4,#007cbf,,,,,,,,
golfer_group_21,38.028575593708425,-84.46433035075472,16920.0,golfer,4,#007cbf,,,,,,,,
golfer_group_21,38.028808251693164,-84.46455615084882,16980.0,golfer,4,#007cbf,,,,,,,,
golfer_group_21,38.029040909677896,-84.46478195094294,17040.0,golfer,4,#007cbf,,,,,,,,
golfer_group_21,38.02927356766263,-84.46500775103704,17100.0,golfer,4,#007cbf,,,,,,,,
golfer_group_21,38.02950622564737,-84.46523355113113,17160.0,golfer,4,#007cbf,,,,,,,,
golfer_group_21,38.02975350361947,-84.4654282954189,17220.0,golfer,4,#007cbf,,,,,,,,
golfer_group_21,38.030020352724144,-84.46558146666777,17280.0,golfer,4,#007cbf,,,,,,,,
golfer_group_21,38.03028720182882,-84.46573463791665,17340.0,golfer,4,#007cbf,,,,,,,,
golfer_group_21,38.030554050933496,-84.46588780916554,17400.0,golfer,4,#007cbf,,,,,,,,
golfer_group_21,38.0308144451061,-84.46601508231271,17460.0,golfer,4,#007cbf,,,,,,,,
golfer_group_21,38.03096331555731,-84.46569490649415,17520.0,golfer,4,#007cbf,,,,,,,,
golfer_group_21,38.03100160851583,-84.46532942233877,17580.0,golfer,4,#007cbf,,,,,,,,
golfer_group_21,38.03102825601745,-84.4649591665407,17640.0,golfer,4,#007cbf,,,,,,,,
golfer_group_21,38.03105490351906,-84.46458891074262,17700.0,golfer,4,#007cbf,,,,,,,,
golfer_group_21,38.031081551020684,-84.46421865494455,17760.0,golfer,4,#007cbf,,,,,,,,
golfer_group_21,38.031108198522304,-84.46384839914647,17820.0,golfer,4,#007cbf,,,,,,,,
golfer_group_21,38.03113484602392,-84.4634781433484,17880.0,golfer,4,#007cbf,,,,,,,,
golfer_group_21,38.03116149352554,-84.46310788755032,17940.0,golfer,4,#007cbf,,,,,,,,
golfer_group_21,38.031127268705696,-84.46274982308951,18000.0,golfer,4,#007cbf,,,,,,,,
golfer_group_21,38.031012137391194,-84.4624079623538,18060.0,golfer,4,#007cbf,,,,,,,,
golfer_group_21,38.03089700607669,-84.46206610161808,18120.0,golfer,4,#007cbf,,,,,,,,
golfer_group_21,38.0307818747622,-84.46172424088235,18180.0,golfer,4,#007cbf,,,,,,,,
golfer_group_21,38.030666743447696,-84.46138238014663,18240.0,golfer,4,#007cbf,,,,,,,,
golfer_group_21,38.030551612133195,-84.46104051941091,18300.0,golfer,4,#007cbf,,,,,,,,
golfer_group_21,38.03081531898336,-84.46091137688049,18360.0,golfer,4,#007cbf,,,,,,,,
golfer_group_21,38.0310279411826,-84.46098091912485,18420.0,golfer,4,#007cbf,,,,,,,,
golfer_group_21,38.03115090321037,-84.46131835889211,18480.0,golfer,4,#007cbf,,,,,,,,
golfer_group_21,38.031273865238134,-84.46165579865938,18540.0,golfer,4,#007cbf,,,,,,,,
golfer_group_21,38.03139682726591,-84.46199323842663,18600.0,golfer,4,#007cbf,,,,,,,,
golfer_group_21,38.031519789293675,-84.4623306781939,18660.0,golfer,4,#007cbf,,,,,,,,
golfer_group_21,38.03164275132144,-84.46266811796116,18720.0,golfer,4,#007cbf,,,,,,,,
golfer_group_21,38.03176571334921,-84.46300555772842,18780.0,golfer,4,#007cbf,,,,,,,,
golfer_group_21,38.031888675376976,-84.46334299749569,18840.0,golfer,4,#007cbf,,,,,,,,
golfer_group_21,38.031909837946635,-84.46368872876327,18900.0,golfer,4,#007cbf,,,,,,,,
golfer_group_21,38.03182184589159,-84.46404335060477,18960.0,golfer,4,#007cbf,,,,,,,,
golfer_group_21,38.03173385383655,-84.46439797244628,19020.0,golfer,4,#007cbf,,,,,,,,
golfer_group_21,38.031645861781506,-84.46475259428779,19080.0,golfer,4,#007cbf,,,,,,,,
golfer_group_21,38.03155786972646,-84.46510721612928,19140.0,golfer,4,#007cbf,,,,,,,,
golfer_group_21,38.03146987767142,-84.46546183797079,19200.0,golfer,4,#007cbf,,,,,,,,
golfer_group_21,38.03131864912918,-84.46576966145622,19260.0,golfer,4,#007cbf,,,,,,,,
golfer_group_21,38.0311189562348,-84.46604161874937,19320.0,golfer,4,#007cbf,,,,,,,,
golfer_group_21,38.030919263340415,-84.46631357604252,19380.0,golfer,4,#007cbf,,,,,,,,
golfer_group_21,38.030718115722834,-84.46658350967269,19440.0,golfer,4,#007cbf,,,,,,,,
golfer_group_21,38.0304866033238,-84.46681120290668,19500.0,golfer,4,#007cbf,,,,,,,,
golfer_group_21,38.030255090924776,-84.46703889614066,19560.0,golfer,4,#007cbf,,,,,,,,
golfer_group_21,38.03002357852575,-84.46726658937465,19620.0,golfer,4,#007cbf,,,,,,,,
golfer_group_21,38.02979206612672,-84.46749428260863,19680.0,golfer,4,#ffe6cc,,,,,,,,
golfer_group_21,38.02956055372769,-84.46772197584261,19740.0,golfer,4,#ffe6cc,,,,,,,,
golfer_group_21,38.02932904132866,-84.4679496690766,19800.0,golfer,4,#ffe6cc,,,,,,,,
golfer_group_21,38.02909752892963,-84.46817736231058,19860.0,golfer,4,#ffe6cc,,,,,,,,
golfer_group_21,38.0288660165306,-84.46840505554457,19920.0,golfer,4,#ffe6cc,,,,,,,,
golfer_group_21,38.02869804015225,-84.46870681462924,19980.0,golfer,4,#ffe6cc,,,,,,,,
golfer_group_21,38.028539024924726,-84.46901901999702,20040.0,golfer,4,#ffe6cc,,,,,,,,
golfer_group_21,38.0283800096972,-84.46933122536481,20100.0,golfer,4,#ffe6cc,,,,,,,,
golfer_group_21,38.028129065075696,-84.46949162304078,20160.0,golfer,4,#ffe6cc,,,,,,,,
golfer_group_21,38.02785052807789,-84.46960645602002,20220.0,golfer,1,#ffe6cc,,,,,,,,
golfer_group_21,38.027571991080094,-84.46972128899925,20280.0,golfer,1,#ffcc99,,,,,,,,
golfer_group_21,38.02729345408229,-84.4698361219785,20340.0,golfer,4,#ffcc99,,,,,,,,
golfer_group_21,38.027014917084486,-84.46995095495774,20400.0,golfer,4,#ffcc99,,,,,,,,
golfer_group_21,38.02677219339408,-84.46990690842384,20460.0,golfer,4,#ffcc99,,,,,,,,
golfer_group_21,38.026583670283,-84.46962241044099,20520.0,golfer,4,#ffcc99,,,,,,,,
golfer_group_21,38.02639514717193,-84.46933791245814,20580.0,golfer,4,#ffcc99,,,,,,,,
golfer_group_21,38.026206624060855,-84.4690534144753,20640.0,golfer,4,#ffcc99,,,,,,,,
golfer_group_21,38.02601810094978,-84.46876891649245,20700.0,golfer,4,#ffcc99,,,,,,,,
golfer_group_21,38.0258295778387,-84.4684844185096,20760.0,golfer,4,#00b894,,,,,,,,
golfer_group_21,38.02564105472762,-84.46819992052676,20820.0,golfer,4,#00b894,,,,,,,,
golfer_group_21,38.02539873776804,-84.4680332578427,20880.0,golfer,4,#00b894,,,,,,,,
golfer_group_21,38.02511056304286,-84.46796704648648,20940.0,golfer,4,#00b894,,,,,,,,
golfer_group_21,38.02482238831767,-84.46790083513027,21000.0,golfer,4,#00b894,,,,,,,,
golfer_group_21,38.02466098715723,-84.46791926274804,21060.0,golfer,4,#00b894,,,,,,,,
golfer_group_21,38.0248672597656,-84.46818316370741,21120.0,golfer,4,#00b894,,,,,,,,
golfer_group_21,38.025073532373966,-84.46844706466678,21180.0,golfer,4,#00b894,,,,,,,,
golfer_group_21,38.02498232223591,-84.46858500193528,21240.0,golfer,4,#00b894,,,,,,,,
golfer_group_21,38.024692555469876,-84.46863886398934,21300.0,golfer,4,#00b894,,,,,,,,
golfer_group_21,38.02440278870384,-84.4686927260434,21360.0,golfer,4,#00b894,,,,,,,,
golfer_group_21,38.0241130219378,-84.46874658809746,21420.0,golfer,4,#00b894,,,,,,,,
golfer_group_21,38.02382325517176,-84.46880045015152,21480.0,golfer,4,#00b894,,,,,,,,
golfer_group_21,38.023533488405725,-84.46885431220558,21540.0,golfer,4,#00b894,,,,,,,,
golfer_group_21,38.02325287292604,-84.46895459002404,21600.0,golfer,4,#00b894,,,,,,,,
golfer_group_21,38.023120094224296,-84.46908677293466,21660.0,golfer,4,#00b894,,,,,,,,
golfer_group_21,38.02338797984743,-84.46923698741324,21720.0,golfer,4,#00b894,,,,,,,,
golfer_group_21,38.02365586547056,-84.46938720189182,21780.0,golfer,4,#00b894,,,,,,,,
golfer_group_21,38.02392375109368,-84.4695374163704,21840.0,golfer,4,#00b894,,,,,,,,
golfer_group_21,38.024191636716814,-84.46968763084898,21900.0,golfer,4,#00b894,,,,,,,,
golfer_group_21,38.024459522339946,-84.46983784532756,21960.0,golfer,4,#00b894,,,,,,,,
golfer_group_21,38.02472740796308,-84.46998805980614,22020.0,golfer,4,#00b894,,,,,,,,
golfer_group_21,38.0249952935862,-84.47013827428472,22080.0,golfer,4,#00b894,,,,,,,,
golfer_group_21,38.02526317920933,-84.4702884887633,22140.0,golfer,4,#00b894,,,,,,,,
golfer_group_21,38.02549053793203,-84.47051685206469,22200.0,golfer,4,#00b894,,,,,,,,
golfer_group_21,38.02570511747455,-84.47076985771169,22260.0,golfer,4,#00b894,,,,,,,,
golfer_group_21,38.025919697017066,-84.4710228633587,22320.0,golfer,4,#00b894,,,,,,,,
golfer_group_21,38.02613427655959,-84.4712758690057,22380.0,golfer,4,#00b894,,,,,,,,
golfer_group_21,38.02634885610211,-84.4715288746527,22440.0,golfer,4,#00b894,,,,,,,,
golfer_group_21,38.026563435644626,-84.4717818802997,22500.0,golfer,4,#00b894,,,,,,,,
golfer_group_21,38.02678243981026,-84.47202860408251,22560.0,golfer,4,#00b894,,,,,,,,
golfer_group_21,38.02668611647238,-84.47218057293104,22620.0,golfer,4,#00b894,,,,,,,,
golfer_group_21,38.02640386024167,-84.4722796932027,22680.0,golfer,4,#00b894,,,,,,,,
golfer_group_21,38.02612160401096,-84.47237881347434,22740.0,golfer,4,#00b894,,,,,,,,
golfer_group_21,38.02583934778024,-84.47247793374599,22800.0,golfer,4,#00b894,,,,,,,,
golfer_group_21,38.02555709154953,-84.47257705401765,22860.0,golfer,4,#00b894,,,,,,,,
golfer_group_21,38.025278899056985,-84.47258808504574,22920.0,golfer,4,#00b894,,,,,,,,
golfer_group_21,38.02505413568005,-84.47238241246707,22980.0,golfer,4,#00b894,,,,,,,,
golfer_group_21,38.02491621232278,-84.47205445775451,23040.0,golfer,4,#00b894,,,,,,,,
golfer_group_21,38.02477828896551,-84.47172650304194,23100.0,golfer,4,#00b894,,,,,,,,
golfer_group_21,38.024640365608235,-84.47139854832938,23160.0,golfer,4,#00b894,,,,,,,,
golfer_group_21,38.02450244225096,-84.4710705936168,23220.0,golfer,4,#00b894,,,,,,,,
golfer_group_21,38.02436451889369,-84.47074263890424,23280.0,golfer,4,#00b894,,,,,,,,
golfer_group_21,38.02422659553642,-84.47041468419167,23340.0,golfer,4,#00b894,,,,,,,,
golfer_group_21,38.02408867217915,-84.4700867294791,23400.0,golfer,4,#00b894,,,,,,,,
golfer_group_21,38.023830177494666,-84.46991493651929,23460.0,golfer,4,#00b894,,,,,,,,
golfer_group_21,38.02356911857893,-84.46974646470437,23520.0,golfer,4,#00b894,,,,,,,,
golfer_group_21,38.0233080596632,-84.46957799288944,23580.0,golfer,4,#00b894,,,,,,,,
golfer_group_21,38.02304700074746,-84.46940952107451,23640.0,golfer,4,#00b894,,,,,,,,
golfer_group_21,38.0227847606833,-84.46924457405959,23700.0,golfer,4,#00b894,,,,,,,,
golfer_group_21,38.02250809559787,-84.46912267439926,23760.0,golfer,4,#00b894,,,,,,,,
golfer_group_21,38.022527943550884,-84.46893235209967,23820.0,golfer,4,#00b894,,,,,,,,
golfer_group_21,38.02275311404551,-84.46869465006165,23880.0,golfer,4,#00b894,,,,,,,,
golfer_group_21,38.02297828454014,-84.46845694802364,23940.0,golfer,4,#00b894,,,,,,,,
golfer_group_21,38.02320345503476,-84.46821924598564,24000.0,golfer,4,#00b894,,,,,,,,
golfer_group_21,38.023428625529384,-84.46798154394763,24060.0,golfer,4,#00b894,,,,,,,,
golfer_group_21,38.02365379602401,-84.46774384190961,24120.0,golfer,4,#00b894,,,,,,,,
golfer_group_21,38.02387896651864,-84.4675061398716,24180.0,golfer,4,#00b894,,,,,,,,
golfer_group_21,38.02410413701326,-84.4672684378336,24240.0,golfer,4,#00b894,,,,,,,,
golfer_group_21,38.024329307507884,-84.46703073579559,24300.0,golfer,4,#00b894,,,,,,,,
golfer_group_21,38.024516630016976,-84.46674714202182,24360.0,golfer,4,#00b894,,,,,,,,
golfer_group_21,38.02469334505099,-84.4664506863893,24420.0,golfer,4,#00b894,,,,,,,,
golfer_group_21,38.02487006008501,-84.46615423075679,24480.0,golfer,4,#00b894,,,,,,,,
golfer_group_21,38.02504677511902,-84.46585777512426,24540.0,golfer,4,#00b894,,,,,,,,
golfer_group_21,38.02525798622544,-84.46562593134438,24600.0,golfer,4,#00b894,,,,,,,,
golfer_group_21,38.025540368765746,-84.46552739312297,24660.0,golfer,4,#00b894,,,,,,,,
golfer_group_21,38.02582275130605,-84.46542885490156,24720.0,golfer,4,#00b894,,,,,,,,
golfer_group_21,38.02610513384636,-84.46533031668015,24780.0,golfer,4,#00b894,,,,,,,,
golfer_group_21,38.02637936666449,-84.46537020680762,24840.0,golfer,4,#00b894,,,,,,,,
golfer_group_21,38.02664707383,-84.4655209394031,24900.0,golfer,4,#00b894,,,,,,,,
golfer_group_21,38.026914780995504,-84.46567167199859,24960.0,golfer,4,#00b894,,,,,,,,
golfer_group_21,38.02718248816101,-84.46582240459409,25020.0,golfer,4,#00b894,,,,,,,,
golfer_group_21,38.027450195326516,-84.46597313718958,25080.0,golfer,4,#00b894,,,,,,,,
golfer_group_21,38.02771790249202,-84.46612386978506,25140.0,golfer,4,#00b894,,,,,,,,
golfer_group_21,38.027985609657534,-84.46627460238055,25200.0,golfer,4,#00b894,,,,,,,,
golfer_group_21,38.02825331682304,-84.46642533497604,25260.0,golfer,4,#00b894,,,,,,,,
golfer_group_21,38.02854411583699,-84.46643446747252,25320.0,golfer,4,#00b894,,,,,,,,
golfer_group_21,38.02883696025459,-84.46643105747557,25380.0,golfer,4,#00b894,,,,,,,,
golfer_group_21,38.02912980467218,-84.46642764747862,25440.0,golfer,4,#00b894,,,,,,,,
golfer_group_21,38.029422649089774,-84.46642423748168,25500.0,golfer,4,#00b894,,,,,,,,
golfer_group_21,38.029714660100595,-84.46640554510962,25560.0,golfer,4,#00b894,,,,,,,,
golfer_group_21,38.03000508074206,-84.46635768976212,25620.0,golfer,4,#00b894,,,,,,,,
golfer_group_21,38.03029550138352,-84.46630983441462,25680.0,golfer,4,#00b894,,,,,,,,
golfer_group_21,38.03034421537664,-84.46623396436489,25740.0,golfer,4,#00b894,,,,,,,,
golfer_group_21,38.0300654222068,-84.4661201350132,25800.0,golfer,4,#00b894,,,,,,,,
golfer_group_21,38.02978662903697,-84.46600630566151,25860.0,golfer,4,#00b894,,,,,,,,
golfer_group_21,38.02950783586713,-84.46589247630982,25920.0,golfer,4,#00b894,,,,,,,,
golfer_group_21,38.029229042697295,-84.46577864695813,25980.0,golfer,4,#00b894,,,,,,,,
golfer_group_21,38.02895024952746,-84.46566481760644,26040.0,golfer,4,#00b894,,,,,,,,
golfer_group_21,38.02867145635763,-84.46555098825475,26100.0,golfer,4,#00b894,,,,,,,,
golfer_group_21,38.02839266318779,-84.46543715890306,26160.0,golfer,4,#00b894,,,,,,,,
golfer_group_21,38.02811294382565,-84.46532834232956,26220.0,golfer,4,#00b894,,,,,,,,
golfer_group_21,38.02782336017175,-84.46527291370359,26280.0,golfer,4,#00b894,,,,,,,,
golfer_group_21,38.02753377651786,-84.46521748507763,26340.0,golfer,4,#00b894,,,,,,,,
golfer_group_21,38.027244192863975,-84.46516205645167,26400.0,golfer,4,#00b894,,,,,,,,
golfer_group_21,38.02695460921009,-84.46510662782572,26460.0,golfer,4,#00b894,,,,,,,,
golfer_group_21,38.02666502555619,-84.46505119919976,26520.0,golfer,4,#00b894,,,,,,,,
golfer_group_21,38.02637326063661,-84.4650346343973,26580.0,golfer,4,#00b894,,,,,,,,
golfer_group_21,38.02608041188864,-84.46503738027086,26640.0,golfer,4,#00b894,,,,,,,,
golfer_group_21,38.025787563140675,-84.46504012614442,26700.0,golfer,2,#00b894,,,,,,,,
golfer_group_21,38.025494714392714,-84.46504287201797,26760.0,golfer,4,#00b894,,,,,,,,
golfer_group_21,38.02556401049359,-84.4653626218534,26820.0,golfer,4,#00b894,,,,,,,,
golfer_group_21,38.025666096931715,-84.46571107475296,26880.0,golfer,4,#00b894,,,,,,,,
golfer_group_21,38.02576818336984,-84.46605952765252,26940.0,golfer,4,#00b894,,,,,,,,
golfer_group_21,38.02587026980797,-84.46640798055208,27000.0,golfer,4,#00b894,,,,,,,,
golfer_group_21,38.02597235624609,-84.46675643345164,27060.0,golfer,4,#00b894,,,,,,,,
golfer_group_21,38.02607444268422,-84.46710488635118,27120.0,golfer,4,#00b894,,,,,,,,
golfer_group_21,38.026176529122345,-84.46745333925074,27180.0,golfer,4,#00b894,,,,,,,,
golfer_group_21,38.02627861556047,-84.4678017921503,27240.0,golfer,4,#00b894,,,,,,,,
golfer_group_21,38.026391551516966,-84.46814347235242,27300.0,golfer,4,#00b894,,,,,,,,
golfer_group_21,38.0265466275618,-84.46845884704874,27360.0,golfer,4,#00b894,,,,,,,,
golfer_group_21,38.02670170360664,-84.46877422174504,27420.0,golfer,4,#00b894,,,,,,,,
golfer_group_21,38.02685677965148,-84.46908959644135,27480.0,golfer,4,#00b894,,,,,,,,
golfer_group_21,38.027011855696315,-84.46940497113766,27540.0,golfer,4,#00b894,,,,,,,,
golfer_group_21,38.027202562026105,-84.46967624119414,27600.0,golfer,4,#00b894,,,,,,,,
golfer_group_21,38.027447,-84.469881,27660.0,golfer,1,#00b894,,,,,,,,
golfer_group_22,38.027447,-84.469881,13860.0,golfer,1,#007cbf,,,,,,,,
golfer_group_22,38.02754627606764,-84.46962578282717,13920.0,golfer,1,#007cbf,,,,,,,,
golfer_group_22,38.02744283462056,-84.4692779685763,13980.0,golfer,1,#007cbf,,,,,,,,
golfer_group_22,38.02733939317348,-84.46893015432545,14040.0,golfer,1,#007cbf,,,,,,,,
golfer_group_22,38.0272359517264,-84.46858234007459,14100.0,golfer,1,#007cbf,,,,,,,,
golfer_group_22,38.027132510279316,-84.46823452582373,14160.0,golfer,1,#007cbf,,,,,,,,
golfer_group_22,38.027029068832235,-84.46788671157287,14220.0,golfer,1,#007cbf,,,,,,,,
golfer_group_22,38.026925627385154,-84.46753889732202,14280.0,golfer,1,#007cbf,,,,,,,,
golfer_group_22,38.02682218593807,-84.46719108307117,14340.0,golfer,1,#007cbf,,,,,,,,
golfer_group_22,38.026707885382585,-84.46684997010087,14400.0,golfer,1,#007cbf,,,,,,,,
golfer_group_22,38.0265563489919,-84.46653183579225,14460.0,golfer,1,#007cbf,,,,,,,,
golfer_group_22,38.02640481260122,-84.46621370148365,14520.0,golfer,1,#007cbf,,,,,,,,
golfer_group_22,38.02625327621054,-84.46589556717504,14580.0,golfer,1,#007cbf,,,,,,,,
golfer_group_22,38.026097865476636,-84.4655806681031,14640.0,golfer,1,#007cbf,,,,,,,,
golfer_group_22,38.02592778516153,-84.46527801873756,14700.0,golfer,4,#007cbf,,,,,,,,
golfer_group_22,38.02575770484643,-84.46497536937204,14760.0,golfer,2,#007cbf,,,,,,,,
golfer_group_22,38.02580429978306,-84.46478189846547,14820.0,golfer,2,#007cbf,,,,,,,,
golfer_group_22,38.02609158193444,-84.46470970518055,14880.0,golfer,2,#007cbf,,,,,,,,
golfer_group_22,38.02637886408582,-84.46463751189565,14940.0,golfer,2,#007cbf,,,,,,,,
golfer_group_22,38.0266661462372,-84.46456531861072,15000.0,golfer,2,#007cbf,,,,,,,,
golfer_group_22,38.02695342838857,-84.4644931253258,15060.0,golfer,2,#007cbf,,,,,,,,
golfer_group_22,38.02723262500985,-84.46440936561527,15120.0,golfer,2,#007cbf,,,,,,,,
golfer_group_22,38.02732323296244,-84.46405582806928,15180.0,golfer,2,#007cbf,,,,,,,,
golfer_group_22,38.027413840915024,-84.46370229052329,15240.0,golfer,3,#007cbf,,,,,,,,
golfer_group_22,38.02755613921936,-84.46339199540722,15300.0,golfer,3,#007cbf,,,,,,,,
golfer_group_22,38.02777631020529,-84.46314684598785,15360.0,golfer,3,#007cbf,,,,,,,,
golfer_group_22,38.027996481191224,-84.4629016965685,15420.0,golfer,3,#007cbf,,,,,,,,
golfer_group_22,38.028216652177164,-84.46265654714912,15480.0,golfer,3,#007cbf,,,,,,,,
golfer_group_22,38.0284368231631,-84.46241139772975,15540.0,golfer,3,#007cbf,,,,,,,,
golfer_group_22,38.02865699414903,-84.4621662483104,15600.0,golfer,3,#007cbf,,,,,,,,
golfer_group_22,38.02887716513497,-84.46192109889103,15660.0,golfer,3,#007cbf,,,,,,,,
golfer_group_22,38.029097336120905,-84.46167594947165,15720.0,golfer,3,#007cbf,,,,,,,,
golfer_group_22,38.02932048603734,-84.46143527844885,15780.0,golfer,3,#007cbf,,,,,,,,
golfer_group_22,38.02954781666501,-84.4612008925283,15840.0,golfer,3,#007cbf,,,,,,,,
golfer_group_22,38.029775147292675,-84.46096650660775,15900.0,golfer,3,#007cbf,,,,,,,,
golfer_group_22,38.03000247792034,-84.46073212068718,15960.0,golfer,3,#007cbf,,,,,,,,
golfer_group_22,38.03022980854801,-84.46049773476663,16020.0,golfer,3,#007cbf,,,,,,,,
golfer_group_22,38.03028198771919,-84.46029007968264,16080.0,golfer,3,#007cbf,,,,,,,,
golfer_group_22,38.030017377451664,-84.46013077159431,16140.0,golfer,4,#007cbf,,,,,,,,
golfer_group_22,38.02974997117584,-84.46003134117494,16200.0,golfer,4,#007cbf,,,,,,,,
golfer_group_22,38.029472388508275,-84.46014984237516,16260.0,golfer,4,#007cbf,,,,,,,,
golfer_group_22,38.02919480584071,-84.46026834357538,16320.0,golfer,4,#007cbf,,,,,,,,
golfer_group_22,38.02891722317315,-84.46038684477558,16380.0,golfer,4,#007cbf,,,,,,,,
golfer_group_22,38.02863964050559,-84.4605053459758,16440.0,golfer,4,#007cbf,,,,,,,,
golfer_group_22,38.02846819932939,-84.46074999771898,16500.0,golfer,4,#007cbf,,,,,,,,
golfer_group_22,38.028356651102726,-84.46108459413088,16560.0,golfer,4,#007cbf,,,,,,,,
golfer_group_22,38.028163251425084,-84.46136377382878,16620.0,golfer,4,#007cbf,,,,,,,,
golfer_group_22,38.02796985174745,-84.46164295352668,16680.0,golfer,4,#007cbf,,,,,,,,
golfer_group_22,38.02777645206981,-84.46192213322458,16740.0,golfer,4,#007cbf,,,,,,,,
golfer_group_22,38.027583052392174,-84.46220131292247,16800.0,golfer,4,#007cbf,,,,,,,,
golfer_group_22,38.02739313138997,-84.4624841808364,16860.0,golfer,4,#007cbf,,,,,,,,
golfer_group_22,38.02721114487077,-84.46277546117278,16920.0,golfer,4,#007cbf,,,,,,,,
golfer_group_22,38.02702915835156,-84.46306674150915,16980.0,golfer,4,#007cbf,,,,,,,,
golfer_group_22,38.02684717183235,-84.46335802184554,17040.0,golfer,4,#007cbf,,,,,,,,
golfer_group_22,38.027030664719845,-84.46345337202217,17100.0,golfer,4,#007cbf,,,,,,,,
golfer_group_22,38.02732202605173,-84.46349089491457,17160.0,golfer,3,#007cbf,,,,,,,,
golfer_group_22,38.02761338738361,-84.46352841780696,17220.0,golfer,3,#007cbf,,,,,,,,
golfer_group_22,38.02787761975422,-84.46365295047241,17280.0,golfer,4,#007cbf,,,,,,,,
golfer_group_22,38.02811027773896,-84.46387875056652,17340.0,golfer,4,#007cbf,,,,,,,,
golfer_group_22,38.02834293572369,-84.46410455066062,17400.0,golfer,4,#007cbf,,,,,,,,
golfer_group_22,38.028575593708425,-84.46433035075472,17460.0,golfer,4,#007cbf,,,,,,,,
golfer_group_22,38.028808251693164,-84.46455615084882,17520.0,golfer,4,#007cbf,,,,,,,,
golfer_group_22,38.029040909677896,-84.46478195094294,17580.0,golfer,4,#007cbf,,,,,,,,
golfer_group_22,38.02927356766263,-84.46500775103704,17640.0,golfer,4,#007cbf,,,,,,,,
golfer_group_22,38.02950622564737,-84.46523355113113,17700.0,golfer,4,#007cbf,,,,,,,,
golfer_group_22,38.02975350361947,-84.4654282954189,17760.0,golfer,4,#007cbf,,,,,,,,
golfer_group_22,38.030020352724144,-84.46558146666777,17820.0,golfer,4,#007cbf,,,,,,,,
golfer_group_22,38.03028720182882,-84.46573463791665,17880.0,golfer,4,#007cbf,,,,,,,,
golfer_group_22,38.030554050933496,-84.46588780916554,17940.0,golfer,4,#007cbf,,,,,,,,
golfer_group_22,38.0308144451061,-84.46601508231271,18000.0,golfer,4,#007cbf,,,,,,,,
golfer_group_22,38.03096331555731,-84.46569490649415,18060.0,golfer,4,#007cbf,,,,,,,,
golfer_group_22,38.03100160851583,-84.46532942233877,18120.0,golfer,4,#007cbf,,,,,,,,
golfer_group_22,38.03102825601745,-84.4649591665407,18180.0,golfer,4,#007cbf,,,,,,,,
golfer_group_22,38.03105490351906,-84.46458891074262,18240.0,golfer,4,#007cbf,,,,,,,,
golfer_group_22,38.031081551020684,-84.46421865494455,18300.0,golfer,4,#007cbf,,,,,,,,
golfer_group_22,38.031108198522304,-84.46384839914647,18360.0,golfer,4,#007cbf,,,,,,,,
golfer_group_22,38.03113484602392,-84.4634781433484,18420.0,golfer,4,#007cbf,,,,,,,,
golfer_group_22,38.03116149352554,-84.46310788755032,18480.0,golfer,4,#007cbf,,,,,,,,
golfer_group_22,38.031127268705696,-84.46274982308951,18540.0,golfer,4,#007cbf,,,,,,,,
golfer_group_22,38.031012137391194,-84.4624079623538,18600.0,golfer,4,#007cbf,,,,,,,,
golfer_group_22,38.03089700607669,-84.46206610161808,18660.0,golfer,4,#007cbf,,,,,,,,
golfer_group_22,38.0307818747622,-84.46172424088235,18720.0,golfer,4,#007cbf,,,,,,,,
golfer_group_22,38.030666743447696,-84.46138238014663,18780.0,golfer,4,#007cbf,,,,,,,,
golfer_group_22,38.030551612133195,-84.46104051941091,18840.0,golfer,4,#007cbf,,,,,,,,
golfer_group_22,38.03081531898336,-84.46091137688049,18900.0,golfer,4,#007cbf,,,,,,,,
golfer_group_22,38.0310279411826,-84.46098091912485,18960.0,golfer,4,#007cbf,,,,,,,,
golfer_group_22,38.03115090321037,-84.46131835889211,19020.0,golfer,4,#007cbf,,,,,,,,
golfer_group_22,38.031273865238134,-84.46165579865938,19080.0,golfer,4,#007cbf,,,,,,,,
golfer_group_22,38.03139682726591,-84.46199323842663,19140.0,golfer,4,#007cbf,,,,,,,,
golfer_group_22,38.031519789293675,-84.4623306781939,19200.0,golfer,4,#007cbf,,,,,,,,
golfer_group_22,38.03164275132144,-84.46266811796116,19260.0,golfer,4,#007cbf,,,,,,,,
golfer_group_22,38.03176571334921,-84.46300555772842,19320.0,golfer,4,#007cbf,,,,,,,,
golfer_group_22,38.031888675376976,-84.46334299749569,19380.0,golfer,4,#007cbf,,,,,,,,
golfer_group_22,38.031909837946635,-84.46368872876327,19440.0,golfer,4,#007cbf,,,,,,,,
golfer_group_22,38.03182184589159,-84.46404335060477,19500.0,golfer,4,#007cbf,,,,,,,,
golfer_group_22,38.03173385383655,-84.46439797244628,19560.0,golfer,4,#007cbf,,,,,,,,
golfer_group_22,38.031645861781506,-84.46475259428779,19620.0,golfer,4,#007cbf,,,,,,,,
golfer_group_22,38.03155786972646,-84.46510721612928,19680.0,golfer,4,#007cbf,,,,,,,,
golfer_group_22,38.03146987767142,-84.46546183797079,19740.0,golfer,4,#007cbf,,,,,,,,
golfer_group_22,38.03131864912918,-84.46576966145622,19800.0,golfer,4,#007cbf,,,,,,,,
golfer_group_22,38.0311189562348,-84.46604161874937,19860.0,golfer,4,#007cbf,,,,,,,,
golfer_group_22,38.030919263340415,-84.46631357604252,19920.0,golfer,4,#007cbf,,,,,,,,
golfer_group_22,38.030718115722834,-84.46658350967269,19980.0,golfer,4,#007cbf,,,,,,,,
golfer_group_22,38.0304866033238,-84.46681120290668,20040.0,golfer,4,#007cbf,,,,,,,,
golfer_group_22,38.030255090924776,-84.46703889614066,20100.0,golfer,4,#007cbf,,,,,,,,
golfer_group_22,38.03002357852575,-84.46726658937465,20160.0,golfer,4,#007cbf,,,,,,,,
golfer_group_22,38.02979206612672,-84.46749428260863,20220.0,golfer,4,#007cbf,,,,,,,,
golfer_group_22,38.02956055372769,-84.46772197584261,20280.0,golfer,4,#007cbf,,,,,,,,
golfer_group_22,38.02932904132866,-84.4679496690766,20340.0,golfer,4,#007cbf,,,,,,,,
golfer_group_22,38.02909752892963,-84.46817736231058,20400.0,golfer,4,#007cbf,,,,,,,,
golfer_group_22,38.0288660165306,-84.46840505554457,20460.0,golfer,4,#007cbf,,,,,,,,
golfer_group_22,38.02869804015225,-84.46870681462924,20520.0,golfer,4,#007cbf,,,,,,,,
golfer_group_22,38.028539024924726,-84.46901901999702,20580.0,golfer,4,#007cbf,,,,,,,,
golfer_group_22,38.0283800096972,-84.46933122536481,20640.0,golfer,4,#007cbf,,,,,,,,
golfer_group_22,38.028129065075696,-84.46949162304078,20700.0,golfer,4,#007cbf,,,,,,,,
golfer_group_22,38.02785052807789,-84.46960645602002,20760.0,golfer,1,#007cbf,,,,,,,,
golfer_group_22,38.027571991080094,-84.46972128899925,20820.0,golfer,1,#007cbf,,,,,,,,
golfer_group_22,38.02729345408229,-84.4698361219785,20880.0,golfer,4,#007cbf,,,,,,,,
golfer_group_22,38.027014917084486,-84.46995095495774,20940.0,golfer,4,#007cbf,,,,,,,,
golfer_group_22,38.02677219339408,-84.46990690842384,21000.0,golfer,4,#007cbf,,,,,,,,
golfer_group_22,38.026583670283,-84.46962241044099,21060.0,golfer,4,#007cbf,,,,,,,,
golfer_group_22,38.02639514717193,-84.46933791245814,21120.0,golfer,4,#007cbf,,,,,,,,
golfer_group_22,38.026206624060855,-84.4690534144753,21180.0,golfer,4,#007cbf,,,,,,,,
golfer_group_22,38.02601810094978,-84.46876891649245,21240.0,golfer,4,#007cbf,,,,,,,,
golfer_group_22,38.0258295778387,-84.4684844185096,21300.0,golfer,4,#007cbf,,,,,,,,
golfer_group_22,38.02564105472762,-84.46819992052676,21360.0,golfer,4,#007cbf,,,,,,,,
golfer_group_22,38.02539873776804,-84.4680332578427,21420.0,golfer,4,#007cbf,,,,,,,,
golfer_group_22,38.02511056304286,-84.46796704648648,21480.0,golfer,4,#007cbf,,,,,,,,
golfer_group_22,38.02482238831767,-84.46790083513027,21540.0,golfer,4,#007cbf,,,,,,,,
golfer_group_22,38.02466098715723,-84.46791926274804,21600.0,golfer,4,#007cbf,,,,,,,,
golfer_group_22,38.0248672597656,-84.46818316370741,21660.0,golfer,4,#007cbf,,,,,,,,
golfer_group_22,38.025073532373966,-84.46844706466678,21720.0,golfer,4,#007cbf,,,,,,,,
golfer_group_22,38.02498232223591,-84.46858500193528,21780.0,golfer,4,#007cbf,,,,,,,,
golfer_group_22,38.024692555469876,-84.46863886398934,21840.0,golfer,4,#007cbf,,,,,,,,
golfer_group_22,38.02440278870384,-84.4686927260434,21900.0,golfer,4,#007cbf,,,,,,,,
golfer_group_22,38.0241130219378,-84.46874658809746,21960.0,golfer,4,#007cbf,,,,,,,,
golfer_group_22,38.02382325517176,-84.46880045015152,22020.0,golfer,4,#007cbf,,,,,,,,
golfer_group_22,38.023533488405725,-84.46885431220558,22080.0,golfer,4,#007cbf,,,,,,,,
golfer_group_22,38.02325287292604,-84.46895459002404,22140.0,golfer,4,#007cbf,,,,,,,,
golfer_group_22,38.023120094224296,-84.46908677293466,22200.0,golfer,4,#007cbf,,,,,,,,
golfer_group_22,38.02338797984743,-84.46923698741324,22260.0,golfer,4,#007cbf,,,,,,,,
golfer_group_22,38.02365586547056,-84.46938720189182,22320.0,golfer,4,#007cbf,,,,,,,,
golfer_group_22,38.02392375109368,-84.4695374163704,22380.0,golfer,4,#007cbf,,,,,,,,
golfer_group_22,38.024191636716814,-84.46968763084898,22440.0,golfer,4,#007cbf,,,,,,,,
golfer_group_22,38.024459522339946,-84.46983784532756,22500.0,golfer,4,#007cbf,,,,,,,,
golfer_group_22,38.02472740796308,-84.46998805980614,22560.0,golfer,4,#007cbf,,,,,,,,
golfer_group_22,38.0249952935862,-84.47013827428472,22620.0,golfer,4,#007cbf,,,,,,,,
golfer_group_22,38.02526317920933,-84.4702884887633,22680.0,golfer,4,#007cbf,,,,,,,,
golfer_group_22,38.02549053793203,-84.47051685206469,22740.0,golfer,4,#007cbf,,,,,,,,
golfer_group_22,38.02570511747455,-84.47076985771169,22800.0,golfer,4,#007cbf,,,,,,,,
golfer_group_22,38.025919697017066,-84.4710228633587,22860.0,golfer,4,#007cbf,,,,,,,,
golfer_group_22,38.02613427655959,-84.4712758690057,22920.0,golfer,4,#007cbf,,,,,,,,
golfer_group_22,38.02634885610211,-84.4715288746527,22980.0,golfer,4,#007cbf,,,,,,,,
golfer_group_22,38.026563435644626,-84.4717818802997,23040.0,golfer,4,#007cbf,,,,,,,,
golfer_group_22,38.02678243981026,-84.47202860408251,23100.0,golfer,4,#007cbf,,,,,,,,
golfer_group_22,38.02668611647238,-84.47218057293104,23160.0,golfer,4,#007cbf,,,,,,,,
golfer_group_22,38.02640386024167,-84.4722796932027,23220.0,golfer,4,#007cbf,,,,,,,,
golfer_group_22,38.02612160401096,-84.47237881347434,23280.0,golfer,4,#007cbf,,,,,,,,
golfer_group_22,38.02583934778024,-84.47247793374599,23340.0,golfer,4,#007cbf,,,,,,,,
golfer_group_22,38.02555709154953,-84.47257705401765,23400.0,golfer,4,#007cbf,,,,,,,,
golfer_group_22,38.025278899056985,-84.47258808504574,23460.0,golfer,4,#007cbf,,,,,,,,
golfer_group_22,38.02505413568005,-84.47238241246707,23520.0,golfer,4,#007cbf,,,,,,,,
golfer_group_22,38.02491621232278,-84.47205445775451,23580.0,golfer,4,#007cbf,,,,,,,,
golfer_group_22,38.02477828896551,-84.47172650304194,23640.0,golfer,4,#007cbf,,,,,,,,
golfer_group_22,38.024640365608235,-84.47139854832938,23700.0,golfer,4,#007cbf,,,,,,,,
golfer_group_22,38.02450244225096,-84.4710705936168,23760.0,golfer,4,#007cbf,,,,,,,,
golfer_group_22,38.02436451889369,-84.47074263890424,23820.0,golfer,4,#007cbf,,,,,,,,
golfer_group_22,38.02422659553642,-84.47041468419167,23880.0,golfer,4,#007cbf,,,,,,,,
golfer_group_22,38.02408867217915,-84.4700867294791,23940.0,golfer,4,#007cbf,,,,,,,,
golfer_group_22,38.023830177494666,-84.46991493651929,24000.0,golfer,4,#007cbf,,,,,,,,
golfer_group_22,38.02356911857893,-84.46974646470437,24060.0,golfer,4,#007cbf,,,,,,,,
golfer_group_22,38.0233080596632,-84.46957799288944,24120.0,golfer,4,#007cbf,,,,,,,,
golfer_group_22,38.02304700074746,-84.46940952107451,24180.0,golfer,4,#007cbf,,,,,,,,
golfer_group_22,38.0227847606833,-84.46924457405959,24240.0,golfer,4,#007cbf,,,,,,,,
golfer_group_22,38.02250809559787,-84.46912267439926,24300.0,golfer,4,#007cbf,,,,,,,,
golfer_group_22,38.022527943550884,-84.46893235209967,24360.0,golfer,4,#007cbf,,,,,,,,
golfer_group_22,38.02275311404551,-84.46869465006165,24420.0,golfer,4,#007cbf,,,,,,,,
golfer_group_22,38.02297828454014,-84.46845694802364,24480.0,golfer,4,#007cbf,,,,,,,,
golfer_group_22,38.02320345503476,-84.46821924598564,24540.0,golfer,4,#007cbf,,,,,,,,
golfer_group_22,38.023428625529384,-84.46798154394763,24600.0,golfer,4,#007cbf,,,,,,,,
golfer_group_22,38.02365379602401,-84.46774384190961,24660.0,golfer,4,#007cbf,,,,,,,,
golfer_group_22,38.02387896651864,-84.4675061398716,24720.0,golfer,4,#007cbf,,,,,,,,
golfer_group_22,38.02410413701326,-84.4672684378336,24780.0,golfer,4,#007cbf,,,,,,,,
golfer_group_22,38.024329307507884,-84.46703073579559,24840.0,golfer,4,#007cbf,,,,,,,,
golfer_group_22,38.024516630016976,-84.46674714202182,24900.0,golfer,4,#007cbf,,,,,,,,
golfer_group_22,38.02469334505099,-84.4664506863893,24960.0,golfer,4,#007cbf,,,,,,,,
golfer_group_22,38.02487006008501,-84.46615423075679,25020.0,golfer,4,#007cbf,,,,,,,,
golfer_group_22,38.02504677511902,-84.46585777512426,25080.0,golfer,4,#007cbf,,,,,,,,
golfer_group_22,38.02525798622544,-84.46562593134438,25140.0,golfer,4,#007cbf,,,,,,,,
golfer_group_22,38.025540368765746,-84.46552739312297,25200.0,golfer,4,#007cbf,,,,,,,,
golfer_group_22,38.02582275130605,-84.46542885490156,25260.0,golfer,4,#007cbf,,,,,,,,
golfer_group_22,38.02610513384636,-84.46533031668015,25320.0,golfer,4,#007cbf,,,,,,,,
golfer_group_22,38.02637936666449,-84.46537020680762,25380.0,golfer,4,#007cbf,,,,,,,,
golfer_group_22,38.02664707383,-84.4655209394031,25440.0,golfer,4,#007cbf,,,,,,,,
golfer_group_22,38.026914780995504,-84.46567167199859,25500.0,golfer,4,#007cbf,,,,,,,,
golfer_group_22,38.02718248816101,-84.46582240459409,25560.0,golfer,4,#ffe6cc,,,,,,,,
golfer_group_22,38.027450195326516,-84.46597313718958,25620.0,golfer,4,#ffe6cc,,,,,,,,
golfer_group_22,38.02771790249202,-84.46612386978506,25680.0,golfer,4,#ffe6cc,,,,,,,,
golfer_group_22,38.027985609657534,-84.46627460238055,25740.0,golfer,4,#ffe6cc,,,,,,,,
golfer_group_22,38.02825331682304,-84.46642533497604,25800.0,golfer,4,#ffe6cc,,,,,,,,
golfer_group_22,38.02854411583699,-84.46643446747252,25860.0,golfer,4,#ffe6cc,,,,,,,,
golfer_group_22,38.02883696025459,-84.46643105747557,25920.0,golfer,4,#ffe6cc,,,,,,,,
golfer_group_22,38.02912980467218,-84.46642764747862,25980.0,golfer,4,#ffe6cc,,,,,,,,
golfer_group_22,38.029422649089774,-84.46642423748168,26040.0,golfer,4,#ffe6cc,,,,,,,,
golfer_group_22,38.029714660100595,-84.46640554510962,26100.0,golfer,4,#ffe6cc,,,,,,,,
golfer_group_22,38.03000508074206,-84.46635768976212,26160.0,golfer,4,#ffcc99,,,,,,,,
golfer_group_22,38.03029550138352,-84.46630983441462,26220.0,golfer,4,#ffcc99,,,,,,,,
golfer_group_22,38.03034421537664,-84.46623396436489,26280.0,golfer,4,#00b894,,,,,,,,
golfer_group_22,38.0300654222068,-84.4661201350132,26340.0,golfer,4,#00b894,,,,,,,,
golfer_group_22,38.02978662903697,-84.46600630566151,26400.0,golfer,4,#00b894,,,,,,,,
golfer_group_22,38.02950783586713,-84.46589247630982,26460.0,golfer,4,#00b894,,,,,,,,
golfer_group_22,38.029229042697295,-84.46577864695813,26520.0,golfer,4,#00b894,,,,,,,,
golfer_group_22,38.02895024952746,-84.46566481760644,26580.0,golfer,4,#00b894,,,,,,,,
golfer_group_22,38.02867145635763,-84.46555098825475,26640.0,golfer,4,#00b894,,,,,,,,
golfer_group_22,38.02839266318779,-84.46543715890306,26700.0,golfer,4,#00b894,,,,,,,,
golfer_group_22,38.02811294382565,-84.46532834232956,26760.0,golfer,4,#00b894,,,,,,,,
golfer_group_22,38.02782336017175,-84.46527291370359,26820.0,golfer,4,#00b894,,,,,,,,
golfer_group_22,38.02753377651786,-84.46521748507763,26880.0,golfer,4,#00b894,,,,,,,,
golfer_group_22,38.027244192863975,-84.46516205645167,26940.0,golfer,4,#00b894,,,,,,,,
golfer_group_22,38.02695460921009,-84.46510662782572,27000.0,golfer,4,#00b894,,,,,,,,
golfer_group_22,38.02666502555619,-84.46505119919976,27060.0,golfer,4,#00b894,,,,,,,,
golfer_group_22,38.02637326063661,-84.4650346343973,27120.0,golfer,4,#00b894,,,,,,,,
golfer_group_22,38.02608041188864,-84.46503738027086,27180.0,golfer,4,#00b894,,,,,,,,
golfer_group_22,38.025787563140675,-84.46504012614442,27240.0,golfer,2,#00b894,,,,,,,,
golfer_group_22,38.025494714392714,-84.46504287201797,27300.0,golfer,4,#00b894,,,,,,,,
golfer_group_22,38.02556401049359,-84.4653626218534,27360.0,golfer,4,#00b894,,,,,,,,
golfer_group_22,38.025666096931715,-84.46571107475296,27420.0,golfer,4,#00b894,,,,,,,,
golfer_group_22,38.02576818336984,-84.46605952765252,27480.0,golfer,4,#00b894,,,,,,,,
golfer_group_22,38.02587026980797,-84.46640798055208,27540.0,golfer,4,#00b894,,,,,,,,
golfer_group_22,38.02597235624609,-84.46675643345164,27600.0,golfer,4,#00b894,,,,,,,,
golfer_group_22,38.02607444268422,-84.46710488635118,27660.0,golfer,4,#00b894,,,,,,,,
golfer_group_22,38.026176529122345,-84.46745333925074,27720.0,golfer,4,#00b894,,,,,,,,
golfer_group_22,38.02627861556047,-84.4678017921503,27780.0,golfer,4,#00b894,,,,,,,,
golfer_group_22,38.026391551516966,-84.46814347235242,27840.0,golfer,4,#00b894,,,,,,,,
golfer_group_22,38.0265466275618,-84.46845884704874,27900.0,golfer,4,#00b894,,,,,,,,
golfer_group_22,38.02670170360664,-84.46877422174504,27960.0,golfer,4,#00b894,,,,,,,,
golfer_group_22,38.02685677965148,-84.46908959644135,28020.0,golfer,4,#00b894,,,,,,,,
golfer_group_22,38.027011855696315,-84.46940497113766,28080.0,golfer,4,#00b894,,,,,,,,
golfer_group_22,38.027202562026105,-84.46967624119414,28140.0,golfer,4,#00b894,,,,,,,,
golfer_group_22,38.027447,-84.469881,28200.0,golfer,1,#00b894,,,,,,,,
golfer_group_23,38.027447,-84.469881,14400.0,golfer,1,#007cbf,,,,,,,,
golfer_group_23,38.02754627606764,-84.46962578282717,14460.0,golfer,1,#007cbf,,,,,,,,
golfer_group_23,38.02744283462056,-84.4692779685763,14520.0,golfer,1,#007cbf,,,,,,,,
golfer_group_23,38.02733939317348,-84.46893015432545,14580.0,golfer,1,#007cbf,,,,,,,,
golfer_group_23,38.0272359517264,-84.46858234007459,14640.0,golfer,1,#007cbf,,,,,,,,
golfer_group_23,38.027132510279316,-84.46823452582373,14700.0,golfer,1,#007cbf,,,,,,,,
golfer_group_23,38.027029068832235,-84.46788671157287,14760.0,golfer,1,#007cbf,,,,,,,,
golfer_group_23,38.026925627385154,-84.46753889732202,14820.0,golfer,1,#007cbf,,,,,,,,
golfer_group_23,38.02682218593807,-84.46719108307117,14880.0,golfer,1,#007cbf,,,,,,,,
golfer_group_23,38.026707885382585,-84.46684997010087,14940.0,golfer,1,#007cbf,,,,,,,,
golfer_group_23,38.0265563489919,-84.46653183579225,15000.0,golfer,1,#007cbf,,,,,,,,
golfer_group_23,38.02640481260122,-84.46621370148365,15060.0,golfer,1,#007cbf,,,,,,,,
golfer_group_23,38.02625327621054,-84.46589556717504,15120.0,golfer,1,#007cbf,,,,,,,,
golfer_group_23,38.026097865476636,-84.4655806681031,15180.0,golfer,1,#007cbf,,,,,,,,
golfer_group_23,38.02592778516153,-84.46527801873756,15240.0,golfer,4,#007cbf,,,,,,,,
golfer_group_23,38.02575770484643,-84.46497536937204,15300.0,golfer,2,#007cbf,,,,,,,,
golfer_group_23,38.02580429978306,-84.46478189846547,15360.0,golfer,2,#007cbf,,,,,,,,
golfer_group_23,38.02609158193444,-84.46470970518055,15420.0,golfer,2,#007cbf,,,,,,,,
golfer_group_23,38.02637886408582,-84.46463751189565,15480.0,golfer,2,#007cbf,,,,,,,,
golfer_group_23,38.0266661462372,-84.46456531861072,15540.0,golfer,2,#007cbf,,,,,,,,
golfer_group_23,38.02695342838857,-84.4644931253258,15600.0,golfer,2,#007cbf,,,,,,,,
golfer_group_23,38.02723262500985,-84.46440936561527,15660.0,golfer,2,#007cbf,,,,,,,,
golfer_group_23,38.02732323296244,-84.46405582806928,15720.0,golfer,2,#007cbf,,,,,,,,
golfer_group_23,38.027413840915024,-84.46370229052329,15780.0,golfer,3,#007cbf,,,,,,,,
golfer_group_23,38.02755613921936,-84.46339199540722,15840.0,golfer,3,#007cbf,,,,,,,,
golfer_group_23,38.02777631020529,-84.46314684598785,15900.0,golfer,3,#007cbf,,,,,,,,
golfer_group_23,38.027996481191224,-84.4629016965685,15960.0,golfer,3,#007cbf,,,,,,,,
golfer_group_23,38.028216652177164,-84.46265654714912,16020.0,golfer,3,#007cbf,,,,,,,,
golfer_group_23,38.0284368231631,-84.46241139772975,16080.0,golfer,3,#007cbf,,,,,,,,
golfer_group_23,38.02865699414903,-84.4621662483104,16140.0,golfer,3,#007cbf,,,,,,,,
golfer_group_23,38.02887716513497,-84.46192109889103,16200.0,golfer,3,#007cbf,,,,,,,,
golfer_group_23,38.029097336120905,-84.46167594947165,16260.0,golfer,3,#007cbf,,,,,,,,
golfer_group_23,38.02932048603734,-84.46143527844885,16320.0,golfer,3,#007cbf,,,,,,,,
golfer_group_23,38.02954781666501,-84.4612008925283,16380.0,golfer,3,#007cbf,,,,,,,,
golfer_group_23,38.029775147292675,-84.46096650660775,16440.0,golfer,3,#007cbf,,,,,,,,
golfer_group_23,38.03000247792034,-84.46073212068718,16500.0,golfer,3,#007cbf,,,,,,,,
golfer_group_23,38.03022980854801,-84.46049773476663,16560.0,golfer,3,#007cbf,,,,,,,,
golfer_group_23,38.03028198771919,-84.46029007968264,16620.0,golfer,3,#007cbf,,,,,,,,
golfer_group_23,38.030017377451664,-84.46013077159431,16680.0,golfer,4,#007cbf,,,,,,,,
golfer_group_23,38.02974997117584,-84.46003134117494,16740.0,golfer,4,#007cbf,,,,,,,,
golfer_group_23,38.029472388508275,-84.46014984237516,16800.0,golfer,4,#007cbf,,,,,,,,
golfer_group_23,38.02919480584071,-84.46026834357538,16860.0,golfer,4,#007cbf,,,,,,,,
golfer_group_23,38.02891722317315,-84.46038684477558,16920.0,golfer,4,#007cbf,,,,,,,,
golfer_group_23,38.02863964050559,-84.4605053459758,16980.0,golfer,4,#007cbf,,,,,,,,
golfer_group_23,38.02846819932939,-84.46074999771898,17040.0,golfer,4,#007cbf,,,,,,,,
golfer_group_23,38.028356651102726,-84.46108459413088,17100.0,golfer,4,#007cbf,,,,,,,,
golfer_group_23,38.028163251425084,-84.46136377382878,17160.0,golfer,4,#007cbf,,,,,,,,
golfer_group_23,38.02796985174745,-84.46164295352668,17220.0,golfer,4,#007cbf,,,,,,,,
golfer_group_23,38.02777645206981,-84.46192213322458,17280.0,golfer,4,#007cbf,,,,,,,,
golfer_group_23,38.027583052392174,-84.46220131292247,17340.0,golfer,4,#007cbf,,,,,,,,
golfer_group_23,38.02739313138997,-84.4624841808364,17400.0,golfer,4,#007cbf,,,,,,,,
golfer_group_23,38.02721114487077,-84.46277546117278,17460.0,golfer,4,#007cbf,,,,,,,,
golfer_group_23,38.02702915835156,-84.46306674150915,17520.0,golfer,4,#007cbf,,,,,,,,
golfer_group_23,38.02684717183235,-84.46335802184554,17580.0,golfer,4,#007cbf,,,,,,,,
golfer_group_23,38.027030664719845,-84.46345337202217,17640.0,golfer,4,#007cbf,,,,,,,,
golfer_group_23,38.02732202605173,-84.46349089491457,17700.0,golfer,3,#007cbf,,,,,,,,
golfer_group_23,38.02761338738361,-84.46352841780696,17760.0,golfer,3,#007cbf,,,,,,,,
golfer_group_23,38.02787761975422,-84.46365295047241,17820.0,golfer,4,#007cbf,,,,,,,,
golfer_group_23,38.02811027773896,-84.46387875056652,17880.0,golfer,4,#007cbf,,,,,,,,
golfer_group_23,38.02834293572369,-84.46410455066062,17940.0,golfer,4,#007cbf,,,,,,,,
golfer_group_23,38.028575593708425,-84.46433035075472,18000.0,golfer,4,#007cbf,,,,,,,,
golfer_group_23,38.028808251693164,-84.46455615084882,18060.0,golfer,4,#007cbf,,,,,,,,
golfer_group_23,38.029040909677896,-84.46478195094294,18120.0,golfer,4,#007cbf,,,,,,,,
golfer_group_23,38.02927356766263,-84.46500775103704,18180.0,golfer,4,#007cbf,,,,,,,,
golfer_group_23,38.02950622564737,-84.46523355113113,18240.0,golfer,4,#007cbf,,,,,,,,
golfer_group_23,38.02975350361947,-84.4654282954189,18300.0,golfer,4,#007cbf,,,,,,,,
golfer_group_23,38.030020352724144,-84.46558146666777,18360.0,golfer,4,#007cbf,,,,,,,,
golfer_group_23,38.03028720182882,-84.46573463791665,18420.0,golfer,4,#007cbf,,,,,,,,
golfer_group_23,38.030554050933496,-84.46588780916554,18480.0,golfer,4,#007cbf,,,,,,,,
golfer_group_23,38.0308144451061,-84.46601508231271,18540.0,golfer,4,#007cbf,,,,,,,,
golfer_group_23,38.03096331555731,-84.46569490649415,18600.0,golfer,4,#007cbf,,,,,,,,
golfer_group_23,38.03100160851583,-84.46532942233877,18660.0,golfer,4,#007cbf,,,,,,,,
golfer_group_23,38.03102825601745,-84.4649591665407,18720.0,golfer,4,#007cbf,,,,,,,,
golfer_group_23,38.03105490351906,-84.46458891074262,18780.0,golfer,4,#007cbf,,,,,,,,
golfer_group_23,38.031081551020684,-84.46421865494455,18840.0,golfer,4,#007cbf,,,,,,,,
golfer_group_23,38.031108198522304,-84.46384839914647,18900.0,golfer,4,#007cbf,,,,,,,,
golfer_group_23,38.03113484602392,-84.4634781433484,18960.0,golfer,4,#007cbf,,,,,,,,
golfer_group_23,38.03116149352554,-84.46310788755032,19020.0,golfer,4,#007cbf,,,,,,,,
golfer_group_23,38.031127268705696,-84.46274982308951,19080.0,golfer,4,#007cbf,,,,,,,,
golfer_group_23,38.031012137391194,-84.4624079623538,19140.0,golfer,4,#007cbf,,,,,,,,
golfer_group_23,38.03089700607669,-84.46206610161808,19200.0,golfer,4,#007cbf,,,,,,,,
golfer_group_23,38.0307818747622,-84.46172424088235,19260.0,golfer,4,#007cbf,,,,,,,,
golfer_group_23,38.030666743447696,-84.46138238014663,19320.0,golfer,4,#007cbf,,,,,,,,
golfer_group_23,38.030551612133195,-84.46104051941091,19380.0,golfer,4,#007cbf,,,,,,,,
golfer_group_23,38.03081531898336,-84.46091137688049,19440.0,golfer,4,#007cbf,,,,,,,,
golfer_group_23,38.0310279411826,-84.46098091912485,19500.0,golfer,4,#007cbf,,,,,,,,
golfer_group_23,38.03115090321037,-84.46131835889211,19560.0,golfer,4,#007cbf,,,,,,,,
golfer_group_23,38.031273865238134,-84.46165579865938,19620.0,golfer,4,#007cbf,,,,,,,,
golfer_group_23,38.03139682726591,-84.46199323842663,19680.0,golfer,4,#007cbf,,,,,,,,
golfer_group_23,38.031519789293675,-84.4623306781939,19740.0,golfer,4,#007cbf,,,,,,,,
golfer_group_23,38.03164275132144,-84.46266811796116,19800.0,golfer,4,#007cbf,,,,,,,,
golfer_group_23,38.03176571334921,-84.46300555772842,19860.0,golfer,4,#007cbf,,,,,,,,
golfer_group_23,38.031888675376976,-84.46334299749569,19920.0,golfer,4,#007cbf,,,,,,,,
golfer_group_23,38.031909837946635,-84.46368872876327,19980.0,golfer,4,#007cbf,,,,,,,,
golfer_group_23,38.03182184589159,-84.46404335060477,20040.0,golfer,4,#007cbf,,,,,,,,
golfer_group_23,38.03173385383655,-84.46439797244628,20100.0,golfer,4,#007cbf,,,,,,,,
golfer_group_23,38.031645861781506,-84.46475259428779,20160.0,golfer,4,#007cbf,,,,,,,,
golfer_group_23,38.03155786972646,-84.46510721612928,20220.0,golfer,4,#007cbf,,,,,,,,
golfer_group_23,38.03146987767142,-84.46546183797079,20280.0,golfer,4,#007cbf,,,,,,,,
golfer_group_23,38.03131864912918,-84.46576966145622,20340.0,golfer,4,#007cbf,,,,,,,,
golfer_group_23,38.0311189562348,-84.46604161874937,20400.0,golfer,4,#007cbf,,,,,,,,
golfer_group_23,38.030919263340415,-84.46631357604252,20460.0,golfer,4,#007cbf,,,,,,,,
golfer_group_23,38.030718115722834,-84.46658350967269,20520.0,golfer,4,#007cbf,,,,,,,,
golfer_group_23,38.0304866033238,-84.46681120290668,20580.0,golfer,4,#007cbf,,,,,,,,
golfer_group_23,38.030255090924776,-84.46703889614066,20640.0,golfer,4,#007cbf,,,,,,,,
golfer_group_23,38.03002357852575,-84.46726658937465,20700.0,golfer,4,#007cbf,,,,,,,,
golfer_group_23,38.02979206612672,-84.46749428260863,20760.0,golfer,4,#007cbf,,,,,,,,
golfer_group_23,38.02956055372769,-84.46772197584261,20820.0,golfer,4,#007cbf,,,,,,,,
golfer_group_23,38.02932904132866,-84.4679496690766,20880.0,golfer,4,#007cbf,,,,,,,,
golfer_group_23,38.02909752892963,-84.46817736231058,20940.0,golfer,4,#007cbf,,,,,,,,
golfer_group_23,38.0288660165306,-84.46840505554457,21000.0,golfer,4,#007cbf,,,,,,,,
golfer_group_23,38.02869804015225,-84.46870681462924,21060.0,golfer,4,#007cbf,,,,,,,,
golfer_group_23,38.028539024924726,-84.46901901999702,21120.0,golfer,4,#007cbf,,,,,,,,
golfer_group_23,38.0283800096972,-84.46933122536481,21180.0,golfer,4,#007cbf,,,,,,,,
golfer_group_23,38.028129065075696,-84.46949162304078,21240.0,golfer,4,#007cbf,,,,,,,,
golfer_group_23,38.02785052807789,-84.46960645602002,21300.0,golfer,1,#007cbf,,,,,,,,
golfer_group_23,38.027571991080094,-84.46972128899925,21360.0,golfer,1,#007cbf,,,,,,,,
golfer_group_23,38.02729345408229,-84.4698361219785,21420.0,golfer,4,#007cbf,,,,,,,,
golfer_group_23,38.027014917084486,-84.46995095495774,21480.0,golfer,4,#007cbf,,,,,,,,
golfer_group_23,38.02677219339408,-84.46990690842384,21540.0,golfer,4,#007cbf,,,,,,,,
golfer_group_23,38.026583670283,-84.46962241044099,21600.0,golfer,4,#007cbf,,,,,,,,
golfer_group_23,38.02639514717193,-84.46933791245814,21660.0,golfer,4,#007cbf,,,,,,,,
golfer_group_23,38.026206624060855,-84.4690534144753,21720.0,golfer,4,#007cbf,,,,,,,,
golfer_group_23,38.02601810094978,-84.46876891649245,21780.0,golfer,4,#007cbf,,,,,,,,
golfer_group_23,38.0258295778387,-84.4684844185096,21840.0,golfer,4,#007cbf,,,,,,,,
golfer_group_23,38.02564105472762,-84.46819992052676,21900.0,golfer,4,#007cbf,,,,,,,,
golfer_group_23,38.02539873776804,-84.4680332578427,21960.0,golfer,4,#007cbf,,,,,,,,
golfer_group_23,38.02511056304286,-84.46796704648648,22020.0,golfer,4,#007cbf,,,,,,,,
golfer_group_23,38.02482238831767,-84.46790083513027,22080.0,golfer,4,#007cbf,,,,,,,,
golfer_group_23,38.02466098715723,-84.46791926274804,22140.0,golfer,4,#007cbf,,,,,,,,
golfer_group_23,38.0248672597656,-84.46818316370741,22200.0,golfer,4,#007cbf,,,,,,,,
golfer_group_23,38.025073532373966,-84.46844706466678,22260.0,golfer,4,#007cbf,,,,,,,,
golfer_group_23,38.02498232223591,-84.46858500193528,22320.0,golfer,4,#007cbf,,,,,,,,
golfer_group_23,38.024692555469876,-84.46863886398934,22380.0,golfer,4,#007cbf,,,,,,,,
golfer_group_23,38.02440278870384,-84.4686927260434,22440.0,golfer,4,#007cbf,,,,,,,,
golfer_group_23,38.0241130219378,-84.46874658809746,22500.0,golfer,4,#007cbf,,,,,,,,
golfer_group_23,38.02382325517176,-84.46880045015152,22560.0,golfer,4,#007cbf,,,,,,,,
golfer_group_23,38.023533488405725,-84.46885431220558,22620.0,golfer,4,#007cbf,,,,,,,,
golfer_group_23,38.02325287292604,-84.46895459002404,22680.0,golfer,4,#007cbf,,,,,,,,
golfer_group_23,38.023120094224296,-84.46908677293466,22740.0,golfer,4,#007cbf,,,,,,,,
golfer_group_23,38.02338797984743,-84.46923698741324,22800.0,golfer,4,#007cbf,,,,,,,,
golfer_group_23,38.02365586547056,-84.46938720189182,22860.0,golfer,4,#007cbf,,,,,,,,
golfer_group_23,38.02392375109368,-84.4695374163704,22920.0,golfer,4,#007cbf,,,,,,,,
golfer_group_23,38.024191636716814,-84.46968763084898,22980.0,golfer,4,#007cbf,,,,,,,,
golfer_group_23,38.024459522339946,-84.46983784532756,23040.0,golfer,4,#007cbf,,,,,,,,
golfer_group_23,38.02472740796308,-84.46998805980614,23100.0,golfer,4,#007cbf,,,,,,,,
golfer_group_23,38.0249952935862,-84.47013827428472,23160.0,golfer,4,#007cbf,,,,,,,,
golfer_group_23,38.02526317920933,-84.4702884887633,23220.0,golfer,4,#007cbf,,,,,,,,
golfer_group_23,38.02549053793203,-84.47051685206469,23280.0,golfer,4,#007cbf,,,,,,,,
golfer_group_23,38.02570511747455,-84.47076985771169,23340.0,golfer,4,#007cbf,,,,,,,,
golfer_group_23,38.025919697017066,-84.4710228633587,23400.0,golfer,4,#007cbf,,,,,,,,
golfer_group_23,38.02613427655959,-84.4712758690057,23460.0,golfer,4,#007cbf,,,,,,,,
golfer_group_23,38.02634885610211,-84.4715288746527,23520.0,golfer,4,#007cbf,,,,,,,,
golfer_group_23,38.026563435644626,-84.4717818802997,23580.0,golfer,4,#007cbf,,,,,,,,
golfer_group_23,38.02678243981026,-84.47202860408251,23640.0,golfer,4,#007cbf,,,,,,,,
golfer_group_23,38.02668611647238,-84.47218057293104,23700.0,golfer,4,#007cbf,,,,,,,,
golfer_group_23,38.02640386024167,-84.4722796932027,23760.0,golfer,4,#007cbf,,,,,,,,
golfer_group_23,38.02612160401096,-84.47237881347434,23820.0,golfer,4,#007cbf,,,,,,,,
golfer_group_23,38.02583934778024,-84.47247793374599,23880.0,golfer,4,#007cbf,,,,,,,,
golfer_group_23,38.02555709154953,-84.47257705401765,23940.0,golfer,4,#007cbf,,,,,,,,
golfer_group_23,38.025278899056985,-84.47258808504574,24000.0,golfer,4,#007cbf,,,,,,,,
golfer_group_23,38.02505413568005,-84.47238241246707,24060.0,golfer,4,#007cbf,,,,,,,,
golfer_group_23,38.02491621232278,-84.47205445775451,24120.0,golfer,4,#007cbf,,,,,,,,
golfer_group_23,38.02477828896551,-84.47172650304194,24180.0,golfer,4,#007cbf,,,,,,,,
golfer_group_23,38.024640365608235,-84.47139854832938,24240.0,golfer,4,#007cbf,,,,,,,,
golfer_group_23,38.02450244225096,-84.4710705936168,24300.0,golfer,4,#007cbf,,,,,,,,
golfer_group_23,38.02436451889369,-84.47074263890424,24360.0,golfer,4,#007cbf,,,,,,,,
golfer_group_23,38.02422659553642,-84.47041468419167,24420.0,golfer,4,#007cbf,,,,,,,,
golfer_group_23,38.02408867217915,-84.4700867294791,24480.0,golfer,4,#007cbf,,,,,,,,
golfer_group_23,38.023830177494666,-84.46991493651929,24540.0,golfer,4,#007cbf,,,,,,,,
golfer_group_23,38.02356911857893,-84.46974646470437,24600.0,golfer,4,#007cbf,,,,,,,,
golfer_group_23,38.0233080596632,-84.46957799288944,24660.0,golfer,4,#007cbf,,,,,,,,
golfer_group_23,38.02304700074746,-84.46940952107451,24720.0,golfer,4,#007cbf,,,,,,,,
golfer_group_23,38.0227847606833,-84.46924457405959,24780.0,golfer,4,#007cbf,,,,,,,,
golfer_group_23,38.02250809559787,-84.46912267439926,24840.0,golfer,4,#007cbf,,,,,,,,
golfer_group_23,38.022527943550884,-84.46893235209967,24900.0,golfer,4,#007cbf,,,,,,,,
golfer_group_23,38.02275311404551,-84.46869465006165,24960.0,golfer,4,#007cbf,,,,,,,,
golfer_group_23,38.02297828454014,-84.46845694802364,25020.0,golfer,4,#007cbf,,,,,,,,
golfer_group_23,38.02320345503476,-84.46821924598564,25080.0,golfer,4,#007cbf,,,,,,,,
golfer_group_23,38.023428625529384,-84.46798154394763,25140.0,golfer,4,#007cbf,,,,,,,,
golfer_group_23,38.02365379602401,-84.46774384190961,25200.0,golfer,4,#007cbf,,,,,,,,
golfer_group_23,38.02387896651864,-84.4675061398716,25260.0,golfer,4,#007cbf,,,,,,,,
golfer_group_23,38.02410413701326,-84.4672684378336,25320.0,golfer,4,#007cbf,,,,,,,,
golfer_group_23,38.024329307507884,-84.46703073579559,25380.0,golfer,4,#007cbf,,,,,,,,
golfer_group_23,38.024516630016976,-84.46674714202182,25440.0,golfer,4,#007cbf,,,,,,,,
golfer_group_23,38.02469334505099,-84.4664506863893,25500.0,golfer,4,#007cbf,,,,,,,,
golfer_group_23,38.02487006008501,-84.46615423075679,25560.0,golfer,4,#007cbf,,,,,,,,
golfer_group_23,38.02504677511902,-84.46585777512426,25620.0,golfer,4,#007cbf,,,,,,,,
golfer_group_23,38.02525798622544,-84.46562593134438,25680.0,golfer,4,#007cbf,,,,,,,,
golfer_group_23,38.025540368765746,-84.46552739312297,25740.0,golfer,4,#007cbf,,,,,,,,
golfer_group_23,38.02582275130605,-84.46542885490156,25800.0,golfer,4,#007cbf,,,,,,,,
golfer_group_23,38.02610513384636,-84.46533031668015,25860.0,golfer,4,#007cbf,,,,,,,,
golfer_group_23,38.02637936666449,-84.46537020680762,25920.0,golfer,4,#007cbf,,,,,,,,
golfer_group_23,38.02664707383,-84.4655209394031,25980.0,golfer,4,#007cbf,,,,,,,,
golfer_group_23,38.026914780995504,-84.46567167199859,26040.0,golfer,4,#007cbf,,,,,,,,
golfer_group_23,38.02718248816101,-84.46582240459409,26100.0,golfer,4,#007cbf,,,,,,,,
golfer_group_23,38.027450195326516,-84.46597313718958,26160.0,golfer,4,#007cbf,,,,,,,,
golfer_group_23,38.02771790249202,-84.46612386978506,26220.0,golfer,4,#007cbf,,,,,,,,
golfer_group_23,38.027985609657534,-84.46627460238055,26280.0,golfer,4,#007cbf,,,,,,,,
golfer_group_23,38.02825331682304,-84.46642533497604,26340.0,golfer,4,#007cbf,,,,,,,,
golfer_group_23,38.02854411583699,-84.46643446747252,26400.0,golfer,4,#007cbf,,,,,,,,
golfer_group_23,38.02883696025459,-84.46643105747557,26460.0,golfer,4,#007cbf,,,,,,,,
golfer_group_23,38.02912980467218,-84.46642764747862,26520.0,golfer,4,#007cbf,,,,,,,,
golfer_group_23,38.029422649089774,-84.46642423748168,26580.0,golfer,4,#007cbf,,,,,,,,
golfer_group_23,38.029714660100595,-84.46640554510962,26640.0,golfer,4,#007cbf,,,,,,,,
golfer_group_23,38.03000508074206,-84.46635768976212,26700.0,golfer,4,#007cbf,,,,,,,,
golfer_group_23,38.03029550138352,-84.46630983441462,26760.0,golfer,4,#007cbf,,,,,,,,
golfer_group_23,38.03034421537664,-84.46623396436489,26820.0,golfer,4,#007cbf,,,,,,,,
golfer_group_23,38.0300654222068,-84.4661201350132,26880.0,golfer,4,#007cbf,,,,,,,,
golfer_group_23,38.02978662903697,-84.46600630566151,26940.0,golfer,4,#007cbf,,,,,,,,
golfer_group_23,38.02950783586713,-84.46589247630982,27000.0,golfer,4,#007cbf,,,,,,,,
golfer_group_23,38.029229042697295,-84.46577864695813,27060.0,golfer,4,#007cbf,,,,,,,,
golfer_group_23,38.02895024952746,-84.46566481760644,27120.0,golfer,4,#007cbf,,,,,,,,
golfer_group_23,38.02867145635763,-84.46555098825475,27180.0,golfer,4,#007cbf,,,,,,,,
golfer_group_23,38.02839266318779,-84.46543715890306,27240.0,golfer,4,#007cbf,,,,,,,,
golfer_group_23,38.02811294382565,-84.46532834232956,27300.0,golfer,4,#007cbf,,,,,,,,
golfer_group_23,38.02782336017175,-84.46527291370359,27360.0,golfer,4,#007cbf,,,,,,,,
golfer_group_23,38.02753377651786,-84.46521748507763,27420.0,golfer,4,#007cbf,,,,,,,,
golfer_group_23,38.027244192863975,-84.46516205645167,27480.0,golfer,4,#007cbf,,,,,,,,
golfer_group_23,38.02695460921009,-84.46510662782572,27540.0,golfer,4,#007cbf,,,,,,,,
golfer_group_23,38.02666502555619,-84.46505119919976,27600.0,golfer,4,#007cbf,,,,,,,,
golfer_group_23,38.02637326063661,-84.4650346343973,27660.0,golfer,4,#007cbf,,,,,,,,
golfer_group_23,38.02608041188864,-84.46503738027086,27720.0,golfer,4,#007cbf,,,,,,,,
golfer_group_23,38.025787563140675,-84.46504012614442,27780.0,golfer,2,#007cbf,,,,,,,,
golfer_group_23,38.025494714392714,-84.46504287201797,27840.0,golfer,4,#007cbf,,,,,,,,
golfer_group_23,38.02556401049359,-84.4653626218534,27900.0,golfer,4,#007cbf,,,,,,,,
golfer_group_23,38.025666096931715,-84.46571107475296,27960.0,golfer,4,#007cbf,,,,,,,,
golfer_group_23,38.02576818336984,-84.46605952765252,28020.0,golfer,4,#007cbf,,,,,,,,
golfer_group_23,38.02587026980797,-84.46640798055208,28080.0,golfer,4,#007cbf,,,,,,,,
golfer_group_23,38.02597235624609,-84.46675643345164,28140.0,golfer,4,#007cbf,,,,,,,,
golfer_group_23,38.02607444268422,-84.46710488635118,28200.0,golfer,4,#007cbf,,,,,,,,
golfer_group_23,38.026176529122345,-84.46745333925074,28260.0,golfer,4,#007cbf,,,,,,,,
golfer_group_23,38.02627861556047,-84.4678017921503,28320.0,golfer,4,#007cbf,,,,,,,,
golfer_group_23,38.026391551516966,-84.46814347235242,28380.0,golfer,4,#007cbf,,,,,,,,
golfer_group_23,38.0265466275618,-84.46845884704874,28440.0,golfer,4,#007cbf,,,,,,,,
golfer_group_23,38.02670170360664,-84.46877422174504,28500.0,golfer,4,#007cbf,,,,,,,,
golfer_group_23,38.02685677965148,-84.46908959644135,28560.0,golfer,4,#007cbf,,,,,,,,
golfer_group_23,38.027011855696315,-84.46940497113766,28620.0,golfer,4,#007cbf,,,,,,,,
golfer_group_23,38.027202562026105,-84.46967624119414,28680.0,golfer,4,#007cbf,,,,,,,,
golfer_group_23,38.027447,-84.469881,28740.0,golfer,1,#007cbf,,,,,,,,
golfer_group_24,38.027447,-84.469881,14940.0,golfer,1,#007cbf,,,,,,,,
golfer_group_24,38.02754627606764,-84.46962578282717,15000.0,golfer,1,#007cbf,,,,,,,,
golfer_group_24,38.02744283462056,-84.4692779685763,15060.0,golfer,1,#007cbf,,,,,,,,
golfer_group_24,38.02733939317348,-84.46893015432545,15120.0,golfer,1,#007cbf,,,,,,,,
golfer_group_24,38.0272359517264,-84.46858234007459,15180.0,golfer,1,#007cbf,,,,,,,,
golfer_group_24,38.027132510279316,-84.46823452582373,15240.0,golfer,1,#007cbf,,,,,,,,
golfer_group_24,38.027029068832235,-84.46788671157287,15300.0,golfer,1,#007cbf,,,,,,,,
golfer_group_24,38.026925627385154,-84.46753889732202,15360.0,golfer,1,#007cbf,,,,,,,,
golfer_group_24,38.02682218593807,-84.46719108307117,15420.0,golfer,1,#007cbf,,,,,,,,
golfer_group_24,38.026707885382585,-84.46684997010087,15480.0,golfer,1,#007cbf,,,,,,,,
golfer_group_24,38.0265563489919,-84.46653183579225,15540.0,golfer,1,#007cbf,,,,,,,,
golfer_group_24,38.02640481260122,-84.46621370148365,15600.0,golfer,1,#007cbf,,,,,,,,
golfer_group_24,38.02625327621054,-84.46589556717504,15660.0,golfer,1,#007cbf,,,,,,,,
golfer_group_24,38.026097865476636,-84.4655806681031,15720.0,golfer,1,#007cbf,,,,,,,,
golfer_group_24,38.02592778516153,-84.46527801873756,15780.0,golfer,4,#007cbf,,,,,,,,
golfer_group_24,38.02575770484643,-84.46497536937204,15840.0,golfer,2,#007cbf,,,,,,,,
golfer_group_24,38.02580429978306,-84.46478189846547,15900.0,golfer,2,#007cbf,,,,,,,,
golfer_group_24,38.02609158193444,-84.46470970518055,15960.0,golfer,2,#007cbf,,,,,,,,
golfer_group_24,38.02637886408582,-84.46463751189565,16020.0,golfer,2,#007cbf,,,,,,,,
golfer_group_24,38.0266661462372,-84.46456531861072,16080.0,golfer,2,#007cbf,,,,,,,,
golfer_group_24,38.02695342838857,-84.4644931253258,16140.0,golfer,2,#007cbf,,,,,,,,
golfer_group_24,38.02723262500985,-84.46440936561527,16200.0,golfer,2,#007cbf,,,,,,,,
golfer_group_24,38.02732323296244,-84.46405582806928,16260.0,golfer,2,#007cbf,,,,,,,,
golfer_group_24,38.027413840915024,-84.46370229052329,16320.0,golfer,3,#007cbf,,,,,,,,
golfer_group_24,38.02755613921936,-84.46339199540722,16380.0,golfer,3,#007cbf,,,,,,,,
golfer_group_24,38.02777631020529,-84.46314684598785,16440.0,golfer,3,#007cbf,,,,,,,,
golfer_group_24,38.027996481191224,-84.4629016965685,16500.0,golfer,3,#007cbf,,,,,,,,
golfer_group_24,38.028216652177164,-84.46265654714912,16560.0,golfer,3,#007cbf,,,,,,,,
golfer_group_24,38.0284368231631,-84.46241139772975,16620.0,golfer,3,#007cbf,,,,,,,,
golfer_group_24,38.02865699414903,-84.4621662483104,16680.0,golfer,3,#007cbf,,,,,,,,
golfer_group_24,38.02887716513497,-84.46192109889103,16740.0,golfer,3,#007cbf,,,,,,,,
golfer_group_24,38.029097336120905,-84.46167594947165,16800.0,golfer,3,#007cbf,,,,,,,,
golfer_group_24,38.02932048603734,-84.46143527844885,16860.0,golfer,3,#007cbf,,,,,,,,
golfer_group_24,38.02954781666501,-84.4612008925283,16920.0,golfer,3,#007cbf,,,,,,,,
golfer_group_24,38.029775147292675,-84.46096650660775,16980.0,golfer,3,#007cbf,,,,,,,,
golfer_group_24,38.03000247792034,-84.46073212068718,17040.0,golfer,3,#007cbf,,,,,,,,
golfer_group_24,38.03022980854801,-84.46049773476663,17100.0,golfer,3,#007cbf,,,,,,,,
golfer_group_24,38.03028198771919,-84.46029007968264,17160.0,golfer,3,#007cbf,,,,,,,,
golfer_group_24,38.030017377451664,-84.46013077159431,17220.0,golfer,4,#007cbf,,,,,,,,
golfer_group_24,38.02974997117584,-84.46003134117494,17280.0,golfer,4,#007cbf,,,,,,,,
golfer_group_24,38.029472388508275,-84.46014984237516,17340.0,golfer,4,#007cbf,,,,,,,,
golfer_group_24,38.02919480584071,-84.46026834357538,17400.0,golfer,4,#007cbf,,,,,,,,
golfer_group_24,38.02891722317315,-84.46038684477558,17460.0,golfer,4,#007cbf,,,,,,,,
golfer_group_24,38.02863964050559,-84.4605053459758,17520.0,golfer,4,#007cbf,,,,,,,,
golfer_group_24,38.02846819932939,-84.46074999771898,17580.0,golfer,4,#007cbf,,,,,,,,
golfer_group_24,38.028356651102726,-84.46108459413088,17640.0,golfer,4,#007cbf,,,,,,,,
golfer_group_24,38.028163251425084,-84.46136377382878,17700.0,golfer,4,#007cbf,,,,,,,,
golfer_group_24,38.02796985174745,-84.46164295352668,17760.0,golfer,4,#007cbf,,,,,,,,
golfer_group_24,38.02777645206981,-84.46192213322458,17820.0,golfer,4,#007cbf,,,,,,,,
golfer_group_24,38.027583052392174,-84.46220131292247,17880.0,golfer,4,#007cbf,,,,,,,,
golfer_group_24,38.02739313138997,-84.4624841808364,17940.0,golfer,4,#007cbf,,,,,,,,
golfer_group_24,38.02721114487077,-84.46277546117278,18000.0,golfer,4,#007cbf,,,,,,,,
golfer_group_24,38.02702915835156,-84.46306674150915,18060.0,golfer,4,#007cbf,,,,,,,,
golfer_group_24,38.02684717183235,-84.46335802184554,18120.0,golfer,4,#007cbf,,,,,,,,
golfer_group_24,38.027030664719845,-84.46345337202217,18180.0,golfer,4,#007cbf,,,,,,,,
golfer_group_24,38.02732202605173,-84.46349089491457,18240.0,golfer,3,#ffe6cc,,,,,,,,
golfer_group_24,38.02761338738361,-84.46352841780696,18300.0,golfer,3,#ffe6cc,,,,,,,,
golfer_group_24,38.02787761975422,-84.46365295047241,18360.0,golfer,4,#ffe6cc,,,,,,,,
golfer_group_24,38.02811027773896,-84.46387875056652,18420.0,golfer,4,#ffe6cc,,,,,,,,
golfer_group_24,38.02834293572369,-84.46410455066062,18480.0,golfer,4,#ffe6cc,,,,,,,,
golfer_group_24,38.028575593708425,-84.46433035075472,18540.0,golfer,4,#ffe6cc,,,,,,,,
golfer_group_24,38.028808251693164,-84.46455615084882,18600.0,golfer,4,#ffe6cc,,,,,,,,
golfer_group_24,38.029040909677896,-84.46478195094294,18660.0,golfer,4,#ffe6cc,,,,,,,,
golfer_group_24,38.02927356766263,-84.46500775103704,18720.0,golfer,4,#ffe6cc,,,,,,,,
golfer_group_24,38.02950622564737,-84.46523355113113,18780.0,golfer,4,#ffe6cc,,,,,,,,
golfer_group_24,38.02975350361947,-84.4654282954189,18840.0,golfer,4,#ffcc99,,,,,,,,
golfer_group_24,38.030020352724144,-84.46558146666777,18900.0,golfer,4,#ffcc99,,,,,,,,
golfer_group_24,38.03028720182882,-84.46573463791665,18960.0,golfer,4,#ffcc99,,,,,,,,
golfer_group_24,38.030554050933496,-84.46588780916554,19020.0,golfer,4,#ffcc99,,,,,,,,
golfer_group_24,38.0308144451061,-84.46601508231271,19080.0,golfer,4,#ffcc99,,,,,,,,
golfer_group_24,38.03096331555731,-84.46569490649415,19140.0,golfer,4,#00b894,,,,,,,,
golfer_group_24,38.03100160851583,-84.46532942233877,19200.0,golfer,4,#00b894,,,,,,,,
golfer_group_24,38.03102825601745,-84.4649591665407,19260.0,golfer,4,#00b894,,,,,,,,
golfer_group_24,38.03105490351906,-84.46458891074262,19320.0,golfer,4,#00b894,,,,,,,,
golfer_group_24,38.031081551020684,-84.46421865494455,19380.0,golfer,4,#00b894,,,,,,,,
golfer_group_24,38.031108198522304,-84.46384839914647,19440.0,golfer,4,#00b894,,,,,,,,
golfer_group_24,38.03113484602392,-84.4634781433484,19500.0,golfer,4,#00b894,,,,,,,,
golfer_group_24,38.03116149352554,-84.46310788755032,19560.0,golfer,4,#00b894,,,,,,,,
golfer_group_24,38.031127268705696,-84.46274982308951,19620.0,golfer,4,#00b894,,,,,,,,
golfer_group_24,38.031012137391194,-84.4624079623538,19680.0,golfer,4,#00b894,,,,,,,,
golfer_group_24,38.03089700607669,-84.46206610161808,19740.0,golfer,4,#00b894,,,,,,,,
golfer_group_24,38.0307818747622,-84.46172424088235,19800.0,golfer,4,#00b894,,,,,,,,
golfer_group_24,38.030666743447696,-84.46138238014663,19860.0,golfer,4,#00b894,,,,,,,,
golfer_group_24,38.030551612133195,-84.46104051941091,19920.0,golfer,4,#00b894,,,,,,,,
golfer_group_24,38.03081531898336,-84.46091137688049,19980.0,golfer,4,#00b894,,,,,,,,
golfer_group_24,38.0310279411826,-84.46098091912485,20040.0,golfer,4,#00b894,,,,,,,,
golfer_group_24,38.03115090321037,-84.46131835889211,20100.0,golfer,4,#00b894,,,,,,,,
golfer_group_24,38.031273865238134,-84.46165579865938,20160.0,golfer,4,#00b894,,,,,,,,
golfer_group_24,38.03139682726591,-84.46199323842663,20220.0,golfer,4,#00b894,,,,,,,,
golfer_group_24,38.031519789293675,-84.4623306781939,20280.0,golfer,4,#00b894,,,,,,,,
golfer_group_24,38.03164275132144,-84.46266811796116,20340.0,golfer,4,#00b894,,,,,,,,
golfer_group_24,38.03176571334921,-84.46300555772842,20400.0,golfer,4,#00b894,,,,,,,,
golfer_group_24,38.031888675376976,-84.46334299749569,20460.0,golfer,4,#00b894,,,,,,,,
golfer_group_24,38.031909837946635,-84.46368872876327,20520.0,golfer,4,#00b894,,,,,,,,
golfer_group_24,38.03182184589159,-84.46404335060477,20580.0,golfer,4,#00b894,,,,,,,,
golfer_group_24,38.03173385383655,-84.46439797244628,20640.0,golfer,4,#00b894,,,,,,,,
golfer_group_24,38.031645861781506,-84.46475259428779,20700.0,golfer,4,#00b894,,,,,,,,
golfer_group_24,38.03155786972646,-84.46510721612928,20760.0,golfer,4,#00b894,,,,,,,,
golfer_group_24,38.03146987767142,-84.46546183797079,20820.0,golfer,4,#00b894,,,,,,,,
golfer_group_24,38.03131864912918,-84.46576966145622,20880.0,golfer,4,#00b894,,,,,,,,
golfer_group_24,38.0311189562348,-84.46604161874937,20940.0,golfer,4,#00b894,,,,,,,,
golfer_group_24,38.030919263340415,-84.46631357604252,21000.0,golfer,4,#00b894,,,,,,,,
golfer_group_24,38.030718115722834,-84.46658350967269,21060.0,golfer,4,#00b894,,,,,,,,
golfer_group_24,38.0304866033238,-84.46681120290668,21120.0,golfer,4,#00b894,,,,,,,,
golfer_group_24,38.030255090924776,-84.46703889614066,21180.0,golfer,4,#00b894,,,,,,,,
golfer_group_24,38.03002357852575,-84.46726658937465,21240.0,golfer,4,#00b894,,,,,,,,
golfer_group_24,38.02979206612672,-84.46749428260863,21300.0,golfer,4,#00b894,,,,,,,,
golfer_group_24,38.02956055372769,-84.46772197584261,21360.0,golfer,4,#00b894,,,,,,,,
golfer_group_24,38.02932904132866,-84.4679496690766,21420.0,golfer,4,#00b894,,,,,,,,
golfer_group_24,38.02909752892963,-84.46817736231058,21480.0,golfer,4,#00b894,,,,,,,,
golfer_group_24,38.0288660165306,-84.46840505554457,21540.0,golfer,4,#00b894,,,,,,,,
golfer_group_24,38.02869804015225,-84.46870681462924,21600.0,golfer,4,#00b894,,,,,,,,
golfer_group_24,38.028539024924726,-84.46901901999702,21660.0,golfer,4,#00b894,,,,,,,,
golfer_group_24,38.0283800096972,-84.46933122536481,21720.0,golfer,4,#00b894,,,,,,,,
golfer_group_24,38.028129065075696,-84.46949162304078,21780.0,golfer,4,#00b894,,,,,,,,
golfer_group_24,38.02785052807789,-84.46960645602002,21840.0,golfer,1,#00b894,,,,,,,,
golfer_group_24,38.027571991080094,-84.46972128899925,21900.0,golfer,1,#00b894,,,,,,,,
golfer_group_24,38.02729345408229,-84.4698361219785,21960.0,golfer,4,#00b894,,,,,,,,
golfer_group_24,38.027014917084486,-84.46995095495774,22020.0,golfer,4,#00b894,,,,,,,,
golfer_group_24,38.02677219339408,-84.46990690842384,22080.0,golfer,4,#00b894,,,,,,,,
golfer_group_24,38.026583670283,-84.46962241044099,22140.0,golfer,4,#00b894,,,,,,,,
golfer_group_24,38.02639514717193,-84.46933791245814,22200.0,golfer,4,#00b894,,,,,,,,
golfer_group_24,38.026206624060855,-84.4690534144753,22260.0,golfer,4,#00b894,,,,,,,,
golfer_group_24,38.02601810094978,-84.46876891649245,22320.0,golfer,4,#00b894,,,,,,,,
golfer_group_24,38.0258295778387,-84.4684844185096,22380.0,golfer,4,#00b894,,,,,,,,
golfer_group_24,38.02564105472762,-84.46819992052676,22440.0,golfer,4,#00b894,,,,,,,,
golfer_group_24,38.02539873776804,-84.4680332578427,22500.0,golfer,4,#00b894,,,,,,,,
golfer_group_24,38.02511056304286,-84.46796704648648,22560.0,golfer,4,#00b894,,,,,,,,
golfer_group_24,38.02482238831767,-84.46790083513027,22620.0,golfer,4,#00b894,,,,,,,,
golfer_group_24,38.02466098715723,-84.46791926274804,22680.0,golfer,4,#00b894,,,,,,,,
golfer_group_24,38.0248672597656,-84.46818316370741,22740.0,golfer,4,#00b894,,,,,,,,
golfer_group_24,38.025073532373966,-84.46844706466678,22800.0,golfer,4,#00b894,,,,,,,,
golfer_group_24,38.02498232223591,-84.46858500193528,22860.0,golfer,4,#00b894,,,,,,,,
golfer_group_24,38.024692555469876,-84.46863886398934,22920.0,golfer,4,#00b894,,,,,,,,
golfer_group_24,38.02440278870384,-84.4686927260434,22980.0,golfer,4,#00b894,,,,,,,,
golfer_group_24,38.0241130219378,-84.46874658809746,23040.0,golfer,4,#00b894,,,,,,,,
golfer_group_24,38.02382325517176,-84.46880045015152,23100.0,golfer,4,#00b894,,,,,,,,
golfer_group_24,38.023533488405725,-84.46885431220558,23160.0,golfer,4,#00b894,,,,,,,,
golfer_group_24,38.02325287292604,-84.46895459002404,23220.0,golfer,4,#00b894,,,,,,,,
golfer_group_24,38.023120094224296,-84.46908677293466,23280.0,golfer,4,#00b894,,,,,,,,
golfer_group_24,38.02338797984743,-84.46923698741324,23340.0,golfer,4,#00b894,,,,,,,,
golfer_group_24,38.02365586547056,-84.46938720189182,23400.0,golfer,4,#00b894,,,,,,,,
golfer_group_24,38.02392375109368,-84.4695374163704,23460.0,golfer,4,#00b894,,,,,,,,
golfer_group_24,38.024191636716814,-84.46968763084898,23520.0,golfer,4,#00b894,,,,,,,,
golfer_group_24,38.024459522339946,-84.46983784532756,23580.0,golfer,4,#00b894,,,,,,,,
golfer_group_24,38.02472740796308,-84.46998805980614,23640.0,golfer,4,#00b894,,,,,,,,
golfer_group_24,38.0249952935862,-84.47013827428472,23700.0,golfer,4,#00b894,,,,,,,,
golfer_group_24,38.02526317920933,-84.4702884887633,23760.0,golfer,4,#00b894,,,,,,,,
golfer_group_24,38.02549053793203,-84.47051685206469,23820.0,golfer,4,#00b894,,,,,,,,
golfer_group_24,38.02570511747455,-84.47076985771169,23880.0,golfer,4,#00b894,,,,,,,,
golfer_group_24,38.025919697017066,-84.4710228633587,23940.0,golfer,4,#00b894,,,,,,,,
golfer_group_24,38.02613427655959,-84.4712758690057,24000.0,golfer,4,#00b894,,,,,,,,
golfer_group_24,38.02634885610211,-84.4715288746527,24060.0,golfer,4,#00b894,,,,,,,,
golfer_group_24,38.026563435644626,-84.4717818802997,24120.0,golfer,4,#00b894,,,,,,,,
golfer_group_24,38.02678243981026,-84.47202860408251,24180.0,golfer,4,#00b894,,,,,,,,
golfer_group_24,38.02668611647238,-84.47218057293104,24240.0,golfer,4,#00b894,,,,,,,,
golfer_group_24,38.02640386024167,-84.4722796932027,24300.0,golfer,4,#00b894,,,,,,,,
golfer_group_24,38.02612160401096,-84.47237881347434,24360.0,golfer,4,#00b894,,,,,,,,
golfer_group_24,38.02583934778024,-84.47247793374599,24420.0,golfer,4,#00b894,,,,,,,,
golfer_group_24,38.02555709154953,-84.47257705401765,24480.0,golfer,4,#00b894,,,,,,,,
golfer_group_24,38.025278899056985,-84.47258808504574,24540.0,golfer,4,#00b894,,,,,,,,
golfer_group_24,38.02505413568005,-84.47238241246707,24600.0,golfer,4,#00b894,,,,,,,,
golfer_group_24,38.02491621232278,-84.47205445775451,24660.0,golfer,4,#00b894,,,,,,,,
golfer_group_24,38.02477828896551,-84.47172650304194,24720.0,golfer,4,#00b894,,,,,,,,
golfer_group_24,38.024640365608235,-84.47139854832938,24780.0,golfer,4,#00b894,,,,,,,,
golfer_group_24,38.02450244225096,-84.4710705936168,24840.0,golfer,4,#00b894,,,,,,,,
golfer_group_24,38.02436451889369,-84.47074263890424,24900.0,golfer,4,#00b894,,,,,,,,
golfer_group_24,38.02422659553642,-84.47041468419167,24960.0,golfer,4,#00b894,,,,,,,,
golfer_group_24,38.02408867217915,-84.4700867294791,25020.0,golfer,4,#00b894,,,,,,,,
golfer_group_24,38.023830177494666,-84.46991493651929,25080.0,golfer,4,#00b894,,,,,,,,
golfer_group_24,38.02356911857893,-84.46974646470437,25140.0,golfer,4,#00b894,,,,,,,,
golfer_group_24,38.0233080596632,-84.46957799288944,25200.0,golfer,4,#00b894,,,,,,,,
golfer_group_24,38.02304700074746,-84.46940952107451,25260.0,golfer,4,#00b894,,,,,,,,
golfer_group_24,38.0227847606833,-84.46924457405959,25320.0,golfer,4,#00b894,,,,,,,,
golfer_group_24,38.02250809559787,-84.46912267439926,25380.0,golfer,4,#00b894,,,,,,,,
golfer_group_24,38.022527943550884,-84.46893235209967,25440.0,golfer,4,#00b894,,,,,,,,
golfer_group_24,38.02275311404551,-84.46869465006165,25500.0,golfer,4,#00b894,,,,,,,,
golfer_group_24,38.02297828454014,-84.46845694802364,25560.0,golfer,4,#00b894,,,,,,,,
golfer_group_24,38.02320345503476,-84.46821924598564,25620.0,golfer,4,#00b894,,,,,,,,
golfer_group_24,38.023428625529384,-84.46798154394763,25680.0,golfer,4,#00b894,,,,,,,,
golfer_group_24,38.02365379602401,-84.46774384190961,25740.0,golfer,4,#00b894,,,,,,,,
golfer_group_24,38.02387896651864,-84.4675061398716,25800.0,golfer,4,#00b894,,,,,,,,
golfer_group_24,38.02410413701326,-84.4672684378336,25860.0,golfer,4,#00b894,,,,,,,,
golfer_group_24,38.024329307507884,-84.46703073579559,25920.0,golfer,4,#00b894,,,,,,,,
golfer_group_24,38.024516630016976,-84.46674714202182,25980.0,golfer,4,#00b894,,,,,,,,
golfer_group_24,38.02469334505099,-84.4664506863893,26040.0,golfer,4,#00b894,,,,,,,,
golfer_group_24,38.02487006008501,-84.46615423075679,26100.0,golfer,4,#00b894,,,,,,,,
golfer_group_24,38.02504677511902,-84.46585777512426,26160.0,golfer,4,#00b894,,,,,,,,
golfer_group_24,38.02525798622544,-84.46562593134438,26220.0,golfer,4,#00b894,,,,,,,,
golfer_group_24,38.025540368765746,-84.46552739312297,26280.0,golfer,4,#00b894,,,,,,,,
golfer_group_24,38.02582275130605,-84.46542885490156,26340.0,golfer,4,#00b894,,,,,,,,
golfer_group_24,38.02610513384636,-84.46533031668015,26400.0,golfer,4,#00b894,,,,,,,,
golfer_group_24,38.02637936666449,-84.46537020680762,26460.0,golfer,4,#00b894,,,,,,,,
golfer_group_24,38.02664707383,-84.4655209394031,26520.0,golfer,4,#00b894,,,,,,,,
golfer_group_24,38.026914780995504,-84.46567167199859,26580.0,golfer,4,#00b894,,,,,,,,
golfer_group_24,38.02718248816101,-84.46582240459409,26640.0,golfer,4,#00b894,,,,,,,,
golfer_group_24,38.027450195326516,-84.46597313718958,26700.0,golfer,4,#00b894,,,,,,,,
golfer_group_24,38.02771790249202,-84.46612386978506,26760.0,golfer,4,#00b894,,,,,,,,
golfer_group_24,38.027985609657534,-84.46627460238055,26820.0,golfer,4,#00b894,,,,,,,,
golfer_group_24,38.02825331682304,-84.46642533497604,26880.0,golfer,4,#00b894,,,,,,,,
golfer_group_24,38.02854411583699,-84.46643446747252,26940.0,golfer,4,#00b894,,,,,,,,
golfer_group_24,38.02883696025459,-84.46643105747557,27000.0,golfer,4,#00b894,,,,,,,,
golfer_group_24,38.02912980467218,-84.46642764747862,27060.0,golfer,4,#00b894,,,,,,,,
golfer_group_24,38.029422649089774,-84.46642423748168,27120.0,golfer,4,#00b894,,,,,,,,
golfer_group_24,38.029714660100595,-84.46640554510962,27180.0,golfer,4,#00b894,,,,,,,,
golfer_group_24,38.03000508074206,-84.46635768976212,27240.0,golfer,4,#00b894,,,,,,,,
golfer_group_24,38.03029550138352,-84.46630983441462,27300.0,golfer,4,#00b894,,,,,,,,
golfer_group_24,38.03034421537664,-84.46623396436489,27360.0,golfer,4,#00b894,,,,,,,,
golfer_group_24,38.0300654222068,-84.4661201350132,27420.0,golfer,4,#00b894,,,,,,,,
golfer_group_24,38.02978662903697,-84.46600630566151,27480.0,golfer,4,#00b894,,,,,,,,
golfer_group_24,38.02950783586713,-84.46589247630982,27540.0,golfer,4,#00b894,,,,,,,,
golfer_group_24,38.029229042697295,-84.46577864695813,27600.0,golfer,4,#00b894,,,,,,,,
golfer_group_24,38.02895024952746,-84.46566481760644,27660.0,golfer,4,#00b894,,,,,,,,
golfer_group_24,38.02867145635763,-84.46555098825475,27720.0,golfer,4,#00b894,,,,,,,,
golfer_group_24,38.02839266318779,-84.46543715890306,27780.0,golfer,4,#00b894,,,,,,,,
golfer_group_24,38.02811294382565,-84.46532834232956,27840.0,golfer,4,#00b894,,,,,,,,
golfer_group_24,38.02782336017175,-84.46527291370359,27900.0,golfer,4,#00b894,,,,,,,,
golfer_group_24,38.02753377651786,-84.46521748507763,27960.0,golfer,4,#00b894,,,,,,,,
golfer_group_24,38.027244192863975,-84.46516205645167,28020.0,golfer,4,#00b894,,,,,,,,
golfer_group_24,38.02695460921009,-84.46510662782572,28080.0,golfer,4,#00b894,,,,,,,,
golfer_group_24,38.02666502555619,-84.46505119919976,28140.0,golfer,4,#00b894,,,,,,,,
golfer_group_24,38.02637326063661,-84.4650346343973,28200.0,golfer,4,#00b894,,,,,,,,
golfer_group_24,38.02608041188864,-84.46503738027086,28260.0,golfer,4,#00b894,,,,,,,,
golfer_group_24,38.025787563140675,-84.46504012614442,28320.0,golfer,2,#00b894,,,,,,,,
golfer_group_24,38.025494714392714,-84.46504287201797,28380.0,golfer,4,#00b894,,,,,,,,
golfer_group_24,38.02556401049359,-84.4653626218534,28440.0,golfer,4,#00b894,,,,,,,,
golfer_group_24,38.025666096931715,-84.46571107475296,28500.0,golfer,4,#00b894,,,,,,,,
golfer_group_24,38.02576818336984,-84.46605952765252,28560.0,golfer,4,#00b894,,,,,,,,
golfer_group_24,38.02587026980797,-84.46640798055208,28620.0,golfer,4,#00b894,,,,,,,,
golfer_group_24,38.02597235624609,-84.46675643345164,28680.0,golfer,4,#00b894,,,,,,,,
golfer_group_24,38.02607444268422,-84.46710488635118,28740.0,golfer,4,#00b894,,,,,,,,
golfer_group_24,38.026176529122345,-84.46745333925074,28800.0,golfer,4,#00b894,,,,,,,,
golfer_group_24,38.02627861556047,-84.4678017921503,28860.0,golfer,4,#00b894,,,,,,,,
golfer_group_24,38.026391551516966,-84.46814347235242,28920.0,golfer,4,#00b894,,,,,,,,
golfer_group_24,38.0265466275618,-84.46845884704874,28980.0,golfer,4,#00b894,,,,,,,,
golfer_group_24,38.02670170360664,-84.46877422174504,29040.0,golfer,4,#00b894,,,,,,,,
golfer_group_24,38.02685677965148,-84.46908959644135,29100.0,golfer,4,#00b894,,,,,,,,
golfer_group_24,38.027011855696315,-84.46940497113766,29160.0,golfer,4,#00b894,,,,,,,,
golfer_group_24,38.027202562026105,-84.46967624119414,29220.0,golfer,4,#00b894,,,,,,,,
golfer_group_24,38.027447,-84.469881,29280.0,golfer,1,#00b894,,,,,,,,
golfer_group_25,38.027447,-84.469881,15480.0,golfer,1,#007cbf,,,,,,,,
golfer_group_25,38.02754627606764,-84.46962578282717,15540.0,golfer,1,#007cbf,,,,,,,,
golfer_group_25,38.02744283462056,-84.4692779685763,15600.0,golfer,1,#007cbf,,,,,,,,
golfer_group_25,38.02733939317348,-84.46893015432545,15660.0,golfer,1,#007cbf,,,,,,,,
golfer_group_25,38.0272359517264,-84.46858234007459,15720.0,golfer,1,#007cbf,,,,,,,,
golfer_group_25,38.027132510279316,-84.46823452582373,15780.0,golfer,1,#007cbf,,,,,,,,
golfer_group_25,38.027029068832235,-84.46788671157287,15840.0,golfer,1,#007cbf,,,,,,,,
golfer_group_25,38.026925627385154,-84.46753889732202,15900.0,golfer,1,#007cbf,,,,,,,,
golfer_group_25,38.02682218593807,-84.46719108307117,15960.0,golfer,1,#007cbf,,,,,,,,
golfer_group_25,38.026707885382585,-84.46684997010087,16020.0,golfer,1,#007cbf,,,,,,,,
golfer_group_25,38.0265563489919,-84.46653183579225,16080.0,golfer,1,#007cbf,,,,,,,,
golfer_group_25,38.02640481260122,-84.46621370148365,16140.0,golfer,1,#007cbf,,,,,,,,
golfer_group_25,38.02625327621054,-84.46589556717504,16200.0,golfer,1,#007cbf,,,,,,,,
golfer_group_25,38.026097865476636,-84.4655806681031,16260.0,golfer,1,#007cbf,,,,,,,,
golfer_group_25,38.02592778516153,-84.46527801873756,16320.0,golfer,4,#007cbf,,,,,,,,
golfer_group_25,38.02575770484643,-84.46497536937204,16380.0,golfer,2,#007cbf,,,,,,,,
golfer_group_25,38.02580429978306,-84.46478189846547,16440.0,golfer,2,#007cbf,,,,,,,,
golfer_group_25,38.02609158193444,-84.46470970518055,16500.0,golfer,2,#007cbf,,,,,,,,
golfer_group_25,38.02637886408582,-84.46463751189565,16560.0,golfer,2,#007cbf,,,,,,,,
golfer_group_25,38.0266661462372,-84.46456531861072,16620.0,golfer,2,#007cbf,,,,,,,,
golfer_group_25,38.02695342838857,-84.4644931253258,16680.0,golfer,2,#007cbf,,,,,,,,
golfer_group_25,38.02723262500985,-84.46440936561527,16740.0,golfer,2,#007cbf,,,,,,,,
golfer_group_25,38.02732323296244,-84.46405582806928,16800.0,golfer,2,#007cbf,,,,,,,,
golfer_group_25,38.027413840915024,-84.46370229052329,16860.0,golfer,3,#007cbf,,,,,,,,
golfer_group_25,38.02755613921936,-84.46339199540722,16920.0,golfer,3,#007cbf,,,,,,,,
golfer_group_25,38.02777631020529,-84.46314684598785,16980.0,golfer,3,#007cbf,,,,,,,,
golfer_group_25,38.027996481191224,-84.4629016965685,17040.0,golfer,3,#007cbf,,,,,,,,
golfer_group_25,38.028216652177164,-84.46265654714912,17100.0,golfer,3,#007cbf,,,,,,,,
golfer_group_25,38.0284368231631,-84.46241139772975,17160.0,golfer,3,#007cbf,,,,,,,,
golfer_group_25,38.02865699414903,-84.4621662483104,17220.0,golfer,3,#007cbf,,,,,,,,
golfer_group_25,38.02887716513497,-84.46192109889103,17280.0,golfer,3,#007cbf,,,,,,,,
golfer_group_25,38.029097336120905,-84.46167594947165,17340.0,golfer,3,#007cbf,,,,,,,,
golfer_group_25,38.02932048603734,-84.46143527844885,17400.0,golfer,3,#007cbf,,,,,,,,
golfer_group_25,38.02954781666501,-84.4612008925283,17460.0,golfer,3,#007cbf,,,,,,,,
golfer_group_25,38.029775147292675,-84.46096650660775,17520.0,golfer,3,#007cbf,,,,,,,,
golfer_group_25,38.03000247792034,-84.46073212068718,17580.0,golfer,3,#007cbf,,,,,,,,
golfer_group_25,38.03022980854801,-84.46049773476663,17640.0,golfer,3,#007cbf,,,,,,,,
golfer_group_25,38.03028198771919,-84.46029007968264,17700.0,golfer,3,#007cbf,,,,,,,,
golfer_group_25,38.030017377451664,-84.46013077159431,17760.0,golfer,4,#007cbf,,,,,,,,
golfer_group_25,38.02974997117584,-84.46003134117494,17820.0,golfer,4,#007cbf,,,,,,,,
golfer_group_25,38.029472388508275,-84.46014984237516,17880.0,golfer,4,#007cbf,,,,,,,,
golfer_group_25,38.02919480584071,-84.46026834357538,17940.0,golfer,4,#007cbf,,,,,,,,
golfer_group_25,38.02891722317315,-84.46038684477558,18000.0,golfer,4,#007cbf,,,,,,,,
golfer_group_25,38.02863964050559,-84.4605053459758,18060.0,golfer,4,#007cbf,,,,,,,,
golfer_group_25,38.02846819932939,-84.46074999771898,18120.0,golfer,4,#007cbf,,,,,,,,
golfer_group_25,38.028356651102726,-84.46108459413088,18180.0,golfer,4,#007cbf,,,,,,,,
golfer_group_25,38.028163251425084,-84.46136377382878,18240.0,golfer,4,#007cbf,,,,,,,,
golfer_group_25,38.02796985174745,-84.46164295352668,18300.0,golfer,4,#007cbf,,,,,,,,
golfer_group_25,38.02777645206981,-84.46192213322458,18360.0,golfer,4,#007cbf,,,,,,,,
golfer_group_25,38.027583052392174,-84.46220131292247,18420.0,golfer,4,#007cbf,,,,,,,,
golfer_group_25,38.02739313138997,-84.4624841808364,18480.0,golfer,4,#007cbf,,,,,,,,
golfer_group_25,38.02721114487077,-84.46277546117278,18540.0,golfer,4,#007cbf,,,,,,,,
golfer_group_25,38.02702915835156,-84.46306674150915,18600.0,golfer,4,#007cbf,,,,,,,,
golfer_group_25,38.02684717183235,-84.46335802184554,18660.0,golfer,4,#007cbf,,,,,,,,
golfer_group_25,38.027030664719845,-84.46345337202217,18720.0,golfer,4,#007cbf,,,,,,,,
golfer_group_25,38.02732202605173,-84.46349089491457,18780.0,golfer,3,#007cbf,,,,,,,,
golfer_group_25,38.02761338738361,-84.46352841780696,18840.0,golfer,3,#007cbf,,,,,,,,
golfer_group_25,38.02787761975422,-84.46365295047241,18900.0,golfer,4,#007cbf,,,,,,,,
golfer_group_25,38.02811027773896,-84.46387875056652,18960.0,golfer,4,#007cbf,,,,,,,,
golfer_group_25,38.02834293572369,-84.46410455066062,19020.0,golfer,4,#007cbf,,,,,,,,
golfer_group_25,38.028575593708425,-84.46433035075472,19080.0,golfer,4,#007cbf,,,,,,,,
golfer_group_25,38.028808251693164,-84.46455615084882,19140.0,golfer,4,#007cbf,,,,,,,,
golfer_group_25,38.029040909677896,-84.46478195094294,19200.0,golfer,4,#007cbf,,,,,,,,
golfer_group_25,38.02927356766263,-84.46500775103704,19260.0,golfer,4,#007cbf,,,,,,,,
golfer_group_25,38.02950622564737,-84.46523355113113,19320.0,golfer,4,#007cbf,,,,,,,,
golfer_group_25,38.02975350361947,-84.4654282954189,19380.0,golfer,4,#007cbf,,,,,,,,
golfer_group_25,38.030020352724144,-84.46558146666777,19440.0,golfer,4,#007cbf,,,,,,,,
golfer_group_25,38.03028720182882,-84.46573463791665,19500.0,golfer,4,#007cbf,,,,,,,,
golfer_group_25,38.030554050933496,-84.46588780916554,19560.0,golfer,4,#007cbf,,,,,,,,
golfer_group_25,38.0308144451061,-84.46601508231271,19620.0,golfer,4,#007cbf,,,,,,,,
golfer_group_25,38.03096331555731,-84.46569490649415,19680.0,golfer,4,#007cbf,,,,,,,,
golfer_group_25,38.03100160851583,-84.46532942233877,19740.0,golfer,4,#007cbf,,,,,,,,
golfer_group_25,38.03102825601745,-84.4649591665407,19800.0,golfer,4,#007cbf,,,,,,,,
golfer_group_25,38.03105490351906,-84.46458891074262,19860.0,golfer,4,#007cbf,,,,,,,,
golfer_group_25,38.031081551020684,-84.46421865494455,19920.0,golfer,4,#007cbf,,,,,,,,
golfer_group_25,38.031108198522304,-84.46384839914647,19980.0,golfer,4,#007cbf,,,,,,,,
golfer_group_25,38.03113484602392,-84.4634781433484,20040.0,golfer,4,#007cbf,,,,,,,,
golfer_group_25,38.03116149352554,-84.46310788755032,20100.0,golfer,4,#007cbf,,,,,,,,
golfer_group_25,38.031127268705696,-84.46274982308951,20160.0,golfer,4,#007cbf,,,,,,,,
golfer_group_25,38.031012137391194,-84.4624079623538,20220.0,golfer,4,#007cbf,,,,,,,,
golfer_group_25,38.03089700607669,-84.46206610161808,20280.0,golfer,4,#007cbf,,,,,,,,
golfer_group_25,38.0307818747622,-84.46172424088235,20340.0,golfer,4,#007cbf,,,,,,,,
golfer_group_25,38.030666743447696,-84.46138238014663,20400.0,golfer,4,#007cbf,,,,,,,,
golfer_group_25,38.030551612133195,-84.46104051941091,20460.0,golfer,4,#007cbf,,,,,,,,
golfer_group_25,38.03081531898336,-84.46091137688049,20520.0,golfer,4,#007cbf,,,,,,,,
golfer_group_25,38.0310279411826,-84.46098091912485,20580.0,golfer,4,#007cbf,,,,,,,,
golfer_group_25,38.03115090321037,-84.46131835889211,20640.0,golfer,4,#007cbf,,,,,,,,
golfer_group_25,38.031273865238134,-84.46165579865938,20700.0,golfer,4,#007cbf,,,,,,,,
golfer_group_25,38.03139682726591,-84.46199323842663,20760.0,golfer,4,#007cbf,,,,,,,,
golfer_group_25,38.031519789293675,-84.4623306781939,20820.0,golfer,4,#007cbf,,,,,,,,
golfer_group_25,38.03164275132144,-84.46266811796116,20880.0,golfer,4,#007cbf,,,,,,,,
golfer_group_25,38.03176571334921,-84.46300555772842,20940.0,golfer,4,#007cbf,,,,,,,,
golfer_group_25,38.031888675376976,-84.46334299749569,21000.0,golfer,4,#007cbf,,,,,,,,
golfer_group_25,38.031909837946635,-84.46368872876327,21060.0,golfer,4,#007cbf,,,,,,,,
golfer_group_25,38.03182184589159,-84.46404335060477,21120.0,golfer,4,#007cbf,,,,,,,,
golfer_group_25,38.03173385383655,-84.46439797244628,21180.0,golfer,4,#007cbf,,,,,,,,
golfer_group_25,38.031645861781506,-84.46475259428779,21240.0,golfer,4,#007cbf,,,,,,,,
golfer_group_25,38.03155786972646,-84.46510721612928,21300.0,golfer,4,#007cbf,,,,,,,,
golfer_group_25,38.03146987767142,-84.46546183797079,21360.0,golfer,4,#007cbf,,,,,,,,
golfer_group_25,38.03131864912918,-84.46576966145622,21420.0,golfer,4,#007cbf,,,,,,,,
golfer_group_25,38.0311189562348,-84.46604161874937,21480.0,golfer,4,#007cbf,,,,,,,,
golfer_group_25,38.030919263340415,-84.46631357604252,21540.0,golfer,4,#007cbf,,,,,,,,
golfer_group_25,38.030718115722834,-84.46658350967269,21600.0,golfer,4,#007cbf,,,,,,,,
golfer_group_25,38.0304866033238,-84.46681120290668,21660.0,golfer,4,#007cbf,,,,,,,,
golfer_group_25,38.030255090924776,-84.46703889614066,21720.0,golfer,4,#007cbf,,,,,,,,
golfer_group_25,38.03002357852575,-84.46726658937465,21780.0,golfer,4,#007cbf,,,,,,,,
golfer_group_25,38.02979206612672,-84.46749428260863,21840.0,golfer,4,#007cbf,,,,,,,,
golfer_group_25,38.02956055372769,-84.46772197584261,21900.0,golfer,4,#007cbf,,,,,,,,
golfer_group_25,38.02932904132866,-84.4679496690766,21960.0,golfer,4,#007cbf,,,,,,,,
golfer_group_25,38.02909752892963,-84.46817736231058,22020.0,golfer,4,#007cbf,,,,,,,,
golfer_group_25,38.0288660165306,-84.46840505554457,22080.0,golfer,4,#007cbf,,,,,,,,
golfer_group_25,38.02869804015225,-84.46870681462924,22140.0,golfer,4,#007cbf,,,,,,,,
golfer_group_25,38.028539024924726,-84.46901901999702,22200.0,golfer,4,#007cbf,,,,,,,,
golfer_group_25,38.0283800096972,-84.46933122536481,22260.0,golfer,4,#007cbf,,,,,,,,
golfer_group_25,38.028129065075696,-84.46949162304078,22320.0,golfer,4,#007cbf,,,,,,,,
golfer_group_25,38.02785052807789,-84.46960645602002,22380.0,golfer,1,#007cbf,,,,,,,,
golfer_group_25,38.027571991080094,-84.46972128899925,22440.0,golfer,1,#007cbf,,,,,,,,
golfer_group_25,38.02729345408229,-84.4698361219785,22500.0,golfer,4,#007cbf,,,,,,,,
golfer_group_25,38.027014917084486,-84.46995095495774,22560.0,golfer,4,#007cbf,,,,,,,,
golfer_group_25,38.02677219339408,-84.46990690842384,22620.0,golfer,4,#007cbf,,,,,,,,
golfer_group_25,38.026583670283,-84.46962241044099,22680.0,golfer,4,#007cbf,,,,,,,,
golfer_group_25,38.02639514717193,-84.46933791245814,22740.0,golfer,4,#007cbf,,,,,,,,
golfer_group_25,38.026206624060855,-84.4690534144753,22800.0,golfer,4,#007cbf,,,,,,,,
golfer_group_25,38.02601810094978,-84.46876891649245,22860.0,golfer,4,#007cbf,,,,,,,,
golfer_group_25,38.0258295778387,-84.4684844185096,22920.0,golfer,4,#007cbf,,,,,,,,
golfer_group_25,38.02564105472762,-84.46819992052676,22980.0,golfer,4,#007cbf,,,,,,,,
golfer_group_25,38.02539873776804,-84.4680332578427,23040.0,golfer,4,#007cbf,,,,,,,,
golfer_group_25,38.02511056304286,-84.46796704648648,23100.0,golfer,4,#007cbf,,,,,,,,
golfer_group_25,38.02482238831767,-84.46790083513027,23160.0,golfer,4,#007cbf,,,,,,,,
golfer_group_25,38.02466098715723,-84.46791926274804,23220.0,golfer,4,#007cbf,,,,,,,,
golfer_group_25,38.0248672597656,-84.46818316370741,23280.0,golfer,4,#007cbf,,,,,,,,
golfer_group_25,38.025073532373966,-84.46844706466678,23340.0,golfer,4,#007cbf,,,,,,,,
golfer_group_25,38.02498232223591,-84.46858500193528,23400.0,golfer,4,#007cbf,,,,,,,,
golfer_group_25,38.024692555469876,-84.46863886398934,23460.0,golfer,4,#007cbf,,,,,,,,
golfer_group_25,38.02440278870384,-84.4686927260434,23520.0,golfer,4,#007cbf,,,,,,,,
golfer_group_25,38.0241130219378,-84.46874658809746,23580.0,golfer,4,#007cbf,,,,,,,,
golfer_group_25,38.02382325517176,-84.46880045015152,23640.0,golfer,4,#007cbf,,,,,,,,
golfer_group_25,38.023533488405725,-84.46885431220558,23700.0,golfer,4,#007cbf,,,,,,,,
golfer_group_25,38.02325287292604,-84.46895459002404,23760.0,golfer,4,#007cbf,,,,,,,,
golfer_group_25,38.023120094224296,-84.46908677293466,23820.0,golfer,4,#007cbf,,,,,,,,
golfer_group_25,38.02338797984743,-84.46923698741324,23880.0,golfer,4,#007cbf,,,,,,,,
golfer_group_25,38.02365586547056,-84.46938720189182,23940.0,golfer,4,#007cbf,,,,,,,,
golfer_group_25,38.02392375109368,-84.4695374163704,24000.0,golfer,4,#007cbf,,,,,,,,
golfer_group_25,38.024191636716814,-84.46968763084898,24060.0,golfer,4,#007cbf,,,,,,,,
golfer_group_25,38.024459522339946,-84.46983784532756,24120.0,golfer,4,#007cbf,,,,,,,,
golfer_group_25,38.02472740796308,-84.46998805980614,24180.0,golfer,4,#007cbf,,,,,,,,
golfer_group_25,38.0249952935862,-84.47013827428472,24240.0,golfer,4,#007cbf,,,,,,,,
golfer_group_25,38.02526317920933,-84.4702884887633,24300.0,golfer,4,#ffe6cc,,,,,,,,
golfer_group_25,38.02549053793203,-84.47051685206469,24360.0,golfer,4,#ffe6cc,,,,,,,,
golfer_group_25,38.02570511747455,-84.47076985771169,24420.0,golfer,4,#ffe6cc,,,,,,,,
golfer_group_25,38.025919697017066,-84.4710228633587,24480.0,golfer,4,#ffe6cc,,,,,,,,
golfer_group_25,38.02613427655959,-84.4712758690057,24540.0,golfer,4,#ffe6cc,,,,,,,,
golfer_group_25,38.02634885610211,-84.4715288746527,24600.0,golfer,4,#ffe6cc,,,,,,,,
golfer_group_25,38.026563435644626,-84.4717818802997,24660.0,golfer,4,#ffe6cc,,,,,,,,
golfer_group_25,38.02678243981026,-84.47202860408251,24720.0,golfer,4,#ffe6cc,,,,,,,,
golfer_group_25,38.02668611647238,-84.47218057293104,24780.0,golfer,4,#ffe6cc,,,,,,,,
golfer_group_25,38.02640386024167,-84.4722796932027,24840.0,golfer,4,#ffe6cc,,,,,,,,
golfer_group_25,38.02612160401096,-84.47237881347434,24900.0,golfer,4,#ffcc99,,,,,,,,
golfer_group_25,38.02583934778024,-84.47247793374599,24960.0,golfer,4,#ffcc99,,,,,,,,
golfer_group_25,38.02555709154953,-84.47257705401765,25020.0,golfer,4,#ffcc99,,,,,,,,
golfer_group_25,38.025278899056985,-84.47258808504574,25080.0,golfer,4,#ffcc99,,,,,,,,
golfer_group_25,38.02505413568005,-84.47238241246707,25140.0,golfer,4,#ffcc99,,,,,,,,
golfer_group_25,38.02491621232278,-84.47205445775451,25200.0,golfer,4,#ffcc99,,,,,,,,
golfer_group_25,38.02477828896551,-84.47172650304194,25260.0,golfer,4,#ffcc99,,,,,,,,
golfer_group_25,38.024640365608235,-84.47139854832938,25320.0,golfer,4,#ffcc99,,,,,,,,
golfer_group_25,38.02450244225096,-84.4710705936168,25380.0,golfer,4,#ffcc99,,,,,,,,
golfer_group_25,38.02436451889369,-84.47074263890424,25440.0,golfer,4,#ffcc99,,,,,,,,
golfer_group_25,38.02422659553642,-84.47041468419167,25500.0,golfer,4,#ffb366,,,,,,,,
golfer_group_25,38.02408867217915,-84.4700867294791,25560.0,golfer,4,#ffb366,,,,,,,,
golfer_group_25,38.023830177494666,-84.46991493651929,25620.0,golfer,4,#ffb366,,,,,,,,
golfer_group_25,38.02356911857893,-84.46974646470437,25680.0,golfer,4,#ffb366,,,,,,,,
golfer_group_25,38.0233080596632,-84.46957799288944,25740.0,golfer,4,#ffb366,,,,,,,,
golfer_group_25,38.02304700074746,-84.46940952107451,25800.0,golfer,4,#ffb366,,,,,,,,
golfer_group_25,38.0227847606833,-84.46924457405959,25860.0,golfer,4,#ffb366,,,,,,,,
golfer_group_25,38.02250809559787,-84.46912267439926,25920.0,golfer,4,#ffb366,,,,,,,,
golfer_group_25,38.022527943550884,-84.46893235209967,25980.0,golfer,4,#ffb366,,,,,,,,
golfer_group_25,38.02275311404551,-84.46869465006165,26040.0,golfer,4,#ffb366,,,,,,,,
golfer_group_25,38.02297828454014,-84.46845694802364,26100.0,golfer,4,#ff9933,,,,,,,,
golfer_group_25,38.02320345503476,-84.46821924598564,26160.0,golfer,4,#007cbf,,,,,,,,
golfer_group_25,38.023428625529384,-84.46798154394763,26220.0,golfer,4,#007cbf,,,,,,,,
golfer_group_25,38.02365379602401,-84.46774384190961,26280.0,golfer,4,#007cbf,,,,,,,,
golfer_group_25,38.02387896651864,-84.4675061398716,26340.0,golfer,4,#007cbf,,,,,,,,
golfer_group_25,38.02410413701326,-84.4672684378336,26400.0,golfer,4,#007cbf,,,,,,,,
golfer_group_25,38.024329307507884,-84.46703073579559,26460.0,golfer,4,#007cbf,,,,,,,,
golfer_group_25,38.024516630016976,-84.46674714202182,26520.0,golfer,4,#007cbf,,,,,,,,
golfer_group_25,38.02469334505099,-84.4664506863893,26580.0,golfer,4,#007cbf,,,,,,,,
golfer_group_25,38.02487006008501,-84.46615423075679,26640.0,golfer,4,#007cbf,,,,,,,,
golfer_group_25,38.02504677511902,-84.46585777512426,26700.0,golfer,4,#007cbf,,,,,,,,
golfer_group_25,38.02525798622544,-84.46562593134438,26760.0,golfer,4,#007cbf,,,,,,,,
golfer_group_25,38.025540368765746,-84.46552739312297,26820.0,golfer,4,#007cbf,,,,,,,,
golfer_group_25,38.02582275130605,-84.46542885490156,26880.0,golfer,4,#007cbf,,,,,,,,
golfer_group_25,38.02610513384636,-84.46533031668015,26940.0,golfer,4,#007cbf,,,,,,,,
golfer_group_25,38.02637936666449,-84.46537020680762,27000.0,golfer,4,#007cbf,,,,,,,,
golfer_group_25,38.02664707383,-84.4655209394031,27060.0,golfer,4,#007cbf,,,,,,,,
golfer_group_25,38.026914780995504,-84.46567167199859,27120.0,golfer,4,#007cbf,,,,,,,,
golfer_group_25,38.02718248816101,-84.46582240459409,27180.0,golfer,4,#007cbf,,,,,,,,
golfer_group_25,38.027450195326516,-84.46597313718958,27240.0,golfer,4,#007cbf,,,,,,,,
golfer_group_25,38.02771790249202,-84.46612386978506,27300.0,golfer,4,#007cbf,,,,,,,,
golfer_group_25,38.027985609657534,-84.46627460238055,27360.0,golfer,4,#007cbf,,,,,,,,
golfer_group_25,38.02825331682304,-84.46642533497604,27420.0,golfer,4,#007cbf,,,,,,,,
golfer_group_25,38.02854411583699,-84.46643446747252,27480.0,golfer,4,#007cbf,,,,,,,,
golfer_group_25,38.02883696025459,-84.46643105747557,27540.0,golfer,4,#007cbf,,,,,,,,
golfer_group_25,38.02912980467218,-84.46642764747862,27600.0,golfer,4,#007cbf,,,,,,,,
golfer_group_25,38.029422649089774,-84.46642423748168,27660.0,golfer,4,#007cbf,,,,,,,,
golfer_group_25,38.029714660100595,-84.46640554510962,27720.0,golfer,4,#007cbf,,,,,,,,
golfer_group_25,38.03000508074206,-84.46635768976212,27780.0,golfer,4,#007cbf,,,,,,,,
golfer_group_25,38.03029550138352,-84.46630983441462,27840.0,golfer,4,#007cbf,,,,,,,,
golfer_group_25,38.03034421537664,-84.46623396436489,27900.0,golfer,4,#007cbf,,,,,,,,
golfer_group_25,38.0300654222068,-84.4661201350132,27960.0,golfer,4,#007cbf,,,,,,,,
golfer_group_25,38.02978662903697,-84.46600630566151,28020.0,golfer,4,#007cbf,,,,,,,,
golfer_group_25,38.02950783586713,-84.46589247630982,28080.0,golfer,4,#007cbf,,,,,,,,
golfer_group_25,38.029229042697295,-84.46577864695813,28140.0,golfer,4,#007cbf,,,,,,,,
golfer_group_25,38.02895024952746,-84.46566481760644,28200.0,golfer,4,#007cbf,,,,,,,,
golfer_group_25,38.02867145635763,-84.46555098825475,28260.0,golfer,4,#007cbf,,,,,,,,
golfer_group_25,38.02839266318779,-84.46543715890306,28320.0,golfer,4,#007cbf,,,,,,,,
golfer_group_25,38.02811294382565,-84.46532834232956,28380.0,golfer,4,#007cbf,,,,,,,,
golfer_group_25,38.02782336017175,-84.46527291370359,28440.0,golfer,4,#007cbf,,,,,,,,
golfer_group_25,38.02753377651786,-84.46521748507763,28500.0,golfer,4,#007cbf,,,,,,,,
golfer_group_25,38.027244192863975,-84.46516205645167,28560.0,golfer,4,#007cbf,,,,,,,,
golfer_group_25,38.02695460921009,-84.46510662782572,28620.0,golfer,4,#007cbf,,,,,,,,
golfer_group_25,38.02666502555619,-84.46505119919976,28680.0,golfer,4,#007cbf,,,,,,,,
golfer_group_25,38.02637326063661,-84.4650346343973,28740.0,golfer,4,#007cbf,,,,,,,,
golfer_group_25,38.02608041188864,-84.46503738027086,28800.0,golfer,4,#007cbf,,,,,,,,
golfer_group_25,38.025787563140675,-84.46504012614442,28860.0,golfer,2,#007cbf,,,,,,,,
golfer_group_25,38.025494714392714,-84.46504287201797,28920.0,golfer,4,#007cbf,,,,,,,,
golfer_group_25,38.02556401049359,-84.4653626218534,28980.0,golfer,4,#007cbf,,,,,,,,
golfer_group_25,38.025666096931715,-84.46571107475296,29040.0,golfer,4,#007cbf,,,,,,,,
golfer_group_25,38.02576818336984,-84.46605952765252,29100.0,golfer,4,#007cbf,,,,,,,,
golfer_group_25,38.02587026980797,-84.46640798055208,29160.0,golfer,4,#007cbf,,,,,,,,
golfer_group_25,38.02597235624609,-84.46675643345164,29220.0,golfer,4,#007cbf,,,,,,,,
golfer_group_25,38.02607444268422,-84.46710488635118,29280.0,golfer,4,#007cbf,,,,,,,,
golfer_group_25,38.026176529122345,-84.46745333925074,29340.0,golfer,4,#007cbf,,,,,,,,
golfer_group_25,38.02627861556047,-84.4678017921503,29400.0,golfer,4,#007cbf,,,,,,,,
golfer_group_25,38.026391551516966,-84.46814347235242,29460.0,golfer,4,#007cbf,,,,,,,,
golfer_group_25,38.0265466275618,-84.46845884704874,29520.0,golfer,4,#007cbf,,,,,,,,
golfer_group_25,38.02670170360664,-84.46877422174504,29580.0,golfer,4,#007cbf,,,,,,,,
golfer_group_25,38.02685677965148,-84.46908959644135,29640.0,golfer,4,#007cbf,,,,,,,,
golfer_group_25,38.027011855696315,-84.46940497113766,29700.0,golfer,4,#007cbf,,,,,,,,
golfer_group_25,38.027202562026105,-84.46967624119414,29760.0,golfer,4,#007cbf,,,,,,,,
golfer_group_25,38.027447,-84.469881,29820.0,golfer,1,#007cbf,,,,,,,,
golfer_group_26,38.027447,-84.469881,16020.0,golfer,1,#007cbf,,,,,,,,
golfer_group_26,38.02754627606764,-84.46962578282717,16080.0,golfer,1,#007cbf,,,,,,,,
golfer_group_26,38.02744283462056,-84.4692779685763,16140.0,golfer,1,#007cbf,,,,,,,,
golfer_group_26,38.02733939317348,-84.46893015432545,16200.0,golfer,1,#007cbf,,,,,,,,
golfer_group_26,38.0272359517264,-84.46858234007459,16260.0,golfer,1,#007cbf,,,,,,,,
golfer_group_26,38.027132510279316,-84.46823452582373,16320.0,golfer,1,#007cbf,,,,,,,,
golfer_group_26,38.027029068832235,-84.46788671157287,16380.0,golfer,1,#007cbf,,,,,,,,
golfer_group_26,38.026925627385154,-84.46753889732202,16440.0,golfer,1,#007cbf,,,,,,,,
golfer_group_26,38.02682218593807,-84.46719108307117,16500.0,golfer,1,#007cbf,,,,,,,,
golfer_group_26,38.026707885382585,-84.46684997010087,16560.0,golfer,1,#007cbf,,,,,,,,
golfer_group_26,38.0265563489919,-84.46653183579225,16620.0,golfer,1,#007cbf,,,,,,,,
golfer_group_26,38.02640481260122,-84.46621370148365,16680.0,golfer,1,#007cbf,,,,,,,,
golfer_group_26,38.02625327621054,-84.46589556717504,16740.0,golfer,1,#007cbf,,,,,,,,
golfer_group_26,38.026097865476636,-84.4655806681031,16800.0,golfer,1,#007cbf,,,,,,,,
golfer_group_26,38.02592778516153,-84.46527801873756,16860.0,golfer,4,#007cbf,,,,,,,,
golfer_group_26,38.02575770484643,-84.46497536937204,16920.0,golfer,2,#007cbf,,,,,,,,
golfer_group_26,38.02580429978306,-84.46478189846547,16980.0,golfer,2,#007cbf,,,,,,,,
golfer_group_26,38.02609158193444,-84.46470970518055,17040.0,golfer,2,#007cbf,,,,,,,,
golfer_group_26,38.02637886408582,-84.46463751189565,17100.0,golfer,2,#007cbf,,,,,,,,
golfer_group_26,38.0266661462372,-84.46456531861072,17160.0,golfer,2,#007cbf,,,,,,,,
golfer_group_26,38.02695342838857,-84.4644931253258,17220.0,golfer,2,#007cbf,,,,,,,,
golfer_group_26,38.02723262500985,-84.46440936561527,17280.0,golfer,2,#007cbf,,,,,,,,
golfer_group_26,38.02732323296244,-84.46405582806928,17340.0,golfer,2,#007cbf,,,,,,,,
golfer_group_26,38.027413840915024,-84.46370229052329,17400.0,golfer,3,#007cbf,,,,,,,,
golfer_group_26,38.02755613921936,-84.46339199540722,17460.0,golfer,3,#007cbf,,,,,,,,
golfer_group_26,38.02777631020529,-84.46314684598785,17520.0,golfer,3,#007cbf,,,,,,,,
golfer_group_26,38.027996481191224,-84.4629016965685,17580.0,golfer,3,#007cbf,,,,,,,,
golfer_group_26,38.028216652177164,-84.46265654714912,17640.0,golfer,3,#007cbf,,,,,,,,
golfer_group_26,38.0284368231631,-84.46241139772975,17700.0,golfer,3,#007cbf,,,,,,,,
golfer_group_26,38.02865699414903,-84.4621662483104,17760.0,golfer,3,#007cbf,,,,,,,,
golfer_group_26,38.02887716513497,-84.46192109889103,17820.0,golfer,3,#007cbf,,,,,,,,
golfer_group_26,38.029097336120905,-84.46167594947165,17880.0,golfer,3,#007cbf,,,,,,,,
golfer_group_26,38.02932048603734,-84.46143527844885,17940.0,golfer,3,#007cbf,,,,,,,,
golfer_group_26,38.02954781666501,-84.4612008925283,18000.0,golfer,3,#007cbf,,,,,,,,
golfer_group_26,38.029775147292675,-84.46096650660775,18060.0,golfer,3,#007cbf,,,,,,,,
golfer_group_26,38.03000247792034,-84.46073212068718,18120.0,golfer,3,#007cbf,,,,,,,,
golfer_group_26,38.03022980854801,-84.46049773476663,18180.0,golfer,3,#007cbf,,,,,,,,
golfer_group_26,38.03028198771919,-84.46029007968264,18240.0,golfer,3,#007cbf,,,,,,,,
golfer_group_26,38.030017377451664,-84.46013077159431,18300.0,golfer,4,#007cbf,,,,,,,,
golfer_group_26,38.02974997117584,-84.46003134117494,18360.0,golfer,4,#007cbf,,,,,,,,
golfer_group_26,38.029472388508275,-84.46014984237516,18420.0,golfer,4,#007cbf,,,,,,,,
golfer_group_26,38.02919480584071,-84.46026834357538,18480.0,golfer,4,#007cbf,,,,,,,,
golfer_group_26,38.02891722317315,-84.46038684477558,18540.0,golfer,4,#007cbf,,,,,,,,
golfer_group_26,38.02863964050559,-84.4605053459758,18600.0,golfer,4,#007cbf,,,,,,,,
golfer_group_26,38.02846819932939,-84.46074999771898,18660.0,golfer,4,#007cbf,,,,,,,,
golfer_group_26,38.028356651102726,-84.46108459413088,18720.0,golfer,4,#007cbf,,,,,,,,
golfer_group_26,38.028163251425084,-84.46136377382878,18780.0,golfer,4,#007cbf,,,,,,,,
golfer_group_26,38.02796985174745,-84.46164295352668,18840.0,golfer,4,#007cbf,,,,,,,,
golfer_group_26,38.02777645206981,-84.46192213322458,18900.0,golfer,4,#007cbf,,,,,,,,
golfer_group_26,38.027583052392174,-84.46220131292247,18960.0,golfer,4,#007cbf,,,,,,,,
golfer_group_26,38.02739313138997,-84.4624841808364,19020.0,golfer,4,#007cbf,,,,,,,,
golfer_group_26,38.02721114487077,-84.46277546117278,19080.0,golfer,4,#007cbf,,,,,,,,
golfer_group_26,38.02702915835156,-84.46306674150915,19140.0,golfer,4,#007cbf,,,,,,,,
golfer_group_26,38.02684717183235,-84.46335802184554,19200.0,golfer,4,#007cbf,,,,,,,,
golfer_group_26,38.027030664719845,-84.46345337202217,19260.0,golfer,4,#007cbf,,,,,,,,
golfer_group_26,38.02732202605173,-84.46349089491457,19320.0,golfer,3,#007cbf,,,,,,,,
golfer_group_26,38.02761338738361,-84.46352841780696,19380.0,golfer,3,#007cbf,,,,,,,,
golfer_group_26,38.02787761975422,-84.46365295047241,19440.0,golfer,4,#007cbf,,,,,,,,
golfer_group_26,38.02811027773896,-84.46387875056652,19500.0,golfer,4,#007cbf,,,,,,,,
golfer_group_26,38.02834293572369,-84.46410455066062,19560.0,golfer,4,#007cbf,,,,,,,,
golfer_group_26,38.028575593708425,-84.46433035075472,19620.0,golfer,4,#007cbf,,,,,,,,
golfer_group_26,38.028808251693164,-84.46455615084882,19680.0,golfer,4,#007cbf,,,,,,,,
golfer_group_26,38.029040909677896,-84.46478195094294,19740.0,golfer,4,#007cbf,,,,,,,,
golfer_group_26,38.02927356766263,-84.46500775103704,19800.0,golfer,4,#007cbf,,,,,,,,
golfer_group_26,38.02950622564737,-84.46523355113113,19860.0,golfer,4,#007cbf,,,,,,,,
golfer_group_26,38.02975350361947,-84.4654282954189,19920.0,golfer,4,#007cbf,,,,,,,,
golfer_group_26,38.030020352724144,-84.46558146666777,19980.0,golfer,4,#007cbf,,,,,,,,
golfer_group_26,38.03028720182882,-84.46573463791665,20040.0,golfer,4,#007cbf,,,,,,,,
golfer_group_26,38.030554050933496,-84.46588780916554,20100.0,golfer,4,#007cbf,,,,,,,,
golfer_group_26,38.0308144451061,-84.46601508231271,20160.0,golfer,4,#007cbf,,,,,,,,
golfer_group_26,38.03096331555731,-84.46569490649415,20220.0,golfer,4,#007cbf,,,,,,,,
golfer_group_26,38.03100160851583,-84.46532942233877,20280.0,golfer,4,#007cbf,,,,,,,,
golfer_group_26,38.03102825601745,-84.4649591665407,20340.0,golfer,4,#007cbf,,,,,,,,
golfer_group_26,38.03105490351906,-84.46458891074262,20400.0,golfer,4,#007cbf,,,,,,,,
golfer_group_26,38.031081551020684,-84.46421865494455,20460.0,golfer,4,#007cbf,,,,,,,,
golfer_group_26,38.031108198522304,-84.46384839914647,20520.0,golfer,4,#007cbf,,,,,,,,
golfer_group_26,38.03113484602392,-84.4634781433484,20580.0,golfer,4,#007cbf,,,,,,,,
golfer_group_26,38.03116149352554,-84.46310788755032,20640.0,golfer,4,#007cbf,,,,,,,,
golfer_group_26,38.031127268705696,-84.46274982308951,20700.0,golfer,4,#007cbf,,,,,,,,
golfer_group_26,38.031012137391194,-84.4624079623538,20760.0,golfer,4,#007cbf,,,,,,,,
golfer_group_26,38.03089700607669,-84.46206610161808,20820.0,golfer,4,#007cbf,,,,,,,,
golfer_group_26,38.0307818747622,-84.46172424088235,20880.0,golfer,4,#007cbf,,,,,,,,
golfer_group_26,38.030666743447696,-84.46138238014663,20940.0,golfer,4,#007cbf,,,,,,,,
golfer_group_26,38.030551612133195,-84.46104051941091,21000.0,golfer,4,#007cbf,,,,,,,,
golfer_group_26,38.03081531898336,-84.46091137688049,21060.0,golfer,4,#007cbf,,,,,,,,
golfer_group_26,38.0310279411826,-84.46098091912485,21120.0,golfer,4,#007cbf,,,,,,,,
golfer_group_26,38.03115090321037,-84.46131835889211,21180.0,golfer,4,#007cbf,,,,,,,,
golfer_group_26,38.031273865238134,-84.46165579865938,21240.0,golfer,4,#007cbf,,,,,,,,
golfer_group_26,38.03139682726591,-84.46199323842663,21300.0,golfer,4,#007cbf,,,,,,,,
golfer_group_26,38.031519789293675,-84.4623306781939,21360.0,golfer,4,#007cbf,,,,,,,,
golfer_group_26,38.03164275132144,-84.46266811796116,21420.0,golfer,4,#007cbf,,,,,,,,
golfer_group_26,38.03176571334921,-84.46300555772842,21480.0,golfer,4,#007cbf,,,,,,,,
golfer_group_26,38.031888675376976,-84.46334299749569,21540.0,golfer,4,#007cbf,,,,,,,,
golfer_group_26,38.031909837946635,-84.46368872876327,21600.0,golfer,4,#007cbf,,,,,,,,
golfer_group_26,38.03182184589159,-84.46404335060477,21660.0,golfer,4,#007cbf,,,,,,,,
golfer_group_26,38.03173385383655,-84.46439797244628,21720.0,golfer,4,#007cbf,,,,,,,,
golfer_group_26,38.031645861781506,-84.46475259428779,21780.0,golfer,4,#007cbf,,,,,,,,
golfer_group_26,38.03155786972646,-84.46510721612928,21840.0,golfer,4,#007cbf,,,,,,,,
golfer_group_26,38.03146987767142,-84.46546183797079,21900.0,golfer,4,#007cbf,,,,,,,,
golfer_group_26,38.03131864912918,-84.46576966145622,21960.0,golfer,4,#007cbf,,,,,,,,
golfer_group_26,38.0311189562348,-84.46604161874937,22020.0,golfer,4,#007cbf,,,,,,,,
golfer_group_26,38.030919263340415,-84.46631357604252,22080.0,golfer,4,#007cbf,,,,,,,,
golfer_group_26,38.030718115722834,-84.46658350967269,22140.0,golfer,4,#007cbf,,,,,,,,
golfer_group_26,38.0304866033238,-84.46681120290668,22200.0,golfer,4,#007cbf,,,,,,,,
golfer_group_26,38.030255090924776,-84.46703889614066,22260.0,golfer,4,#007cbf,,,,,,,,
golfer_group_26,38.03002357852575,-84.46726658937465,22320.0,golfer,4,#007cbf,,,,,,,,
golfer_group_26,38.02979206612672,-84.46749428260863,22380.0,golfer,4,#007cbf,,,,,,,,
golfer_group_26,38.02956055372769,-84.46772197584261,22440.0,golfer,4,#007cbf,,,,,,,,
golfer_group_26,38.02932904132866,-84.4679496690766,22500.0,golfer,4,#007cbf,,,,,,,,
golfer_group_26,38.02909752892963,-84.46817736231058,22560.0,golfer,4,#007cbf,,,,,,,,
golfer_group_26,38.0288660165306,-84.46840505554457,22620.0,golfer,4,#007cbf,,,,,,,,
golfer_group_26,38.02869804015225,-84.46870681462924,22680.0,golfer,4,#007cbf,,,,,,,,
golfer_group_26,38.028539024924726,-84.46901901999702,22740.0,golfer,4,#007cbf,,,,,,,,
golfer_group_26,38.0283800096972,-84.46933122536481,22800.0,golfer,4,#007cbf,,,,,,,,
golfer_group_26,38.028129065075696,-84.46949162304078,22860.0,golfer,4,#007cbf,,,,,,,,
golfer_group_26,38.02785052807789,-84.46960645602002,22920.0,golfer,1,#007cbf,,,,,,,,
golfer_group_26,38.027571991080094,-84.46972128899925,22980.0,golfer,1,#007cbf,,,,,,,,
golfer_group_26,38.02729345408229,-84.4698361219785,23040.0,golfer,4,#007cbf,,,,,,,,
golfer_group_26,38.027014917084486,-84.46995095495774,23100.0,golfer,4,#007cbf,,,,,,,,
golfer_group_26,38.02677219339408,-84.46990690842384,23160.0,golfer,4,#007cbf,,,,,,,,
golfer_group_26,38.026583670283,-84.46962241044099,23220.0,golfer,4,#007cbf,,,,,,,,
golfer_group_26,38.02639514717193,-84.46933791245814,23280.0,golfer,4,#007cbf,,,,,,,,
golfer_group_26,38.026206624060855,-84.4690534144753,23340.0,golfer,4,#007cbf,,,,,,,,
golfer_group_26,38.02601810094978,-84.46876891649245,23400.0,golfer,4,#007cbf,,,,,,,,
golfer_group_26,38.0258295778387,-84.4684844185096,23460.0,golfer,4,#007cbf,,,,,,,,
golfer_group_26,38.02564105472762,-84.46819992052676,23520.0,golfer,4,#007cbf,,,,,,,,
golfer_group_26,38.02539873776804,-84.4680332578427,23580.0,golfer,4,#007cbf,,,,,,,,
golfer_group_26,38.02511056304286,-84.46796704648648,23640.0,golfer,4,#007cbf,,,,,,,,
golfer_group_26,38.02482238831767,-84.46790083513027,23700.0,golfer,4,#007cbf,,,,,,,,
golfer_group_26,38.02466098715723,-84.46791926274804,23760.0,golfer,4,#007cbf,,,,,,,,
golfer_group_26,38.0248672597656,-84.46818316370741,23820.0,golfer,4,#007cbf,,,,,,,,
golfer_group_26,38.025073532373966,-84.46844706466678,23880.0,golfer,4,#007cbf,,,,,,,,
golfer_group_26,38.02498232223591,-84.46858500193528,23940.0,golfer,4,#007cbf,,,,,,,,
golfer_group_26,38.024692555469876,-84.46863886398934,24000.0,golfer,4,#007cbf,,,,,,,,
golfer_group_26,38.02440278870384,-84.4686927260434,24060.0,golfer,4,#007cbf,,,,,,,,
golfer_group_26,38.0241130219378,-84.46874658809746,24120.0,golfer,4,#007cbf,,,,,,,,
golfer_group_26,38.02382325517176,-84.46880045015152,24180.0,golfer,4,#007cbf,,,,,,,,
golfer_group_26,38.023533488405725,-84.46885431220558,24240.0,golfer,4,#ffe6cc,,,,,,,,
golfer_group_26,38.02325287292604,-84.46895459002404,24300.0,golfer,4,#ffe6cc,,,,,,,,
golfer_group_26,38.023120094224296,-84.46908677293466,24360.0,golfer,4,#ffe6cc,,,,,,,,
golfer_group_26,38.02338797984743,-84.46923698741324,24420.0,golfer,4,#ffe6cc,,,,,,,,
golfer_group_26,38.02365586547056,-84.46938720189182,24480.0,golfer,4,#ffe6cc,,,,,,,,
golfer_group_26,38.02392375109368,-84.4695374163704,24540.0,golfer,4,#ffe6cc,,,,,,,,
golfer_group_26,38.024191636716814,-84.46968763084898,24600.0,golfer,4,#ffe6cc,,,,,,,,
golfer_group_26,38.024459522339946,-84.46983784532756,24660.0,golfer,4,#ffe6cc,,,,,,,,
golfer_group_26,38.02472740796308,-84.46998805980614,24720.0,golfer,4,#ffe6cc,,,,,,,,
golfer_group_26,38.0249952935862,-84.47013827428472,24780.0,golfer,4,#ffe6cc,,,,,,,,
golfer_group_26,38.02526317920933,-84.4702884887633,24840.0,golfer,4,#ffcc99,,,,,,,,
golfer_group_26,38.02549053793203,-84.47051685206469,24900.0,golfer,4,#ffcc99,,,,,,,,
golfer_group_26,38.02570511747455,-84.47076985771169,24960.0,golfer,4,#ffcc99,,,,,,,,
golfer_group_26,38.025919697017066,-84.4710228633587,25020.0,golfer,4,#ffcc99,,,,,,,,
golfer_group_26,38.02613427655959,-84.4712758690057,25080.0,golfer,4,#ffcc99,,,,,,,,
golfer_group_26,38.02634885610211,-84.4715288746527,25140.0,golfer,4,#ffcc99,,,,,,,,
golfer_group_26,38.026563435644626,-84.4717818802997,25200.0,golfer,4,#00b894,,,,,,,,
golfer_group_26,38.02678243981026,-84.47202860408251,25260.0,golfer,4,#00b894,,,,,,,,
golfer_group_26,38.02668611647238,-84.47218057293104,25320.0,golfer,4,#00b894,,,,,,,,
golfer_group_26,38.02640386024167,-84.4722796932027,25380.0,golfer,4,#00b894,,,,,,,,
golfer_group_26,38.02612160401096,-84.47237881347434,25440.0,golfer,4,#00b894,,,,,,,,
golfer_group_26,38.02583934778024,-84.47247793374599,25500.0,golfer,4,#00b894,,,,,,,,
golfer_group_26,38.02555709154953,-84.47257705401765,25560.0,golfer,4,#00b894,,,,,,,,
golfer_group_26,38.025278899056985,-84.47258808504574,25620.0,golfer,4,#00b894,,,,,,,,
golfer_group_26,38.02505413568005,-84.47238241246707,25680.0,golfer,4,#00b894,,,,,,,,
golfer_group_26,38.02491621232278,-84.47205445775451,25740.0,golfer,4,#00b894,,,,,,,,
golfer_group_26,38.02477828896551,-84.47172650304194,25800.0,golfer,4,#00b894,,,,,,,,
golfer_group_26,38.024640365608235,-84.47139854832938,25860.0,golfer,4,#00b894,,,,,,,,
golfer_group_26,38.02450244225096,-84.4710705936168,25920.0,golfer,4,#00b894,,,,,,,,
golfer_group_26,38.02436451889369,-84.47074263890424,25980.0,golfer,4,#00b894,,,,,,,,
golfer_group_26,38.02422659553642,-84.47041468419167,26040.0,golfer,4,#00b894,,,,,,,,
golfer_group_26,38.02408867217915,-84.4700867294791,26100.0,golfer,4,#00b894,,,,,,,,
golfer_group_26,38.023830177494666,-84.46991493651929,26160.0,golfer,4,#00b894,,,,,,,,
golfer_group_26,38.02356911857893,-84.46974646470437,26220.0,golfer,4,#00b894,,,,,,,,
golfer_group_26,38.0233080596632,-84.46957799288944,26280.0,golfer,4,#00b894,,,,,,,,
golfer_group_26,38.02304700074746,-84.46940952107451,26340.0,golfer,4,#00b894,,,,,,,,
golfer_group_26,38.0227847606833,-84.46924457405959,26400.0,golfer,4,#00b894,,,,,,,,
golfer_group_26,38.02250809559787,-84.46912267439926,26460.0,golfer,4,#00b894,,,,,,,,
golfer_group_26,38.022527943550884,-84.46893235209967,26520.0,golfer,4,#00b894,,,,,,,,
golfer_group_26,38.02275311404551,-84.46869465006165,26580.0,golfer,4,#00b894,,,,,,,,
golfer_group_26,38.02297828454014,-84.46845694802364,26640.0,golfer,4,#00b894,,,,,,,,
golfer_group_26,38.02320345503476,-84.46821924598564,26700.0,golfer,4,#00b894,,,,,,,,
golfer_group_26,38.023428625529384,-84.46798154394763,26760.0,golfer,4,#00b894,,,,,,,,
golfer_group_26,38.02365379602401,-84.46774384190961,26820.0,golfer,4,#00b894,,,,,,,,
golfer_group_26,38.02387896651864,-84.4675061398716,26880.0,golfer,4,#00b894,,,,,,,,
golfer_group_26,38.02410413701326,-84.4672684378336,26940.0,golfer,4,#00b894,,,,,,,,
golfer_group_26,38.024329307507884,-84.46703073579559,27000.0,golfer,4,#00b894,,,,,,,,
golfer_group_26,38.024516630016976,-84.46674714202182,27060.0,golfer,4,#00b894,,,,,,,,
golfer_group_26,38.02469334505099,-84.4664506863893,27120.0,golfer,4,#00b894,,,,,,,,
golfer_group_26,38.02487006008501,-84.46615423075679,27180.0,golfer,4,#00b894,,,,,,,,
golfer_group_26,38.02504677511902,-84.46585777512426,27240.0,golfer,4,#00b894,,,,,,,,
golfer_group_26,38.02525798622544,-84.46562593134438,27300.0,golfer,4,#00b894,,,,,,,,
golfer_group_26,38.025540368765746,-84.46552739312297,27360.0,golfer,4,#00b894,,,,,,,,
golfer_group_26,38.02582275130605,-84.46542885490156,27420.0,golfer,4,#00b894,,,,,,,,
golfer_group_26,38.02610513384636,-84.46533031668015,27480.0,golfer,4,#00b894,,,,,,,,
golfer_group_26,38.02637936666449,-84.46537020680762,27540.0,golfer,4,#00b894,,,,,,,,
golfer_group_26,38.02664707383,-84.4655209394031,27600.0,golfer,4,#00b894,,,,,,,,
golfer_group_26,38.026914780995504,-84.46567167199859,27660.0,golfer,4,#00b894,,,,,,,,
golfer_group_26,38.02718248816101,-84.46582240459409,27720.0,golfer,4,#00b894,,,,,,,,
golfer_group_26,38.027450195326516,-84.46597313718958,27780.0,golfer,4,#00b894,,,,,,,,
golfer_group_26,38.02771790249202,-84.46612386978506,27840.0,golfer,4,#00b894,,,,,,,,
golfer_group_26,38.027985609657534,-84.46627460238055,27900.0,golfer,4,#00b894,,,,,,,,
golfer_group_26,38.02825331682304,-84.46642533497604,27960.0,golfer,4,#00b894,,,,,,,,
golfer_group_26,38.02854411583699,-84.46643446747252,28020.0,golfer,4,#00b894,,,,,,,,
golfer_group_26,38.02883696025459,-84.46643105747557,28080.0,golfer,4,#00b894,,,,,,,,
golfer_group_26,38.02912980467218,-84.46642764747862,28140.0,golfer,4,#00b894,,,,,,,,
golfer_group_26,38.029422649089774,-84.46642423748168,28200.0,golfer,4,#00b894,,,,,,,,
golfer_group_26,38.029714660100595,-84.46640554510962,28260.0,golfer,4,#00b894,,,,,,,,
golfer_group_26,38.03000508074206,-84.46635768976212,28320.0,golfer,4,#00b894,,,,,,,,
golfer_group_26,38.03029550138352,-84.46630983441462,28380.0,golfer,4,#00b894,,,,,,,,
golfer_group_26,38.03034421537664,-84.46623396436489,28440.0,golfer,4,#00b894,,,,,,,,
golfer_group_26,38.0300654222068,-84.4661201350132,28500.0,golfer,4,#00b894,,,,,,,,
golfer_group_26,38.02978662903697,-84.46600630566151,28560.0,golfer,4,#00b894,,,,,,,,
golfer_group_26,38.02950783586713,-84.46589247630982,28620.0,golfer,4,#00b894,,,,,,,,
golfer_group_26,38.029229042697295,-84.46577864695813,28680.0,golfer,4,#00b894,,,,,,,,
golfer_group_26,38.02895024952746,-84.46566481760644,28740.0,golfer,4,#00b894,,,,,,,,
golfer_group_26,38.02867145635763,-84.46555098825475,28800.0,golfer,4,#00b894,,,,,,,,
golfer_group_26,38.02839266318779,-84.46543715890306,28860.0,golfer,4,#00b894,,,,,,,,
golfer_group_26,38.02811294382565,-84.46532834232956,28920.0,golfer,4,#00b894,,,,,,,,
golfer_group_26,38.02782336017175,-84.46527291370359,28980.0,golfer,4,#00b894,,,,,,,,
golfer_group_26,38.02753377651786,-84.46521748507763,29040.0,golfer,4,#00b894,,,,,,,,
golfer_group_26,38.027244192863975,-84.46516205645167,29100.0,golfer,4,#00b894,,,,,,,,
golfer_group_26,38.02695460921009,-84.46510662782572,29160.0,golfer,4,#00b894,,,,,,,,
golfer_group_26,38.02666502555619,-84.46505119919976,29220.0,golfer,4,#00b894,,,,,,,,
golfer_group_26,38.02637326063661,-84.4650346343973,29280.0,golfer,4,#00b894,,,,,,,,
golfer_group_26,38.02608041188864,-84.46503738027086,29340.0,golfer,4,#00b894,,,,,,,,
golfer_group_26,38.025787563140675,-84.46504012614442,29400.0,golfer,2,#00b894,,,,,,,,
golfer_group_26,38.025494714392714,-84.46504287201797,29460.0,golfer,4,#00b894,,,,,,,,
golfer_group_26,38.02556401049359,-84.4653626218534,29520.0,golfer,4,#00b894,,,,,,,,
golfer_group_26,38.025666096931715,-84.46571107475296,29580.0,golfer,4,#00b894,,,,,,,,
golfer_group_26,38.02576818336984,-84.46605952765252,29640.0,golfer,4,#00b894,,,,,,,,
golfer_group_26,38.02587026980797,-84.46640798055208,29700.0,golfer,4,#00b894,,,,,,,,
golfer_group_26,38.02597235624609,-84.46675643345164,29760.0,golfer,4,#00b894,,,,,,,,
golfer_group_26,38.02607444268422,-84.46710488635118,29820.0,golfer,4,#00b894,,,,,,,,
golfer_group_26,38.026176529122345,-84.46745333925074,29880.0,golfer,4,#00b894,,,,,,,,
golfer_group_26,38.02627861556047,-84.4678017921503,29940.0,golfer,4,#00b894,,,,,,,,
golfer_group_26,38.026391551516966,-84.46814347235242,30000.0,golfer,4,#00b894,,,,,,,,
golfer_group_26,38.0265466275618,-84.46845884704874,30060.0,golfer,4,#00b894,,,,,,,,
golfer_group_26,38.02670170360664,-84.46877422174504,30120.0,golfer,4,#00b894,,,,,,,,
golfer_group_26,38.02685677965148,-84.46908959644135,30180.0,golfer,4,#00b894,,,,,,,,
golfer_group_26,38.027011855696315,-84.46940497113766,30240.0,golfer,4,#00b894,,,,,,,,
golfer_group_26,38.027202562026105,-84.46967624119414,30300.0,golfer,4,#00b894,,,,,,,,
golfer_group_26,38.027447,-84.469881,30360.0,golfer,1,#00b894,,,,,,,,
golfer_group_27,38.027447,-84.469881,16560.0,golfer,1,#007cbf,,,,,,,,
golfer_group_27,38.02754627606764,-84.46962578282717,16620.0,golfer,1,#007cbf,,,,,,,,
golfer_group_27,38.02744283462056,-84.4692779685763,16680.0,golfer,1,#007cbf,,,,,,,,
golfer_group_27,38.02733939317348,-84.46893015432545,16740.0,golfer,1,#007cbf,,,,,,,,
golfer_group_27,38.0272359517264,-84.46858234007459,16800.0,golfer,1,#007cbf,,,,,,,,
golfer_group_27,38.027132510279316,-84.46823452582373,16860.0,golfer,1,#007cbf,,,,,,,,
golfer_group_27,38.027029068832235,-84.46788671157287,16920.0,golfer,1,#007cbf,,,,,,,,
golfer_group_27,38.026925627385154,-84.46753889732202,16980.0,golfer,1,#007cbf,,,,,,,,
golfer_group_27,38.02682218593807,-84.46719108307117,17040.0,golfer,1,#007cbf,,,,,,,,
golfer_group_27,38.026707885382585,-84.46684997010087,17100.0,golfer,1,#007cbf,,,,,,,,
golfer_group_27,38.0265563489919,-84.46653183579225,17160.0,golfer,1,#007cbf,,,,,,,,
golfer_group_27,38.02640481260122,-84.46621370148365,17220.0,golfer,1,#007cbf,,,,,,,,
golfer_group_27,38.02625327621054,-84.46589556717504,17280.0,golfer,1,#007cbf,,,,,,,,
golfer_group_27,38.026097865476636,-84.4655806681031,17340.0,golfer,1,#007cbf,,,,,,,,
golfer_group_27,38.02592778516153,-84.46527801873756,17400.0,golfer,4,#007cbf,,,,,,,,
golfer_group_27,38.02575770484643,-84.46497536937204,17460.0,golfer,2,#007cbf,,,,,,,,
golfer_group_27,38.02580429978306,-84.46478189846547,17520.0,golfer,2,#007cbf,,,,,,,,
golfer_group_27,38.02609158193444,-84.46470970518055,17580.0,golfer,2,#007cbf,,,,,,,,
golfer_group_27,38.02637886408582,-84.46463751189565,17640.0,golfer,2,#007cbf,,,,,,,,
golfer_group_27,38.0266661462372,-84.46456531861072,17700.0,golfer,2,#007cbf,,,,,,,,
golfer_group_27,38.02695342838857,-84.4644931253258,17760.0,golfer,2,#007cbf,,,,,,,,
golfer_group_27,38.02723262500985,-84.46440936561527,17820.0,golfer,2,#007cbf,,,,,,,,
golfer_group_27,38.02732323296244,-84.46405582806928,17880.0,golfer,2,#007cbf,,,,,,,,
golfer_group_27,38.027413840915024,-84.46370229052329,17940.0,golfer,3,#007cbf,,,,,,,,
golfer_group_27,38.02755613921936,-84.46339199540722,18000.0,golfer,3,#007cbf,,,,,,,,
golfer_group_27,38.02777631020529,-84.46314684598785,18060.0,golfer,3,#007cbf,,,,,,,,
golfer_group_27,38.027996481191224,-84.4629016965685,18120.0,golfer,3,#007cbf,,,,,,,,
golfer_group_27,38.028216652177164,-84.46265654714912,18180.0,golfer,3,#007cbf,,,,,,,,
golfer_group_27,38.0284368231631,-84.46241139772975,18240.0,golfer,3,#007cbf,,,,,,,,
golfer_group_27,38.02865699414903,-84.4621662483104,18300.0,golfer,3,#007cbf,,,,,,,,
golfer_group_27,38.02887716513497,-84.46192109889103,18360.0,golfer,3,#007cbf,,,,,,,,
golfer_group_27,38.029097336120905,-84.46167594947165,18420.0,golfer,3,#007cbf,,,,,,,,
golfer_group_27,38.02932048603734,-84.46143527844885,18480.0,golfer,3,#007cbf,,,,,,,,
golfer_group_27,38.02954781666501,-84.4612008925283,18540.0,golfer,3,#007cbf,,,,,,,,
golfer_group_27,38.029775147292675,-84.46096650660775,18600.0,golfer,3,#007cbf,,,,,,,,
golfer_group_27,38.03000247792034,-84.46073212068718,18660.0,golfer,3,#007cbf,,,,,,,,
golfer_group_27,38.03022980854801,-84.46049773476663,18720.0,golfer,3,#007cbf,,,,,,,,
golfer_group_27,38.03028198771919,-84.46029007968264,18780.0,golfer,3,#007cbf,,,,,,,,
golfer_group_27,38.030017377451664,-84.46013077159431,18840.0,golfer,4,#007cbf,,,,,,,,
golfer_group_27,38.02974997117584,-84.46003134117494,18900.0,golfer,4,#007cbf,,,,,,,,
golfer_group_27,38.029472388508275,-84.46014984237516,18960.0,golfer,4,#007cbf,,,,,,,,
golfer_group_27,38.02919480584071,-84.46026834357538,19020.0,golfer,4,#007cbf,,,,,,,,
golfer_group_27,38.02891722317315,-84.46038684477558,19080.0,golfer,4,#007cbf,,,,,,,,
golfer_group_27,38.02863964050559,-84.4605053459758,19140.0,golfer,4,#007cbf,,,,,,,,
golfer_group_27,38.02846819932939,-84.46074999771898,19200.0,golfer,4,#007cbf,,,,,,,,
golfer_group_27,38.028356651102726,-84.46108459413088,19260.0,golfer,4,#007cbf,,,,,,,,
golfer_group_27,38.028163251425084,-84.46136377382878,19320.0,golfer,4,#007cbf,,,,,,,,
golfer_group_27,38.02796985174745,-84.46164295352668,19380.0,golfer,4,#007cbf,,,,,,,,
golfer_group_27,38.02777645206981,-84.46192213322458,19440.0,golfer,4,#007cbf,,,,,,,,
golfer_group_27,38.027583052392174,-84.46220131292247,19500.0,golfer,4,#007cbf,,,,,,,,
golfer_group_27,38.02739313138997,-84.4624841808364,19560.0,golfer,4,#007cbf,,,,,,,,
golfer_group_27,38.02721114487077,-84.46277546117278,19620.0,golfer,4,#007cbf,,,,,,,,
golfer_group_27,38.02702915835156,-84.46306674150915,19680.0,golfer,4,#007cbf,,,,,,,,
golfer_group_27,38.02684717183235,-84.46335802184554,19740.0,golfer,4,#007cbf,,,,,,,,
golfer_group_27,38.027030664719845,-84.46345337202217,19800.0,golfer,4,#007cbf,,,,,,,,
golfer_group_27,38.02732202605173,-84.46349089491457,19860.0,golfer,3,#007cbf,,,,,,,,
golfer_group_27,38.02761338738361,-84.46352841780696,19920.0,golfer,3,#007cbf,,,,,,,,
golfer_group_27,38.02787761975422,-84.46365295047241,19980.0,golfer,4,#007cbf,,,,,,,,
golfer_group_27,38.02811027773896,-84.46387875056652,20040.0,golfer,4,#007cbf,,,,,,,,
golfer_group_27,38.02834293572369,-84.46410455066062,20100.0,golfer,4,#007cbf,,,,,,,,
golfer_group_27,38.028575593708425,-84.46433035075472,20160.0,golfer,4,#007cbf,,,,,,,,
golfer_group_27,38.028808251693164,-84.46455615084882,20220.0,golfer,4,#007cbf,,,,,,,,
golfer_group_27,38.029040909677896,-84.46478195094294,20280.0,golfer,4,#007cbf,,,,,,,,
golfer_group_27,38.02927356766263,-84.46500775103704,20340.0,golfer,4,#007cbf,,,,,,,,
golfer_group_27,38.02950622564737,-84.46523355113113,20400.0,golfer,4,#007cbf,,,,,,,,
golfer_group_27,38.02975350361947,-84.4654282954189,20460.0,golfer,4,#007cbf,,,,,,,,
golfer_group_27,38.030020352724144,-84.46558146666777,20520.0,golfer,4,#007cbf,,,,,,,,
golfer_group_27,38.03028720182882,-84.46573463791665,20580.0,golfer,4,#007cbf,,,,,,,,
golfer_group_27,38.030554050933496,-84.46588780916554,20640.0,golfer,4,#007cbf,,,,,,,,
golfer_group_27,38.0308144451061,-84.46601508231271,20700.0,golfer,4,#007cbf,,,,,,,,
golfer_group_27,38.03096331555731,-84.46569490649415,20760.0,golfer,4,#007cbf,,,,,,,,
golfer_group_27,38.03100160851583,-84.46532942233877,20820.0,golfer,4,#007cbf,,,,,,,,
golfer_group_27,38.03102825601745,-84.4649591665407,20880.0,golfer,4,#007cbf,,,,,,,,
golfer_group_27,38.03105490351906,-84.46458891074262,20940.0,golfer,4,#007cbf,,,,,,,,
golfer_group_27,38.031081551020684,-84.46421865494455,21000.0,golfer,4,#007cbf,,,,,,,,
golfer_group_27,38.031108198522304,-84.46384839914647,21060.0,golfer,4,#007cbf,,,,,,,,
golfer_group_27,38.03113484602392,-84.4634781433484,21120.0,golfer,4,#007cbf,,,,,,,,
golfer_group_27,38.03116149352554,-84.46310788755032,21180.0,golfer,4,#007cbf,,,,,,,,
golfer_group_27,38.031127268705696,-84.46274982308951,21240.0,golfer,4,#007cbf,,,,,,,,
golfer_group_27,38.031012137391194,-84.4624079623538,21300.0,golfer,4,#007cbf,,,,,,,,
golfer_group_27,38.03089700607669,-84.46206610161808,21360.0,golfer,4,#007cbf,,,,,,,,
golfer_group_27,38.0307818747622,-84.46172424088235,21420.0,golfer,4,#007cbf,,,,,,,,
golfer_group_27,38.030666743447696,-84.46138238014663,21480.0,golfer,4,#007cbf,,,,,,,,
golfer_group_27,38.030551612133195,-84.46104051941091,21540.0,golfer,4,#007cbf,,,,,,,,
golfer_group_27,38.03081531898336,-84.46091137688049,21600.0,golfer,4,#007cbf,,,,,,,,
golfer_group_27,38.0310279411826,-84.46098091912485,21660.0,golfer,4,#007cbf,,,,,,,,
golfer_group_27,38.03115090321037,-84.46131835889211,21720.0,golfer,4,#007cbf,,,,,,,,
golfer_group_27,38.031273865238134,-84.46165579865938,21780.0,golfer,4,#007cbf,,,,,,,,
golfer_group_27,38.03139682726591,-84.46199323842663,21840.0,golfer,4,#007cbf,,,,,,,,
golfer_group_27,38.031519789293675,-84.4623306781939,21900.0,golfer,4,#007cbf,,,,,,,,
golfer_group_27,38.03164275132144,-84.46266811796116,21960.0,golfer,4,#007cbf,,,,,,,,
golfer_group_27,38.03176571334921,-84.46300555772842,22020.0,golfer,4,#007cbf,,,,,,,,
golfer_group_27,38.031888675376976,-84.46334299749569,22080.0,golfer,4,#007cbf,,,,,,,,
golfer_group_27,38.031909837946635,-84.46368872876327,22140.0,golfer,4,#007cbf,,,,,,,,
golfer_group_27,38.03182184589159,-84.46404335060477,22200.0,golfer,4,#007cbf,,,,,,,,
golfer_group_27,38.03173385383655,-84.46439797244628,22260.0,golfer,4,#007cbf,,,,,,,,
golfer_group_27,38.031645861781506,-84.46475259428779,22320.0,golfer,4,#007cbf,,,,,,,,
golfer_group_27,38.03155786972646,-84.46510721612928,22380.0,golfer,4,#007cbf,,,,,,,,
golfer_group_27,38.03146987767142,-84.46546183797079,22440.0,golfer,4,#007cbf,,,,,,,,
golfer_group_27,38.03131864912918,-84.46576966145622,22500.0,golfer,4,#007cbf,,,,,,,,
golfer_group_27,38.0311189562348,-84.46604161874937,22560.0,golfer,4,#007cbf,,,,,,,,
golfer_group_27,38.030919263340415,-84.46631357604252,22620.0,golfer,4,#007cbf,,,,,,,,
golfer_group_27,38.030718115722834,-84.46658350967269,22680.0,golfer,4,#007cbf,,,,,,,,
golfer_group_27,38.0304866033238,-84.46681120290668,22740.0,golfer,4,#007cbf,,,,,,,,
golfer_group_27,38.030255090924776,-84.46703889614066,22800.0,golfer,4,#007cbf,,,,,,,,
golfer_group_27,38.03002357852575,-84.46726658937465,22860.0,golfer,4,#007cbf,,,,,,,,
golfer_group_27,38.02979206612672,-84.46749428260863,22920.0,golfer,4,#007cbf,,,,,,,,
golfer_group_27,38.02956055372769,-84.46772197584261,22980.0,golfer,4,#007cbf,,,,,,,,
golfer_group_27,38.02932904132866,-84.4679496690766,23040.0,golfer,4,#007cbf,,,,,,,,
golfer_group_27,38.02909752892963,-84.46817736231058,23100.0,golfer,4,#007cbf,,,,,,,,
golfer_group_27,38.0288660165306,-84.46840505554457,23160.0,golfer,4,#007cbf,,,,,,,,
golfer_group_27,38.02869804015225,-84.46870681462924,23220.0,golfer,4,#007cbf,,,,,,,,
golfer_group_27,38.028539024924726,-84.46901901999702,23280.0,golfer,4,#007cbf,,,,,,,,
golfer_group_27,38.0283800096972,-84.46933122536481,23340.0,golfer,4,#007cbf,,,,,,,,
golfer_group_27,38.028129065075696,-84.46949162304078,23400.0,golfer,4,#007cbf,,,,,,,,
golfer_group_27,38.02785052807789,-84.46960645602002,23460.0,golfer,1,#007cbf,,,,,,,,
golfer_group_27,38.027571991080094,-84.46972128899925,23520.0,golfer,1,#007cbf,,,,,,,,
golfer_group_27,38.02729345408229,-84.4698361219785,23580.0,golfer,4,#007cbf,,,,,,,,
golfer_group_27,38.027014917084486,-84.46995095495774,23640.0,golfer,4,#007cbf,,,,,,,,
golfer_group_27,38.02677219339408,-84.46990690842384,23700.0,golfer,4,#007cbf,,,,,,,,
golfer_group_27,38.026583670283,-84.46962241044099,23760.0,golfer,4,#007cbf,,,,,,,,
golfer_group_27,38.02639514717193,-84.46933791245814,23820.0,golfer,4,#007cbf,,,,,,,,
golfer_group_27,38.026206624060855,-84.4690534144753,23880.0,golfer,4,#007cbf,,,,,,,,
golfer_group_27,38.02601810094978,-84.46876891649245,23940.0,golfer,4,#007cbf,,,,,,,,
golfer_group_27,38.0258295778387,-84.4684844185096,24000.0,golfer,4,#007cbf,,,,,,,,
golfer_group_27,38.02564105472762,-84.46819992052676,24060.0,golfer,4,#007cbf,,,,,,,,
golfer_group_27,38.02539873776804,-84.4680332578427,24120.0,golfer,4,#007cbf,,,,,,,,
golfer_group_27,38.02511056304286,-84.46796704648648,24180.0,golfer,4,#007cbf,,,,,,,,
golfer_group_27,38.02482238831767,-84.46790083513027,24240.0,golfer,4,#007cbf,,,,,,,,
golfer_group_27,38.02466098715723,-84.46791926274804,24300.0,golfer,4,#007cbf,,,,,,,,
golfer_group_27,38.0248672597656,-84.46818316370741,24360.0,golfer,4,#007cbf,,,,,,,,
golfer_group_27,38.025073532373966,-84.46844706466678,24420.0,golfer,4,#007cbf,,,,,,,,
golfer_group_27,38.02498232223591,-84.46858500193528,24480.0,golfer,4,#007cbf,,,,,,,,
golfer_group_27,38.024692555469876,-84.46863886398934,24540.0,golfer,4,#007cbf,,,,,,,,
golfer_group_27,38.02440278870384,-84.4686927260434,24600.0,golfer,4,#007cbf,,,,,,,,
golfer_group_27,38.0241130219378,-84.46874658809746,24660.0,golfer,4,#007cbf,,,,,,,,
golfer_group_27,38.02382325517176,-84.46880045015152,24720.0,golfer,4,#007cbf,,,,,,,,
golfer_group_27,38.023533488405725,-84.46885431220558,24780.0,golfer,4,#007cbf,,,,,,,,
golfer_group_27,38.02325287292604,-84.46895459002404,24840.0,golfer,4,#007cbf,,,,,,,,
golfer_group_27,38.023120094224296,-84.46908677293466,24900.0,golfer,4,#007cbf,,,,,,,,
golfer_group_27,38.02338797984743,-84.46923698741324,24960.0,golfer,4,#007cbf,,,,,,,,
golfer_group_27,38.02365586547056,-84.46938720189182,25020.0,golfer,4,#007cbf,,,,,,,,
golfer_group_27,38.02392375109368,-84.4695374163704,25080.0,golfer,4,#007cbf,,,,,,,,
golfer_group_27,38.024191636716814,-84.46968763084898,25140.0,golfer,4,#007cbf,,,,,,,,
golfer_group_27,38.024459522339946,-84.46983784532756,25200.0,golfer,4,#007cbf,,,,,,,,
golfer_group_27,38.02472740796308,-84.46998805980614,25260.0,golfer,4,#007cbf,,,,,,,,
golfer_group_27,38.0249952935862,-84.47013827428472,25320.0,golfer,4,#007cbf,,,,,,,,
golfer_group_27,38.02526317920933,-84.4702884887633,25380.0,golfer,4,#007cbf,,,,,,,,
golfer_group_27,38.02549053793203,-84.47051685206469,25440.0,golfer,4,#007cbf,,,,,,,,
golfer_group_27,38.02570511747455,-84.47076985771169,25500.0,golfer,4,#007cbf,,,,,,,,
golfer_group_27,38.025919697017066,-84.4710228633587,25560.0,golfer,4,#007cbf,,,,,,,,
golfer_group_27,38.02613427655959,-84.4712758690057,25620.0,golfer,4,#007cbf,,,,,,,,
golfer_group_27,38.02634885610211,-84.4715288746527,25680.0,golfer,4,#007cbf,,,,,,,,
golfer_group_27,38.026563435644626,-84.4717818802997,25740.0,golfer,4,#007cbf,,,,,,,,
golfer_group_27,38.02678243981026,-84.47202860408251,25800.0,golfer,4,#007cbf,,,,,,,,
golfer_group_27,38.02668611647238,-84.47218057293104,25860.0,golfer,4,#007cbf,,,,,,,,
golfer_group_27,38.02640386024167,-84.4722796932027,25920.0,golfer,4,#007cbf,,,,,,,,
golfer_group_27,38.02612160401096,-84.47237881347434,25980.0,golfer,4,#007cbf,,,,,,,,
golfer_group_27,38.02583934778024,-84.47247793374599,26040.0,golfer,4,#007cbf,,,,,,,,
golfer_group_27,38.02555709154953,-84.47257705401765,26100.0,golfer,4,#007cbf,,,,,,,,
golfer_group_27,38.025278899056985,-84.47258808504574,26160.0,golfer,4,#007cbf,,,,,,,,
golfer_group_27,38.02505413568005,-84.47238241246707,26220.0,golfer,4,#007cbf,,,,,,,,
golfer_group_27,38.02491621232278,-84.47205445775451,26280.0,golfer,4,#007cbf,,,,,,,,
golfer_group_27,38.02477828896551,-84.47172650304194,26340.0,golfer,4,#007cbf,,,,,,,,
golfer_group_27,38.024640365608235,-84.47139854832938,26400.0,golfer,4,#007cbf,,,,,,,,
golfer_group_27,38.02450244225096,-84.4710705936168,26460.0,golfer,4,#007cbf,,,,,,,,
golfer_group_27,38.02436451889369,-84.47074263890424,26520.0,golfer,4,#007cbf,,,,,,,,
golfer_group_27,38.02422659553642,-84.47041468419167,26580.0,golfer,4,#007cbf,,,,,,,,
golfer_group_27,38.02408867217915,-84.4700867294791,26640.0,golfer,4,#007cbf,,,,,,,,
golfer_group_27,38.023830177494666,-84.46991493651929,26700.0,golfer,4,#007cbf,,,,,,,,
golfer_group_27,38.02356911857893,-84.46974646470437,26760.0,golfer,4,#007cbf,,,,,,,,
golfer_group_27,38.0233080596632,-84.46957799288944,26820.0,golfer,4,#007cbf,,,,,,,,
golfer_group_27,38.02304700074746,-84.46940952107451,26880.0,golfer,4,#007cbf,,,,,,,,
golfer_group_27,38.0227847606833,-84.46924457405959,26940.0,golfer,4,#007cbf,,,,,,,,
golfer_group_27,38.02250809559787,-84.46912267439926,27000.0,golfer,4,#007cbf,,,,,,,,
golfer_group_27,38.022527943550884,-84.46893235209967,27060.0,golfer,4,#007cbf,,,,,,,,
golfer_group_27,38.02275311404551,-84.46869465006165,27120.0,golfer,4,#007cbf,,,,,,,,
golfer_group_27,38.02297828454014,-84.46845694802364,27180.0,golfer,4,#007cbf,,,,,,,,
golfer_group_27,38.02320345503476,-84.46821924598564,27240.0,golfer,4,#007cbf,,,,,,,,
golfer_group_27,38.023428625529384,-84.46798154394763,27300.0,golfer,4,#007cbf,,,,,,,,
golfer_group_27,38.02365379602401,-84.46774384190961,27360.0,golfer,4,#007cbf,,,,,,,,
golfer_group_27,38.02387896651864,-84.4675061398716,27420.0,golfer,4,#007cbf,,,,,,,,
golfer_group_27,38.02410413701326,-84.4672684378336,27480.0,golfer,4,#007cbf,,,,,,,,
golfer_group_27,38.024329307507884,-84.46703073579559,27540.0,golfer,4,#007cbf,,,,,,,,
golfer_group_27,38.024516630016976,-84.46674714202182,27600.0,golfer,4,#007cbf,,,,,,,,
golfer_group_27,38.02469334505099,-84.4664506863893,27660.0,golfer,4,#007cbf,,,,,,,,
golfer_group_27,38.02487006008501,-84.46615423075679,27720.0,golfer,4,#007cbf,,,,,,,,
golfer_group_27,38.02504677511902,-84.46585777512426,27780.0,golfer,4,#007cbf,,,,,,,,
golfer_group_27,38.02525798622544,-84.46562593134438,27840.0,golfer,4,#007cbf,,,,,,,,
golfer_group_27,38.025540368765746,-84.46552739312297,27900.0,golfer,4,#007cbf,,,,,,,,
golfer_group_27,38.02582275130605,-84.46542885490156,27960.0,golfer,4,#007cbf,,,,,,,,
golfer_group_27,38.02610513384636,-84.46533031668015,28020.0,golfer,4,#007cbf,,,,,,,,
golfer_group_27,38.02637936666449,-84.46537020680762,28080.0,golfer,4,#007cbf,,,,,,,,
golfer_group_27,38.02664707383,-84.4655209394031,28140.0,golfer,4,#007cbf,,,,,,,,
golfer_group_27,38.026914780995504,-84.46567167199859,28200.0,golfer,4,#007cbf,,,,,,,,
golfer_group_27,38.02718248816101,-84.46582240459409,28260.0,golfer,4,#007cbf,,,,,,,,
golfer_group_27,38.027450195326516,-84.46597313718958,28320.0,golfer,4,#007cbf,,,,,,,,
golfer_group_27,38.02771790249202,-84.46612386978506,28380.0,golfer,4,#007cbf,,,,,,,,
golfer_group_27,38.027985609657534,-84.46627460238055,28440.0,golfer,4,#007cbf,,,,,,,,
golfer_group_27,38.02825331682304,-84.46642533497604,28500.0,golfer,4,#007cbf,,,,,,,,
golfer_group_27,38.02854411583699,-84.46643446747252,28560.0,golfer,4,#007cbf,,,,,,,,
golfer_group_27,38.02883696025459,-84.46643105747557,28620.0,golfer,4,#007cbf,,,,,,,,
golfer_group_27,38.02912980467218,-84.46642764747862,28680.0,golfer,4,#007cbf,,,,,,,,
golfer_group_27,38.029422649089774,-84.46642423748168,28740.0,golfer,4,#007cbf,,,,,,,,
golfer_group_27,38.029714660100595,-84.46640554510962,28800.0,golfer,4,#007cbf,,,,,,,,
golfer_group_27,38.03000508074206,-84.46635768976212,28860.0,golfer,4,#007cbf,,,,,,,,
golfer_group_27,38.03029550138352,-84.46630983441462,28920.0,golfer,4,#007cbf,,,,,,,,
golfer_group_27,38.03034421537664,-84.46623396436489,28980.0,golfer,4,#007cbf,,,,,,,,
golfer_group_27,38.0300654222068,-84.4661201350132,29040.0,golfer,4,#007cbf,,,,,,,,
golfer_group_27,38.02978662903697,-84.46600630566151,29100.0,golfer,4,#007cbf,,,,,,,,
golfer_group_27,38.02950783586713,-84.46589247630982,29160.0,golfer,4,#007cbf,,,,,,,,
golfer_group_27,38.029229042697295,-84.46577864695813,29220.0,golfer,4,#007cbf,,,,,,,,
golfer_group_27,38.02895024952746,-84.46566481760644,29280.0,golfer,4,#007cbf,,,,,,,,
golfer_group_27,38.02867145635763,-84.46555098825475,29340.0,golfer,4,#007cbf,,,,,,,,
golfer_group_27,38.02839266318779,-84.46543715890306,29400.0,golfer,4,#007cbf,,,,,,,,
golfer_group_27,38.02811294382565,-84.46532834232956,29460.0,golfer,4,#007cbf,,,,,,,,
golfer_group_27,38.02782336017175,-84.46527291370359,29520.0,golfer,4,#007cbf,,,,,,,,
golfer_group_27,38.02753377651786,-84.46521748507763,29580.0,golfer,4,#007cbf,,,,,,,,
golfer_group_27,38.027244192863975,-84.46516205645167,29640.0,golfer,4,#007cbf,,,,,,,,
golfer_group_27,38.02695460921009,-84.46510662782572,29700.0,golfer,4,#007cbf,,,,,,,,
golfer_group_27,38.02666502555619,-84.46505119919976,29760.0,golfer,4,#007cbf,,,,,,,,
golfer_group_27,38.02637326063661,-84.4650346343973,29820.0,golfer,4,#007cbf,,,,,,,,
golfer_group_27,38.02608041188864,-84.46503738027086,29880.0,golfer,4,#007cbf,,,,,,,,
golfer_group_27,38.025787563140675,-84.46504012614442,29940.0,golfer,2,#007cbf,,,,,,,,
golfer_group_27,38.025494714392714,-84.46504287201797,30000.0,golfer,4,#007cbf,,,,,,,,
golfer_group_27,38.02556401049359,-84.4653626218534,30060.0,golfer,4,#007cbf,,,,,,,,
golfer_group_27,38.025666096931715,-84.46571107475296,30120.0,golfer,4,#007cbf,,,,,,,,
golfer_group_27,38.02576818336984,-84.46605952765252,30180.0,golfer,4,#007cbf,,,,,,,,
golfer_group_27,38.02587026980797,-84.46640798055208,30240.0,golfer,4,#007cbf,,,,,,,,
golfer_group_27,38.02597235624609,-84.46675643345164,30300.0,golfer,4,#007cbf,,,,,,,,
golfer_group_27,38.02607444268422,-84.46710488635118,30360.0,golfer,4,#007cbf,,,,,,,,
golfer_group_27,38.026176529122345,-84.46745333925074,30420.0,golfer,4,#007cbf,,,,,,,,
golfer_group_27,38.02627861556047,-84.4678017921503,30480.0,golfer,4,#007cbf,,,,,,,,
golfer_group_27,38.026391551516966,-84.46814347235242,30540.0,golfer,4,#007cbf,,,,,,,,
golfer_group_27,38.0265466275618,-84.46845884704874,30600.0,golfer,4,#007cbf,,,,,,,,
golfer_group_27,38.02670170360664,-84.46877422174504,30660.0,golfer,4,#007cbf,,,,,,,,
golfer_group_27,38.02685677965148,-84.46908959644135,30720.0,golfer,4,#007cbf,,,,,,,,
golfer_group_27,38.027011855696315,-84.46940497113766,30780.0,golfer,4,#007cbf,,,,,,,,
golfer_group_27,38.027202562026105,-84.46967624119414,30840.0,golfer,4,#007cbf,,,,,,,,
golfer_group_27,38.027447,-84.469881,30900.0,golfer,1,#007cbf,,,,,,,,
golfer_group_28,38.027447,-84.469881,17100.0,golfer,1,#007cbf,,,,,,,,
golfer_group_28,38.02754627606764,-84.46962578282717,17160.0,golfer,1,#007cbf,,,,,,,,
golfer_group_28,38.02744283462056,-84.4692779685763,17220.0,golfer,1,#007cbf,,,,,,,,
golfer_group_28,38.02733939317348,-84.46893015432545,17280.0,golfer,1,#007cbf,,,,,,,,
golfer_group_28,38.0272359517264,-84.46858234007459,17340.0,golfer,1,#007cbf,,,,,,,,
golfer_group_28,38.027132510279316,-84.46823452582373,17400.0,golfer,1,#007cbf,,,,,,,,
golfer_group_28,38.027029068832235,-84.46788671157287,17460.0,golfer,1,#007cbf,,,,,,,,
golfer_group_28,38.026925627385154,-84.46753889732202,17520.0,golfer,1,#007cbf,,,,,,,,
golfer_group_28,38.02682218593807,-84.46719108307117,17580.0,golfer,1,#007cbf,,,,,,,,
golfer_group_28,38.026707885382585,-84.46684997010087,17640.0,golfer,1,#007cbf,,,,,,,,
golfer_group_28,38.0265563489919,-84.46653183579225,17700.0,golfer,1,#007cbf,,,,,,,,
golfer_group_28,38.02640481260122,-84.46621370148365,17760.0,golfer,1,#007cbf,,,,,,,,
golfer_group_28,38.02625327621054,-84.46589556717504,17820.0,golfer,1,#007cbf,,,,,,,,
golfer_group_28,38.026097865476636,-84.4655806681031,17880.0,golfer,1,#007cbf,,,,,,,,
golfer_group_28,38.02592778516153,-84.46527801873756,17940.0,golfer,4,#007cbf,,,,,,,,
golfer_group_28,38.02575770484643,-84.46497536937204,18000.0,golfer,2,#007cbf,,,,,,,,
golfer_group_28,38.02580429978306,-84.46478189846547,18060.0,golfer,2,#007cbf,,,,,,,,
golfer_group_28,38.02609158193444,-84.46470970518055,18120.0,golfer,2,#007cbf,,,,,,,,
golfer_group_28,38.02637886408582,-84.46463751189565,18180.0,golfer,2,#007cbf,,,,,,,,
golfer_group_28,38.0266661462372,-84.46456531861072,18240.0,golfer,2,#007cbf,,,,,,,,
golfer_group_28,38.02695342838857,-84.4644931253258,18300.0,golfer,2,#007cbf,,,,,,,,
golfer_group_28,38.02723262500985,-84.46440936561527,18360.0,golfer,2,#007cbf,,,,,,,,
golfer_group_28,38.02732323296244,-84.46405582806928,18420.0,golfer,2,#007cbf,,,,,,,,
golfer_group_28,38.027413840915024,-84.46370229052329,18480.0,golfer,3,#007cbf,,,,,,,,
golfer_group_28,38.02755613921936,-84.46339199540722,18540.0,golfer,3,#007cbf,,,,,,,,
golfer_group_28,38.02777631020529,-84.46314684598785,18600.0,golfer,3,#007cbf,,,,,,,,
golfer_group_28,38.027996481191224,-84.4629016965685,18660.0,golfer,3,#007cbf,,,,,,,,
golfer_group_28,38.028216652177164,-84.46265654714912,18720.0,golfer,3,#007cbf,,,,,,,,
golfer_group_28,38.0284368231631,-84.46241139772975,18780.0,golfer,3,#007cbf,,,,,,,,
golfer_group_28,38.02865699414903,-84.4621662483104,18840.0,golfer,3,#007cbf,,,,,,,,
golfer_group_28,38.02887716513497,-84.46192109889103,18900.0,golfer,3,#007cbf,,,,,,,,
golfer_group_28,38.029097336120905,-84.46167594947165,18960.0,golfer,3,#007cbf,,,,,,,,
golfer_group_28,38.02932048603734,-84.46143527844885,19020.0,golfer,3,#007cbf,,,,,,,,
golfer_group_28,38.02954781666501,-84.4612008925283,19080.0,golfer,3,#007cbf,,,,,,,,
golfer_group_28,38.029775147292675,-84.46096650660775,19140.0,golfer,3,#007cbf,,,,,,,,
golfer_group_28,38.03000247792034,-84.46073212068718,19200.0,golfer,3,#007cbf,,,,,,,,
golfer_group_28,38.03022980854801,-84.46049773476663,19260.0,golfer,3,#007cbf,,,,,,,,
golfer_group_28,38.03028198771919,-84.46029007968264,19320.0,golfer,3,#007cbf,,,,,,,,
golfer_group_28,38.030017377451664,-84.46013077159431,19380.0,golfer,4,#007cbf,,,,,,,,
golfer_group_28,38.02974997117584,-84.46003134117494,19440.0,golfer,4,#007cbf,,,,,,,,
golfer_group_28,38.029472388508275,-84.46014984237516,19500.0,golfer,4,#007cbf,,,,,,,,
golfer_group_28,38.02919480584071,-84.46026834357538,19560.0,golfer,4,#007cbf,,,,,,,,
golfer_group_28,38.02891722317315,-84.46038684477558,19620.0,golfer,4,#007cbf,,,,,,,,
golfer_group_28,38.02863964050559,-84.4605053459758,19680.0,golfer,4,#007cbf,,,,,,,,
golfer_group_28,38.02846819932939,-84.46074999771898,19740.0,golfer,4,#007cbf,,,,,,,,
golfer_group_28,38.028356651102726,-84.46108459413088,19800.0,golfer,4,#007cbf,,,,,,,,
golfer_group_28,38.028163251425084,-84.46136377382878,19860.0,golfer,4,#007cbf,,,,,,,,
golfer_group_28,38.02796985174745,-84.46164295352668,19920.0,golfer,4,#007cbf,,,,,,,,
golfer_group_28,38.02777645206981,-84.46192213322458,19980.0,golfer,4,#007cbf,,,,,,,,
golfer_group_28,38.027583052392174,-84.46220131292247,20040.0,golfer,4,#007cbf,,,,,,,,
golfer_group_28,38.02739313138997,-84.4624841808364,20100.0,golfer,4,#007cbf,,,,,,,,
golfer_group_28,38.02721114487077,-84.46277546117278,20160.0,golfer,4,#007cbf,,,,,,,,
golfer_group_28,38.02702915835156,-84.46306674150915,20220.0,golfer,4,#007cbf,,,,,,,,
golfer_group_28,38.02684717183235,-84.46335802184554,20280.0,golfer,4,#007cbf,,,,,,,,
golfer_group_28,38.027030664719845,-84.46345337202217,20340.0,golfer,4,#007cbf,,,,,,,,
golfer_group_28,38.02732202605173,-84.46349089491457,20400.0,golfer,3,#007cbf,,,,,,,,
golfer_group_28,38.02761338738361,-84.46352841780696,20460.0,golfer,3,#007cbf,,,,,,,,
golfer_group_28,38.02787761975422,-84.46365295047241,20520.0,golfer,4,#007cbf,,,,,,,,
golfer_group_28,38.02811027773896,-84.46387875056652,20580.0,golfer,4,#007cbf,,,,,,,,
golfer_group_28,38.02834293572369,-84.46410455066062,20640.0,golfer,4,#007cbf,,,,,,,,
golfer_group_28,38.028575593708425,-84.46433035075472,20700.0,golfer,4,#007cbf,,,,,,,,
golfer_group_28,38.028808251693164,-84.46455615084882,20760.0,golfer,4,#007cbf,,,,,,,,
golfer_group_28,38.029040909677896,-84.46478195094294,20820.0,golfer,4,#007cbf,,,,,,,,
golfer_group_28,38.02927356766263,-84.46500775103704,20880.0,golfer,4,#007cbf,,,,,,,,
golfer_group_28,38.02950622564737,-84.46523355113113,20940.0,golfer,4,#007cbf,,,,,,,,
golfer_group_28,38.02975350361947,-84.4654282954189,21000.0,golfer,4,#007cbf,,,,,,,,
golfer_group_28,38.030020352724144,-84.46558146666777,21060.0,golfer,4,#007cbf,,,,,,,,
golfer_group_28,38.03028720182882,-84.46573463791665,21120.0,golfer,4,#007cbf,,,,,,,,
golfer_group_28,38.030554050933496,-84.46588780916554,21180.0,golfer,4,#007cbf,,,,,,,,
golfer_group_28,38.0308144451061,-84.46601508231271,21240.0,golfer,4,#007cbf,,,,,,,,
golfer_group_28,38.03096331555731,-84.46569490649415,21300.0,golfer,4,#007cbf,,,,,,,,
golfer_group_28,38.03100160851583,-84.46532942233877,21360.0,golfer,4,#007cbf,,,,,,,,
golfer_group_28,38.03102825601745,-84.4649591665407,21420.0,golfer,4,#007cbf,,,,,,,,
golfer_group_28,38.03105490351906,-84.46458891074262,21480.0,golfer,4,#007cbf,,,,,,,,
golfer_group_28,38.031081551020684,-84.46421865494455,21540.0,golfer,4,#007cbf,,,,,,,,
golfer_group_28,38.031108198522304,-84.46384839914647,21600.0,golfer,4,#007cbf,,,,,,,,
golfer_group_28,38.03113484602392,-84.4634781433484,21660.0,golfer,4,#007cbf,,,,,,,,
golfer_group_28,38.03116149352554,-84.46310788755032,21720.0,golfer,4,#007cbf,,,,,,,,
golfer_group_28,38.031127268705696,-84.46274982308951,21780.0,golfer,4,#007cbf,,,,,,,,
golfer_group_28,38.031012137391194,-84.4624079623538,21840.0,golfer,4,#007cbf,,,,,,,,
golfer_group_28,38.03089700607669,-84.46206610161808,21900.0,golfer,4,#007cbf,,,,,,,,
golfer_group_28,38.0307818747622,-84.46172424088235,21960.0,golfer,4,#007cbf,,,,,,,,
golfer_group_28,38.030666743447696,-84.46138238014663,22020.0,golfer,4,#007cbf,,,,,,,,
golfer_group_28,38.030551612133195,-84.46104051941091,22080.0,golfer,4,#007cbf,,,,,,,,
golfer_group_28,38.03081531898336,-84.46091137688049,22140.0,golfer,4,#007cbf,,,,,,,,
golfer_group_28,38.0310279411826,-84.46098091912485,22200.0,golfer,4,#007cbf,,,,,,,,
golfer_group_28,38.03115090321037,-84.46131835889211,22260.0,golfer,4,#007cbf,,,,,,,,
golfer_group_28,38.031273865238134,-84.46165579865938,22320.0,golfer,4,#007cbf,,,,,,,,
golfer_group_28,38.03139682726591,-84.46199323842663,22380.0,golfer,4,#007cbf,,,,,,,,
golfer_group_28,38.031519789293675,-84.4623306781939,22440.0,golfer,4,#007cbf,,,,,,,,
golfer_group_28,38.03164275132144,-84.46266811796116,22500.0,golfer,4,#007cbf,,,,,,,,
golfer_group_28,38.03176571334921,-84.46300555772842,22560.0,golfer,4,#007cbf,,,,,,,,
golfer_group_28,38.031888675376976,-84.46334299749569,22620.0,golfer,4,#007cbf,,,,,,,,
golfer_group_28,38.031909837946635,-84.46368872876327,22680.0,golfer,4,#007cbf,,,,,,,,
golfer_group_28,38.03182184589159,-84.46404335060477,22740.0,golfer,4,#007cbf,,,,,,,,
golfer_group_28,38.03173385383655,-84.46439797244628,22800.0,golfer,4,#007cbf,,,,,,,,
golfer_group_28,38.031645861781506,-84.46475259428779,22860.0,golfer,4,#007cbf,,,,,,,,
golfer_group_28,38.03155786972646,-84.46510721612928,22920.0,golfer,4,#007cbf,,,,,,,,
golfer_group_28,38.03146987767142,-84.46546183797079,22980.0,golfer,4,#007cbf,,,,,,,,
golfer_group_28,38.03131864912918,-84.46576966145622,23040.0,golfer,4,#007cbf,,,,,,,,
golfer_group_28,38.0311189562348,-84.46604161874937,23100.0,golfer,4,#007cbf,,,,,,,,
golfer_group_28,38.030919263340415,-84.46631357604252,23160.0,golfer,4,#007cbf,,,,,,,,
golfer_group_28,38.030718115722834,-84.46658350967269,23220.0,golfer,4,#007cbf,,,,,,,,
golfer_group_28,38.0304866033238,-84.46681120290668,23280.0,golfer,4,#007cbf,,,,,,,,
golfer_group_28,38.030255090924776,-84.46703889614066,23340.0,golfer,4,#007cbf,,,,,,,,
golfer_group_28,38.03002357852575,-84.46726658937465,23400.0,golfer,4,#007cbf,,,,,,,,
golfer_group_28,38.02979206612672,-84.46749428260863,23460.0,golfer,4,#007cbf,,,,,,,,
golfer_group_28,38.02956055372769,-84.46772197584261,23520.0,golfer,4,#007cbf,,,,,,,,
golfer_group_28,38.02932904132866,-84.4679496690766,23580.0,golfer,4,#007cbf,,,,,,,,
golfer_group_28,38.02909752892963,-84.46817736231058,23640.0,golfer,4,#007cbf,,,,,,,,
golfer_group_28,38.0288660165306,-84.46840505554457,23700.0,golfer,4,#007cbf,,,,,,,,
golfer_group_28,38.02869804015225,-84.46870681462924,23760.0,golfer,4,#007cbf,,,,,,,,
golfer_group_28,38.028539024924726,-84.46901901999702,23820.0,golfer,4,#007cbf,,,,,,,,
golfer_group_28,38.0283800096972,-84.46933122536481,23880.0,golfer,4,#007cbf,,,,,,,,
golfer_group_28,38.028129065075696,-84.46949162304078,23940.0,golfer,4,#007cbf,,,,,,,,
golfer_group_28,38.02785052807789,-84.46960645602002,24000.0,golfer,1,#007cbf,,,,,,,,
golfer_group_28,38.027571991080094,-84.46972128899925,24060.0,golfer,1,#007cbf,,,,,,,,
golfer_group_28,38.02729345408229,-84.4698361219785,24120.0,golfer,4,#007cbf,,,,,,,,
golfer_group_28,38.027014917084486,-84.46995095495774,24180.0,golfer,4,#007cbf,,,,,,,,
golfer_group_28,38.02677219339408,-84.46990690842384,24240.0,golfer,4,#007cbf,,,,,,,,
golfer_group_28,38.026583670283,-84.46962241044099,24300.0,golfer,4,#007cbf,,,,,,,,
golfer_group_28,38.02639514717193,-84.46933791245814,24360.0,golfer,4,#007cbf,,,,,,,,
golfer_group_28,38.026206624060855,-84.4690534144753,24420.0,golfer,4,#007cbf,,,,,,,,
golfer_group_28,38.02601810094978,-84.46876891649245,24480.0,golfer,4,#007cbf,,,,,,,,
golfer_group_28,38.0258295778387,-84.4684844185096,24540.0,golfer,4,#007cbf,,,,,,,,
golfer_group_28,38.02564105472762,-84.46819992052676,24600.0,golfer,4,#007cbf,,,,,,,,
golfer_group_28,38.02539873776804,-84.4680332578427,24660.0,golfer,4,#007cbf,,,,,,,,
golfer_group_28,38.02511056304286,-84.46796704648648,24720.0,golfer,4,#007cbf,,,,,,,,
golfer_group_28,38.02482238831767,-84.46790083513027,24780.0,golfer,4,#007cbf,,,,,,,,
golfer_group_28,38.02466098715723,-84.46791926274804,24840.0,golfer,4,#007cbf,,,,,,,,
golfer_group_28,38.0248672597656,-84.46818316370741,24900.0,golfer,4,#007cbf,,,,,,,,
golfer_group_28,38.025073532373966,-84.46844706466678,24960.0,golfer,4,#007cbf,,,,,,,,
golfer_group_28,38.02498232223591,-84.46858500193528,25020.0,golfer,4,#007cbf,,,,,,,,
golfer_group_28,38.024692555469876,-84.46863886398934,25080.0,golfer,4,#007cbf,,,,,,,,
golfer_group_28,38.02440278870384,-84.4686927260434,25140.0,golfer,4,#007cbf,,,,,,,,
golfer_group_28,38.0241130219378,-84.46874658809746,25200.0,golfer,4,#007cbf,,,,,,,,
golfer_group_28,38.02382325517176,-84.46880045015152,25260.0,golfer,4,#007cbf,,,,,,,,
golfer_group_28,38.023533488405725,-84.46885431220558,25320.0,golfer,4,#007cbf,,,,,,,,
golfer_group_28,38.02325287292604,-84.46895459002404,25380.0,golfer,4,#007cbf,,,,,,,,
golfer_group_28,38.023120094224296,-84.46908677293466,25440.0,golfer,4,#007cbf,,,,,,,,
golfer_group_28,38.02338797984743,-84.46923698741324,25500.0,golfer,4,#007cbf,,,,,,,,
golfer_group_28,38.02365586547056,-84.46938720189182,25560.0,golfer,4,#007cbf,,,,,,,,
golfer_group_28,38.02392375109368,-84.4695374163704,25620.0,golfer,4,#007cbf,,,,,,,,
golfer_group_28,38.024191636716814,-84.46968763084898,25680.0,golfer,4,#007cbf,,,,,,,,
golfer_group_28,38.024459522339946,-84.46983784532756,25740.0,golfer,4,#007cbf,,,,,,,,
golfer_group_28,38.02472740796308,-84.46998805980614,25800.0,golfer,4,#007cbf,,,,,,,,
golfer_group_28,38.0249952935862,-84.47013827428472,25860.0,golfer,4,#007cbf,,,,,,,,
golfer_group_28,38.02526317920933,-84.4702884887633,25920.0,golfer,4,#007cbf,,,,,,,,
golfer_group_28,38.02549053793203,-84.47051685206469,25980.0,golfer,4,#007cbf,,,,,,,,
golfer_group_28,38.02570511747455,-84.47076985771169,26040.0,golfer,4,#007cbf,,,,,,,,
golfer_group_28,38.025919697017066,-84.4710228633587,26100.0,golfer,4,#007cbf,,,,,,,,
golfer_group_28,38.02613427655959,-84.4712758690057,26160.0,golfer,4,#007cbf,,,,,,,,
golfer_group_28,38.02634885610211,-84.4715288746527,26220.0,golfer,4,#007cbf,,,,,,,,
golfer_group_28,38.026563435644626,-84.4717818802997,26280.0,golfer,4,#007cbf,,,,,,,,
golfer_group_28,38.02678243981026,-84.47202860408251,26340.0,golfer,4,#007cbf,,,,,,,,
golfer_group_28,38.02668611647238,-84.47218057293104,26400.0,golfer,4,#007cbf,,,,,,,,
golfer_group_28,38.02640386024167,-84.4722796932027,26460.0,golfer,4,#007cbf,,,,,,,,
golfer_group_28,38.02612160401096,-84.47237881347434,26520.0,golfer,4,#007cbf,,,,,,,,
golfer_group_28,38.02583934778024,-84.47247793374599,26580.0,golfer,4,#007cbf,,,,,,,,
golfer_group_28,38.02555709154953,-84.47257705401765,26640.0,golfer,4,#007cbf,,,,,,,,
golfer_group_28,38.025278899056985,-84.47258808504574,26700.0,golfer,4,#007cbf,,,,,,,,
golfer_group_28,38.02505413568005,-84.47238241246707,26760.0,golfer,4,#007cbf,,,,,,,,
golfer_group_28,38.02491621232278,-84.47205445775451,26820.0,golfer,4,#007cbf,,,,,,,,
golfer_group_28,38.02477828896551,-84.47172650304194,26880.0,golfer,4,#007cbf,,,,,,,,
golfer_group_28,38.024640365608235,-84.47139854832938,26940.0,golfer,4,#007cbf,,,,,,,,
golfer_group_28,38.02450244225096,-84.4710705936168,27000.0,golfer,4,#007cbf,,,,,,,,
golfer_group_28,38.02436451889369,-84.47074263890424,27060.0,golfer,4,#007cbf,,,,,,,,
golfer_group_28,38.02422659553642,-84.47041468419167,27120.0,golfer,4,#007cbf,,,,,,,,
golfer_group_28,38.02408867217915,-84.4700867294791,27180.0,golfer,4,#007cbf,,,,,,,,
golfer_group_28,38.023830177494666,-84.46991493651929,27240.0,golfer,4,#007cbf,,,,,,,,
golfer_group_28,38.02356911857893,-84.46974646470437,27300.0,golfer,4,#007cbf,,,,,,,,
golfer_group_28,38.0233080596632,-84.46957799288944,27360.0,golfer,4,#007cbf,,,,,,,,
golfer_group_28,38.02304700074746,-84.46940952107451,27420.0,golfer,4,#007cbf,,,,,,,,
golfer_group_28,38.0227847606833,-84.46924457405959,27480.0,golfer,4,#007cbf,,,,,,,,
golfer_group_28,38.02250809559787,-84.46912267439926,27540.0,golfer,4,#007cbf,,,,,,,,
golfer_group_28,38.022527943550884,-84.46893235209967,27600.0,golfer,4,#007cbf,,,,,,,,
golfer_group_28,38.02275311404551,-84.46869465006165,27660.0,golfer,4,#007cbf,,,,,,,,
golfer_group_28,38.02297828454014,-84.46845694802364,27720.0,golfer,4,#007cbf,,,,,,,,
golfer_group_28,38.02320345503476,-84.46821924598564,27780.0,golfer,4,#007cbf,,,,,,,,
golfer_group_28,38.023428625529384,-84.46798154394763,27840.0,golfer,4,#007cbf,,,,,,,,
golfer_group_28,38.02365379602401,-84.46774384190961,27900.0,golfer,4,#007cbf,,,,,,,,
golfer_group_28,38.02387896651864,-84.4675061398716,27960.0,golfer,4,#007cbf,,,,,,,,
golfer_group_28,38.02410413701326,-84.4672684378336,28020.0,golfer,4,#007cbf,,,,,,,,
golfer_group_28,38.024329307507884,-84.46703073579559,28080.0,golfer,4,#007cbf,,,,,,,,
golfer_group_28,38.024516630016976,-84.46674714202182,28140.0,golfer,4,#007cbf,,,,,,,,
golfer_group_28,38.02469334505099,-84.4664506863893,28200.0,golfer,4,#007cbf,,,,,,,,
golfer_group_28,38.02487006008501,-84.46615423075679,28260.0,golfer,4,#007cbf,,,,,,,,
golfer_group_28,38.02504677511902,-84.46585777512426,28320.0,golfer,4,#007cbf,,,,,,,,
golfer_group_28,38.02525798622544,-84.46562593134438,28380.0,golfer,4,#007cbf,,,,,,,,
golfer_group_28,38.025540368765746,-84.46552739312297,28440.0,golfer,4,#007cbf,,,,,,,,
golfer_group_28,38.02582275130605,-84.46542885490156,28500.0,golfer,4,#007cbf,,,,,,,,
golfer_group_28,38.02610513384636,-84.46533031668015,28560.0,golfer,4,#007cbf,,,,,,,,
golfer_group_28,38.02637936666449,-84.46537020680762,28620.0,golfer,4,#007cbf,,,,,,,,
golfer_group_28,38.02664707383,-84.4655209394031,28680.0,golfer,4,#007cbf,,,,,,,,
golfer_group_28,38.026914780995504,-84.46567167199859,28740.0,golfer,4,#007cbf,,,,,,,,
golfer_group_28,38.02718248816101,-84.46582240459409,28800.0,golfer,4,#007cbf,,,,,,,,
golfer_group_28,38.027450195326516,-84.46597313718958,28860.0,golfer,4,#007cbf,,,,,,,,
golfer_group_28,38.02771790249202,-84.46612386978506,28920.0,golfer,4,#007cbf,,,,,,,,
golfer_group_28,38.027985609657534,-84.46627460238055,28980.0,golfer,4,#007cbf,,,,,,,,
golfer_group_28,38.02825331682304,-84.46642533497604,29040.0,golfer,4,#007cbf,,,,,,,,
golfer_group_28,38.02854411583699,-84.46643446747252,29100.0,golfer,4,#007cbf,,,,,,,,
golfer_group_28,38.02883696025459,-84.46643105747557,29160.0,golfer,4,#007cbf,,,,,,,,
golfer_group_28,38.02912980467218,-84.46642764747862,29220.0,golfer,4,#007cbf,,,,,,,,
golfer_group_28,38.029422649089774,-84.46642423748168,29280.0,golfer,4,#007cbf,,,,,,,,
golfer_group_28,38.029714660100595,-84.46640554510962,29340.0,golfer,4,#007cbf,,,,,,,,
golfer_group_28,38.03000508074206,-84.46635768976212,29400.0,golfer,4,#007cbf,,,,,,,,
golfer_group_28,38.03029550138352,-84.46630983441462,29460.0,golfer,4,#007cbf,,,,,,,,
golfer_group_28,38.03034421537664,-84.46623396436489,29520.0,golfer,4,#007cbf,,,,,,,,
golfer_group_28,38.0300654222068,-84.4661201350132,29580.0,golfer,4,#007cbf,,,,,,,,
golfer_group_28,38.02978662903697,-84.46600630566151,29640.0,golfer,4,#007cbf,,,,,,,,
golfer_group_28,38.02950783586713,-84.46589247630982,29700.0,golfer,4,#007cbf,,,,,,,,
golfer_group_28,38.029229042697295,-84.46577864695813,29760.0,golfer,4,#007cbf,,,,,,,,
golfer_group_28,38.02895024952746,-84.46566481760644,29820.0,golfer,4,#007cbf,,,,,,,,
golfer_group_28,38.02867145635763,-84.46555098825475,29880.0,golfer,4,#007cbf,,,,,,,,
golfer_group_28,38.02839266318779,-84.46543715890306,29940.0,golfer,4,#007cbf,,,,,,,,
golfer_group_28,38.02811294382565,-84.46532834232956,30000.0,golfer,4,#007cbf,,,,,,,,
golfer_group_28,38.02782336017175,-84.46527291370359,30060.0,golfer,4,#007cbf,,,,,,,,
golfer_group_28,38.02753377651786,-84.46521748507763,30120.0,golfer,4,#007cbf,,,,,,,,
golfer_group_28,38.027244192863975,-84.46516205645167,30180.0,golfer,4,#007cbf,,,,,,,,
golfer_group_28,38.02695460921009,-84.46510662782572,30240.0,golfer,4,#007cbf,,,,,,,,
golfer_group_28,38.02666502555619,-84.46505119919976,30300.0,golfer,4,#007cbf,,,,,,,,
golfer_group_28,38.02637326063661,-84.4650346343973,30360.0,golfer,4,#007cbf,,,,,,,,
golfer_group_28,38.02608041188864,-84.46503738027086,30420.0,golfer,4,#007cbf,,,,,,,,
golfer_group_28,38.025787563140675,-84.46504012614442,30480.0,golfer,2,#007cbf,,,,,,,,
golfer_group_28,38.025494714392714,-84.46504287201797,30540.0,golfer,4,#007cbf,,,,,,,,
golfer_group_28,38.02556401049359,-84.4653626218534,30600.0,golfer,4,#007cbf,,,,,,,,
golfer_group_28,38.025666096931715,-84.46571107475296,30660.0,golfer,4,#007cbf,,,,,,,,
golfer_group_28,38.02576818336984,-84.46605952765252,30720.0,golfer,4,#007cbf,,,,,,,,
golfer_group_28,38.02587026980797,-84.46640798055208,30780.0,golfer,4,#007cbf,,,,,,,,
golfer_group_28,38.02597235624609,-84.46675643345164,30840.0,golfer,4,#007cbf,,,,,,,,
golfer_group_28,38.02607444268422,-84.46710488635118,30900.0,golfer,4,#007cbf,,,,,,,,
golfer_group_28,38.026176529122345,-84.46745333925074,30960.0,golfer,4,#007cbf,,,,,,,,
golfer_group_28,38.02627861556047,-84.4678017921503,31020.0,golfer,4,#007cbf,,,,,,,,
golfer_group_28,38.026391551516966,-84.46814347235242,31080.0,golfer,4,#007cbf,,,,,,,,
golfer_group_28,38.0265466275618,-84.46845884704874,31140.0,golfer,4,#007cbf,,,,,,,,
golfer_group_28,38.02670170360664,-84.46877422174504,31200.0,golfer,4,#007cbf,,,,,,,,
golfer_group_28,38.02685677965148,-84.46908959644135,31260.0,golfer,4,#007cbf,,,,,,,,
golfer_group_28,38.027011855696315,-84.46940497113766,31320.0,golfer,4,#007cbf,,,,,,,,
golfer_group_28,38.027202562026105,-84.46967624119414,31380.0,golfer,4,#007cbf,,,,,,,,
golfer_group_28,38.027447,-84.469881,31440.0,golfer,1,#007cbf,,,,,,,,
golfer_group_29,38.027447,-84.469881,17640.0,golfer,1,#007cbf,,,,,,,,
golfer_group_29,38.02754627606764,-84.46962578282717,17700.0,golfer,1,#007cbf,,,,,,,,
golfer_group_29,38.02744283462056,-84.4692779685763,17760.0,golfer,1,#007cbf,,,,,,,,
golfer_group_29,38.02733939317348,-84.46893015432545,17820.0,golfer,1,#007cbf,,,,,,,,
golfer_group_29,38.0272359517264,-84.46858234007459,17880.0,golfer,1,#007cbf,,,,,,,,
golfer_group_29,38.027132510279316,-84.46823452582373,17940.0,golfer,1,#007cbf,,,,,,,,
golfer_group_29,38.027029068832235,-84.46788671157287,18000.0,golfer,1,#007cbf,,,,,,,,
golfer_group_29,38.026925627385154,-84.46753889732202,18060.0,golfer,1,#007cbf,,,,,,,,
golfer_group_29,38.02682218593807,-84.46719108307117,18120.0,golfer,1,#007cbf,,,,,,,,
golfer_group_29,38.026707885382585,-84.46684997010087,18180.0,golfer,1,#007cbf,,,,,,,,
golfer_group_29,38.0265563489919,-84.46653183579225,18240.0,golfer,1,#007cbf,,,,,,,,
golfer_group_29,38.02640481260122,-84.46621370148365,18300.0,golfer,1,#007cbf,,,,,,,,
golfer_group_29,38.02625327621054,-84.46589556717504,18360.0,golfer,1,#007cbf,,,,,,,,
golfer_group_29,38.026097865476636,-84.4655806681031,18420.0,golfer,1,#007cbf,,,,,,,,
golfer_group_29,38.02592778516153,-84.46527801873756,18480.0,golfer,4,#007cbf,,,,,,,,
golfer_group_29,38.02575770484643,-84.46497536937204,18540.0,golfer,2,#007cbf,,,,,,,,
golfer_group_29,38.02580429978306,-84.46478189846547,18600.0,golfer,2,#007cbf,,,,,,,,
golfer_group_29,38.02609158193444,-84.46470970518055,18660.0,golfer,2,#007cbf,,,,,,,,
golfer_group_29,38.02637886408582,-84.46463751189565,18720.0,golfer,2,#007cbf,,,,,,,,
golfer_group_29,38.0266661462372,-84.46456531861072,18780.0,golfer,2,#007cbf,,,,,,,,
golfer_group_29,38.02695342838857,-84.4644931253258,18840.0,golfer,2,#007cbf,,,,,,,,
golfer_group_29,38.02723262500985,-84.46440936561527,18900.0,golfer,2,#007cbf,,,,,,,,
golfer_group_29,38.02732323296244,-84.46405582806928,18960.0,golfer,2,#007cbf,,,,,,,,
golfer_group_29,38.027413840915024,-84.46370229052329,19020.0,golfer,3,#007cbf,,,,,,,,
golfer_group_29,38.02755613921936,-84.46339199540722,19080.0,golfer,3,#007cbf,,,,,,,,
golfer_group_29,38.02777631020529,-84.46314684598785,19140.0,golfer,3,#007cbf,,,,,,,,
golfer_group_29,38.027996481191224,-84.4629016965685,19200.0,golfer,3,#007cbf,,,,,,,,
golfer_group_29,38.028216652177164,-84.46265654714912,19260.0,golfer,3,#007cbf,,,,,,,,
golfer_group_29,38.0284368231631,-84.46241139772975,19320.0,golfer,3,#007cbf,,,,,,,,
golfer_group_29,38.02865699414903,-84.4621662483104,19380.0,golfer,3,#007cbf,,,,,,,,
golfer_group_29,38.02887716513497,-84.46192109889103,19440.0,golfer,3,#007cbf,,,,,,,,
golfer_group_29,38.029097336120905,-84.46167594947165,19500.0,golfer,3,#007cbf,,,,,,,,
golfer_group_29,38.02932048603734,-84.46143527844885,19560.0,golfer,3,#007cbf,,,,,,,,
golfer_group_29,38.02954781666501,-84.4612008925283,19620.0,golfer,3,#007cbf,,,,,,,,
golfer_group_29,38.029775147292675,-84.46096650660775,19680.0,golfer,3,#007cbf,,,,,,,,
golfer_group_29,38.03000247792034,-84.46073212068718,19740.0,golfer,3,#007cbf,,,,,,,,
golfer_group_29,38.03022980854801,-84.46049773476663,19800.0,golfer,3,#007cbf,,,,,,,,
golfer_group_29,38.03028198771919,-84.46029007968264,19860.0,golfer,3,#007cbf,,,,,,,,
golfer_group_29,38.030017377451664,-84.46013077159431,19920.0,golfer,4,#007cbf,,,,,,,,
golfer_group_29,38.02974997117584,-84.46003134117494,19980.0,golfer,4,#007cbf,,,,,,,,
golfer_group_29,38.029472388508275,-84.46014984237516,20040.0,golfer,4,#007cbf,,,,,,,,
golfer_group_29,38.02919480584071,-84.46026834357538,20100.0,golfer,4,#007cbf,,,,,,,,
golfer_group_29,38.02891722317315,-84.46038684477558,20160.0,golfer,4,#007cbf,,,,,,,,
golfer_group_29,38.02863964050559,-84.4605053459758,20220.0,golfer,4,#007cbf,,,,,,,,
golfer_group_29,38.02846819932939,-84.46074999771898,20280.0,golfer,4,#007cbf,,,,,,,,
golfer_group_29,38.028356651102726,-84.46108459413088,20340.0,golfer,4,#007cbf,,,,,,,,
golfer_group_29,38.028163251425084,-84.46136377382878,20400.0,golfer,4,#007cbf,,,,,,,,
golfer_group_29,38.02796985174745,-84.46164295352668,20460.0,golfer,4,#007cbf,,,,,,,,
golfer_group_29,38.02777645206981,-84.46192213322458,20520.0,golfer,4,#007cbf,,,,,,,,
golfer_group_29,38.027583052392174,-84.46220131292247,20580.0,golfer,4,#007cbf,,,,,,,,
golfer_group_29,38.02739313138997,-84.4624841808364,20640.0,golfer,4,#007cbf,,,,,,,,
golfer_group_29,38.02721114487077,-84.46277546117278,20700.0,golfer,4,#007cbf,,,,,,,,
golfer_group_29,38.02702915835156,-84.46306674150915,20760.0,golfer,4,#007cbf,,,,,,,,
golfer_group_29,38.02684717183235,-84.46335802184554,20820.0,golfer,4,#007cbf,,,,,,,,
golfer_group_29,38.027030664719845,-84.46345337202217,20880.0,golfer,4,#007cbf,,,,,,,,
golfer_group_29,38.02732202605173,-84.46349089491457,20940.0,golfer,3,#007cbf,,,,,,,,
golfer_group_29,38.02761338738361,-84.46352841780696,21000.0,golfer,3,#007cbf,,,,,,,,
golfer_group_29,38.02787761975422,-84.46365295047241,21060.0,golfer,4,#007cbf,,,,,,,,
golfer_group_29,38.02811027773896,-84.46387875056652,21120.0,golfer,4,#007cbf,,,,,,,,
golfer_group_29,38.02834293572369,-84.46410455066062,21180.0,golfer,4,#007cbf,,,,,,,,
golfer_group_29,38.028575593708425,-84.46433035075472,21240.0,golfer,4,#007cbf,,,,,,,,
golfer_group_29,38.028808251693164,-84.46455615084882,21300.0,golfer,4,#007cbf,,,,,,,,
golfer_group_29,38.029040909677896,-84.46478195094294,21360.0,golfer,4,#007cbf,,,,,,,,
golfer_group_29,38.02927356766263,-84.46500775103704,21420.0,golfer,4,#007cbf,,,,,,,,
golfer_group_29,38.02950622564737,-84.46523355113113,21480.0,golfer,4,#007cbf,,,,,,,,
golfer_group_29,38.02975350361947,-84.4654282954189,21540.0,golfer,4,#007cbf,,,,,,,,
golfer_group_29,38.030020352724144,-84.46558146666777,21600.0,golfer,4,#007cbf,,,,,,,,
golfer_group_29,38.03028720182882,-84.46573463791665,21660.0,golfer,4,#007cbf,,,,,,,,
golfer_group_29,38.030554050933496,-84.46588780916554,21720.0,golfer,4,#007cbf,,,,,,,,
golfer_group_29,38.0308144451061,-84.46601508231271,21780.0,golfer,4,#007cbf,,,,,,,,
golfer_group_29,38.03096331555731,-84.46569490649415,21840.0,golfer,4,#007cbf,,,,,,,,
golfer_group_29,38.03100160851583,-84.46532942233877,21900.0,golfer,4,#007cbf,,,,,,,,
golfer_group_29,38.03102825601745,-84.4649591665407,21960.0,golfer,4,#007cbf,,,,,,,,
golfer_group_29,38.03105490351906,-84.46458891074262,22020.0,golfer,4,#007cbf,,,,,,,,
golfer_group_29,38.031081551020684,-84.46421865494455,22080.0,golfer,4,#007cbf,,,,,,,,
golfer_group_29,38.031108198522304,-84.46384839914647,22140.0,golfer,4,#007cbf,,,,,,,,
golfer_group_29,38.03113484602392,-84.4634781433484,22200.0,golfer,4,#007cbf,,,,,,,,
golfer_group_29,38.03116149352554,-84.46310788755032,22260.0,golfer,4,#007cbf,,,,,,,,
golfer_group_29,38.031127268705696,-84.46274982308951,22320.0,golfer,4,#007cbf,,,,,,,,
golfer_group_29,38.031012137391194,-84.4624079623538,22380.0,golfer,4,#007cbf,,,,,,,,
golfer_group_29,38.03089700607669,-84.46206610161808,22440.0,golfer,4,#007cbf,,,,,,,,
golfer_group_29,38.0307818747622,-84.46172424088235,22500.0,golfer,4,#007cbf,,,,,,,,
golfer_group_29,38.030666743447696,-84.46138238014663,22560.0,golfer,4,#007cbf,,,,,,,,
golfer_group_29,38.030551612133195,-84.46104051941091,22620.0,golfer,4,#007cbf,,,,,,,,
golfer_group_29,38.03081531898336,-84.46091137688049,22680.0,golfer,4,#007cbf,,,,,,,,
golfer_group_29,38.0310279411826,-84.46098091912485,22740.0,golfer,4,#007cbf,,,,,,,,
golfer_group_29,38.03115090321037,-84.46131835889211,22800.0,golfer,4,#007cbf,,,,,,,,
golfer_group_29,38.031273865238134,-84.46165579865938,22860.0,golfer,4,#007cbf,,,,,,,,
golfer_group_29,38.03139682726591,-84.46199323842663,22920.0,golfer,4,#007cbf,,,,,,,,
golfer_group_29,38.031519789293675,-84.4623306781939,22980.0,golfer,4,#007cbf,,,,,,,,
golfer_group_29,38.03164275132144,-84.46266811796116,23040.0,golfer,4,#007cbf,,,,,,,,
golfer_group_29,38.03176571334921,-84.46300555772842,23100.0,golfer,4,#007cbf,,,,,,,,
golfer_group_29,38.031888675376976,-84.46334299749569,23160.0,golfer,4,#007cbf,,,,,,,,
golfer_group_29,38.031909837946635,-84.46368872876327,23220.0,golfer,4,#007cbf,,,,,,,,
golfer_group_29,38.03182184589159,-84.46404335060477,23280.0,golfer,4,#007cbf,,,,,,,,
golfer_group_29,38.03173385383655,-84.46439797244628,23340.0,golfer,4,#007cbf,,,,,,,,
golfer_group_29,38.031645861781506,-84.46475259428779,23400.0,golfer,4,#007cbf,,,,,,,,
golfer_group_29,38.03155786972646,-84.46510721612928,23460.0,golfer,4,#007cbf,,,,,,,,
golfer_group_29,38.03146987767142,-84.46546183797079,23520.0,golfer,4,#007cbf,,,,,,,,
golfer_group_29,38.03131864912918,-84.46576966145622,23580.0,golfer,4,#007cbf,,,,,,,,
golfer_group_29,38.0311189562348,-84.46604161874937,23640.0,golfer,4,#007cbf,,,,,,,,
golfer_group_29,38.030919263340415,-84.46631357604252,23700.0,golfer,4,#007cbf,,,,,,,,
golfer_group_29,38.030718115722834,-84.46658350967269,23760.0,golfer,4,#007cbf,,,,,,,,
golfer_group_29,38.0304866033238,-84.46681120290668,23820.0,golfer,4,#007cbf,,,,,,,,
golfer_group_29,38.030255090924776,-84.46703889614066,23880.0,golfer,4,#007cbf,,,,,,,,
golfer_group_29,38.03002357852575,-84.46726658937465,23940.0,golfer,4,#007cbf,,,,,,,,
golfer_group_29,38.02979206612672,-84.46749428260863,24000.0,golfer,4,#007cbf,,,,,,,,
golfer_group_29,38.02956055372769,-84.46772197584261,24060.0,golfer,4,#007cbf,,,,,,,,
golfer_group_29,38.02932904132866,-84.4679496690766,24120.0,golfer,4,#007cbf,,,,,,,,
golfer_group_29,38.02909752892963,-84.46817736231058,24180.0,golfer,4,#007cbf,,,,,,,,
golfer_group_29,38.0288660165306,-84.46840505554457,24240.0,golfer,4,#007cbf,,,,,,,,
golfer_group_29,38.02869804015225,-84.46870681462924,24300.0,golfer,4,#007cbf,,,,,,,,
golfer_group_29,38.028539024924726,-84.46901901999702,24360.0,golfer,4,#007cbf,,,,,,,,
golfer_group_29,38.0283800096972,-84.46933122536481,24420.0,golfer,4,#007cbf,,,,,,,,
golfer_group_29,38.028129065075696,-84.46949162304078,24480.0,golfer,4,#007cbf,,,,,,,,
golfer_group_29,38.02785052807789,-84.46960645602002,24540.0,golfer,1,#007cbf,,,,,,,,
golfer_group_29,38.027571991080094,-84.46972128899925,24600.0,golfer,1,#007cbf,,,,,,,,
golfer_group_29,38.02729345408229,-84.4698361219785,24660.0,golfer,4,#007cbf,,,,,,,,
golfer_group_29,38.027014917084486,-84.46995095495774,24720.0,golfer,4,#007cbf,,,,,,,,
golfer_group_29,38.02677219339408,-84.46990690842384,24780.0,golfer,4,#007cbf,,,,,,,,
golfer_group_29,38.026583670283,-84.46962241044099,24840.0,golfer,4,#007cbf,,,,,,,,
golfer_group_29,38.02639514717193,-84.46933791245814,24900.0,golfer,4,#007cbf,,,,,,,,
golfer_group_29,38.026206624060855,-84.4690534144753,24960.0,golfer,4,#007cbf,,,,,,,,
golfer_group_29,38.02601810094978,-84.46876891649245,25020.0,golfer,4,#007cbf,,,,,,,,
golfer_group_29,38.0258295778387,-84.4684844185096,25080.0,golfer,4,#007cbf,,,,,,,,
golfer_group_29,38.02564105472762,-84.46819992052676,25140.0,golfer,4,#007cbf,,,,,,,,
golfer_group_29,38.02539873776804,-84.4680332578427,25200.0,golfer,4,#007cbf,,,,,,,,
golfer_group_29,38.02511056304286,-84.46796704648648,25260.0,golfer,4,#007cbf,,,,,,,,
golfer_group_29,38.02482238831767,-84.46790083513027,25320.0,golfer,4,#007cbf,,,,,,,,
golfer_group_29,38.02466098715723,-84.46791926274804,25380.0,golfer,4,#007cbf,,,,,,,,
golfer_group_29,38.0248672597656,-84.46818316370741,25440.0,golfer,4,#007cbf,,,,,,,,
golfer_group_29,38.025073532373966,-84.46844706466678,25500.0,golfer,4,#007cbf,,,,,,,,
golfer_group_29,38.02498232223591,-84.46858500193528,25560.0,golfer,4,#007cbf,,,,,,,,
golfer_group_29,38.024692555469876,-84.46863886398934,25620.0,golfer,4,#007cbf,,,,,,,,
golfer_group_29,38.02440278870384,-84.4686927260434,25680.0,golfer,4,#007cbf,,,,,,,,
golfer_group_29,38.0241130219378,-84.46874658809746,25740.0,golfer,4,#007cbf,,,,,,,,
golfer_group_29,38.02382325517176,-84.46880045015152,25800.0,golfer,4,#007cbf,,,,,,,,
golfer_group_29,38.023533488405725,-84.46885431220558,25860.0,golfer,4,#007cbf,,,,,,,,
golfer_group_29,38.02325287292604,-84.46895459002404,25920.0,golfer,4,#007cbf,,,,,,,,
golfer_group_29,38.023120094224296,-84.46908677293466,25980.0,golfer,4,#007cbf,,,,,,,,
golfer_group_29,38.02338797984743,-84.46923698741324,26040.0,golfer,4,#007cbf,,,,,,,,
golfer_group_29,38.02365586547056,-84.46938720189182,26100.0,golfer,4,#007cbf,,,,,,,,
golfer_group_29,38.02392375109368,-84.4695374163704,26160.0,golfer,4,#007cbf,,,,,,,,
golfer_group_29,38.024191636716814,-84.46968763084898,26220.0,golfer,4,#007cbf,,,,,,,,
golfer_group_29,38.024459522339946,-84.46983784532756,26280.0,golfer,4,#007cbf,,,,,,,,
golfer_group_29,38.02472740796308,-84.46998805980614,26340.0,golfer,4,#007cbf,,,,,,,,
golfer_group_29,38.0249952935862,-84.47013827428472,26400.0,golfer,4,#007cbf,,,,,,,,
golfer_group_29,38.02526317920933,-84.4702884887633,26460.0,golfer,4,#007cbf,,,,,,,,
golfer_group_29,38.02549053793203,-84.47051685206469,26520.0,golfer,4,#007cbf,,,,,,,,
golfer_group_29,38.02570511747455,-84.47076985771169,26580.0,golfer,4,#007cbf,,,,,,,,
golfer_group_29,38.025919697017066,-84.4710228633587,26640.0,golfer,4,#007cbf,,,,,,,,
golfer_group_29,38.02613427655959,-84.4712758690057,26700.0,golfer,4,#007cbf,,,,,,,,
golfer_group_29,38.02634885610211,-84.4715288746527,26760.0,golfer,4,#007cbf,,,,,,,,
golfer_group_29,38.026563435644626,-84.4717818802997,26820.0,golfer,4,#007cbf,,,,,,,,
golfer_group_29,38.02678243981026,-84.47202860408251,26880.0,golfer,4,#007cbf,,,,,,,,
golfer_group_29,38.02668611647238,-84.47218057293104,26940.0,golfer,4,#007cbf,,,,,,,,
golfer_group_29,38.02640386024167,-84.4722796932027,27000.0,golfer,4,#007cbf,,,,,,,,
golfer_group_29,38.02612160401096,-84.47237881347434,27060.0,golfer,4,#007cbf,,,,,,,,
golfer_group_29,38.02583934778024,-84.47247793374599,27120.0,golfer,4,#007cbf,,,,,,,,
golfer_group_29,38.02555709154953,-84.47257705401765,27180.0,golfer,4,#007cbf,,,,,,,,
golfer_group_29,38.025278899056985,-84.47258808504574,27240.0,golfer,4,#007cbf,,,,,,,,
golfer_group_29,38.02505413568005,-84.47238241246707,27300.0,golfer,4,#007cbf,,,,,,,,
golfer_group_29,38.02491621232278,-84.47205445775451,27360.0,golfer,4,#007cbf,,,,,,,,
golfer_group_29,38.02477828896551,-84.47172650304194,27420.0,golfer,4,#007cbf,,,,,,,,
golfer_group_29,38.024640365608235,-84.47139854832938,27480.0,golfer,4,#007cbf,,,,,,,,
golfer_group_29,38.02450244225096,-84.4710705936168,27540.0,golfer,4,#007cbf,,,,,,,,
golfer_group_29,38.02436451889369,-84.47074263890424,27600.0,golfer,4,#007cbf,,,,,,,,
golfer_group_29,38.02422659553642,-84.47041468419167,27660.0,golfer,4,#007cbf,,,,,,,,
golfer_group_29,38.02408867217915,-84.4700867294791,27720.0,golfer,4,#007cbf,,,,,,,,
golfer_group_29,38.023830177494666,-84.46991493651929,27780.0,golfer,4,#007cbf,,,,,,,,
golfer_group_29,38.02356911857893,-84.46974646470437,27840.0,golfer,4,#007cbf,,,,,,,,
golfer_group_29,38.0233080596632,-84.46957799288944,27900.0,golfer,4,#007cbf,,,,,,,,
golfer_group_29,38.02304700074746,-84.46940952107451,27960.0,golfer,4,#007cbf,,,,,,,,
golfer_group_29,38.0227847606833,-84.46924457405959,28020.0,golfer,4,#007cbf,,,,,,,,
golfer_group_29,38.02250809559787,-84.46912267439926,28080.0,golfer,4,#007cbf,,,,,,,,
golfer_group_29,38.022527943550884,-84.46893235209967,28140.0,golfer,4,#007cbf,,,,,,,,
golfer_group_29,38.02275311404551,-84.46869465006165,28200.0,golfer,4,#007cbf,,,,,,,,
golfer_group_29,38.02297828454014,-84.46845694802364,28260.0,golfer,4,#007cbf,,,,,,,,
golfer_group_29,38.02320345503476,-84.46821924598564,28320.0,golfer,4,#007cbf,,,,,,,,
golfer_group_29,38.023428625529384,-84.46798154394763,28380.0,golfer,4,#007cbf,,,,,,,,
golfer_group_29,38.02365379602401,-84.46774384190961,28440.0,golfer,4,#007cbf,,,,,,,,
golfer_group_29,38.02387896651864,-84.4675061398716,28500.0,golfer,4,#007cbf,,,,,,,,
golfer_group_29,38.02410413701326,-84.4672684378336,28560.0,golfer,4,#007cbf,,,,,,,,
golfer_group_29,38.024329307507884,-84.46703073579559,28620.0,golfer,4,#007cbf,,,,,,,,
golfer_group_29,38.024516630016976,-84.46674714202182,28680.0,golfer,4,#007cbf,,,,,,,,
golfer_group_29,38.02469334505099,-84.4664506863893,28740.0,golfer,4,#007cbf,,,,,,,,
golfer_group_29,38.02487006008501,-84.46615423075679,28800.0,golfer,4,#007cbf,,,,,,,,
golfer_group_29,38.02504677511902,-84.46585777512426,28860.0,golfer,4,#007cbf,,,,,,,,
golfer_group_29,38.02525798622544,-84.46562593134438,28920.0,golfer,4,#007cbf,,,,,,,,
golfer_group_29,38.025540368765746,-84.46552739312297,28980.0,golfer,4,#007cbf,,,,,,,,
golfer_group_29,38.02582275130605,-84.46542885490156,29040.0,golfer,4,#007cbf,,,,,,,,
golfer_group_29,38.02610513384636,-84.46533031668015,29100.0,golfer,4,#007cbf,,,,,,,,
golfer_group_29,38.02637936666449,-84.46537020680762,29160.0,golfer,4,#007cbf,,,,,,,,
golfer_group_29,38.02664707383,-84.4655209394031,29220.0,golfer,4,#007cbf,,,,,,,,
golfer_group_29,38.026914780995504,-84.46567167199859,29280.0,golfer,4,#007cbf,,,,,,,,
golfer_group_29,38.02718248816101,-84.46582240459409,29340.0,golfer,4,#007cbf,,,,,,,,
golfer_group_29,38.027450195326516,-84.46597313718958,29400.0,golfer,4,#007cbf,,,,,,,,
golfer_group_29,38.02771790249202,-84.46612386978506,29460.0,golfer,4,#007cbf,,,,,,,,
golfer_group_29,38.027985609657534,-84.46627460238055,29520.0,golfer,4,#007cbf,,,,,,,,
golfer_group_29,38.02825331682304,-84.46642533497604,29580.0,golfer,4,#007cbf,,,,,,,,
golfer_group_29,38.02854411583699,-84.46643446747252,29640.0,golfer,4,#007cbf,,,,,,,,
golfer_group_29,38.02883696025459,-84.46643105747557,29700.0,golfer,4,#007cbf,,,,,,,,
golfer_group_29,38.02912980467218,-84.46642764747862,29760.0,golfer,4,#007cbf,,,,,,,,
golfer_group_29,38.029422649089774,-84.46642423748168,29820.0,golfer,4,#007cbf,,,,,,,,
golfer_group_29,38.029714660100595,-84.46640554510962,29880.0,golfer,4,#007cbf,,,,,,,,
golfer_group_29,38.03000508074206,-84.46635768976212,29940.0,golfer,4,#007cbf,,,,,,,,
golfer_group_29,38.03029550138352,-84.46630983441462,30000.0,golfer,4,#007cbf,,,,,,,,
golfer_group_29,38.03034421537664,-84.46623396436489,30060.0,golfer,4,#007cbf,,,,,,,,
golfer_group_29,38.0300654222068,-84.4661201350132,30120.0,golfer,4,#007cbf,,,,,,,,
golfer_group_29,38.02978662903697,-84.46600630566151,30180.0,golfer,4,#007cbf,,,,,,,,
golfer_group_29,38.02950783586713,-84.46589247630982,30240.0,golfer,4,#007cbf,,,,,,,,
golfer_group_29,38.029229042697295,-84.46577864695813,30300.0,golfer,4,#007cbf,,,,,,,,
golfer_group_29,38.02895024952746,-84.46566481760644,30360.0,golfer,4,#007cbf,,,,,,,,
golfer_group_29,38.02867145635763,-84.46555098825475,30420.0,golfer,4,#007cbf,,,,,,,,
golfer_group_29,38.02839266318779,-84.46543715890306,30480.0,golfer,4,#007cbf,,,,,,,,
golfer_group_29,38.02811294382565,-84.46532834232956,30540.0,golfer,4,#007cbf,,,,,,,,
golfer_group_29,38.02782336017175,-84.46527291370359,30600.0,golfer,4,#007cbf,,,,,,,,
golfer_group_29,38.02753377651786,-84.46521748507763,30660.0,golfer,4,#007cbf,,,,,,,,
golfer_group_29,38.027244192863975,-84.46516205645167,30720.0,golfer,4,#007cbf,,,,,,,,
golfer_group_29,38.02695460921009,-84.46510662782572,30780.0,golfer,4,#007cbf,,,,,,,,
golfer_group_29,38.02666502555619,-84.46505119919976,30840.0,golfer,4,#007cbf,,,,,,,,
golfer_group_29,38.02637326063661,-84.4650346343973,30900.0,golfer,4,#007cbf,,,,,,,,
golfer_group_29,38.02608041188864,-84.46503738027086,30960.0,golfer,4,#007cbf,,,,,,,,
golfer_group_29,38.025787563140675,-84.46504012614442,31020.0,golfer,2,#007cbf,,,,,,,,
golfer_group_29,38.025494714392714,-84.46504287201797,31080.0,golfer,4,#007cbf,,,,,,,,
golfer_group_29,38.02556401049359,-84.4653626218534,31140.0,golfer,4,#007cbf,,,,,,,,
golfer_group_29,38.025666096931715,-84.46571107475296,31200.0,golfer,4,#007cbf,,,,,,,,
golfer_group_29,38.02576818336984,-84.46605952765252,31260.0,golfer,4,#007cbf,,,,,,,,
golfer_group_29,38.02587026980797,-84.46640798055208,31320.0,golfer,4,#007cbf,,,,,,,,
golfer_group_29,38.02597235624609,-84.46675643345164,31380.0,golfer,4,#007cbf,,,,,,,,
golfer_group_29,38.02607444268422,-84.46710488635118,31440.0,golfer,4,#007cbf,,,,,,,,
golfer_group_29,38.026176529122345,-84.46745333925074,31500.0,golfer,4,#007cbf,,,,,,,,
golfer_group_29,38.02627861556047,-84.4678017921503,31560.0,golfer,4,#007cbf,,,,,,,,
golfer_group_29,38.026391551516966,-84.46814347235242,31620.0,golfer,4,#007cbf,,,,,,,,
golfer_group_29,38.0265466275618,-84.46845884704874,31680.0,golfer,4,#007cbf,,,,,,,,
golfer_group_29,38.02670170360664,-84.46877422174504,31740.0,golfer,4,#007cbf,,,,,,,,
golfer_group_29,38.02685677965148,-84.46908959644135,31800.0,golfer,4,#007cbf,,,,,,,,
golfer_group_29,38.027011855696315,-84.46940497113766,31860.0,golfer,4,#007cbf,,,,,,,,
golfer_group_29,38.027202562026105,-84.46967624119414,31920.0,golfer,4,#007cbf,,,,,,,,
golfer_group_29,38.027447,-84.469881,31980.0,golfer,1,#007cbf,,,,,,,,
golfer_group_3,38.027447,-84.469881,3660.0,golfer,1,#007cbf,,,,,,,,
golfer_group_3,38.02754627606764,-84.46962578282717,3720.0,golfer,1,#007cbf,,,,,,,,
golfer_group_3,38.02744283462056,-84.4692779685763,3780.0,golfer,1,#007cbf,,,,,,,,
golfer_group_3,38.02733939317348,-84.46893015432545,3840.0,golfer,1,#007cbf,,,,,,,,
golfer_group_3,38.0272359517264,-84.46858234007459,3900.0,golfer,1,#007cbf,,,,,,,,
golfer_group_3,38.027132510279316,-84.46823452582373,3960.0,golfer,1,#007cbf,,,,,,,,
golfer_group_3,38.027029068832235,-84.46788671157287,4020.0,golfer,1,#007cbf,,,,,,,,
golfer_group_3,38.026925627385154,-84.46753889732202,4080.0,golfer,1,#007cbf,,,,,,,,
golfer_group_3,38.02682218593807,-84.46719108307117,4140.0,golfer,1,#007cbf,,,,,,,,
golfer_group_3,38.026707885382585,-84.46684997010087,4200.0,golfer,1,#007cbf,,,,,,,,
golfer_group_3,38.0265563489919,-84.46653183579225,4260.0,golfer,1,#007cbf,,,,,,,,
golfer_group_3,38.02640481260122,-84.46621370148365,4320.0,golfer,1,#007cbf,,,,,,,,
golfer_group_3,38.02625327621054,-84.46589556717504,4380.0,golfer,1,#007cbf,,,,,,,,
golfer_group_3,38.026097865476636,-84.4655806681031,4440.0,golfer,1,#007cbf,,,,,,,,
golfer_group_3,38.02592778516153,-84.46527801873756,4500.0,golfer,4,#007cbf,,,,,,,,
golfer_group_3,38.02575770484643,-84.46497536937204,4560.0,golfer,2,#007cbf,,,,,,,,
golfer_group_3,38.02580429978306,-84.46478189846547,4620.0,golfer,2,#007cbf,,,,,,,,
golfer_group_3,38.02609158193444,-84.46470970518055,4680.0,golfer,2,#007cbf,,,,,,,,
golfer_group_3,38.02637886408582,-84.46463751189565,4740.0,golfer,2,#007cbf,,,,,,,,
golfer_group_3,38.0266661462372,-84.46456531861072,4800.0,golfer,2,#007cbf,,,,,,,,
golfer_group_3,38.02695342838857,-84.4644931253258,4860.0,golfer,2,#007cbf,,,,,,,,
golfer_group_3,38.02723262500985,-84.46440936561527,4920.0,golfer,2,#007cbf,,,,,,,,
golfer_group_3,38.02732323296244,-84.46405582806928,4980.0,golfer,2,#007cbf,,,,,,,,
golfer_group_3,38.027413840915024,-84.46370229052329,5040.0,golfer,3,#007cbf,,,,,,,,
golfer_group_3,38.02755613921936,-84.46339199540722,5100.0,golfer,3,#007cbf,,,,,,,,
golfer_group_3,38.02777631020529,-84.46314684598785,5160.0,golfer,3,#007cbf,,,,,,,,
golfer_group_3,38.027996481191224,-84.4629016965685,5220.0,golfer,3,#007cbf,,,,,,,,
golfer_group_3,38.028216652177164,-84.46265654714912,5280.0,golfer,3,#007cbf,,,,,,,,
golfer_group_3,38.0284368231631,-84.46241139772975,5340.0,golfer,3,#007cbf,,,,,,,,
golfer_group_3,38.02865699414903,-84.4621662483104,5400.0,golfer,3,#007cbf,,,,,,,,
golfer_group_3,38.02887716513497,-84.46192109889103,5460.0,golfer,3,#007cbf,,,,,,,,
golfer_group_3,38.029097336120905,-84.46167594947165,5520.0,golfer,3,#007cbf,,,,,,,,
golfer_group_3,38.02932048603734,-84.46143527844885,5580.0,golfer,3,#007cbf,,,,,,,,
golfer_group_3,38.02954781666501,-84.4612008925283,5640.0,golfer,3,#007cbf,,,,,,,,
golfer_group_3,38.029775147292675,-84.46096650660775,5700.0,golfer,3,#007cbf,,,,,,,,
golfer_group_3,38.03000247792034,-84.46073212068718,5760.0,golfer,3,#007cbf,,,,,,,,
golfer_group_3,38.03022980854801,-84.46049773476663,5820.0,golfer,3,#007cbf,,,,,,,,
golfer_group_3,38.03028198771919,-84.46029007968264,5880.0,golfer,3,#007cbf,,,,,,,,
golfer_group_3,38.030017377451664,-84.46013077159431,5940.0,golfer,4,#007cbf,,,,,,,,
golfer_group_3,38.02974997117584,-84.46003134117494,6000.0,golfer,4,#007cbf,,,,,,,,
golfer_group_3,38.029472388508275,-84.46014984237516,6060.0,golfer,4,#007cbf,,,,,,,,
golfer_group_3,38.02919480584071,-84.46026834357538,6120.0,golfer,4,#007cbf,,,,,,,,
golfer_group_3,38.02891722317315,-84.46038684477558,6180.0,golfer,4,#007cbf,,,,,,,,
golfer_group_3,38.02863964050559,-84.4605053459758,6240.0,golfer,4,#007cbf,,,,,,,,
golfer_group_3,38.02846819932939,-84.46074999771898,6300.0,golfer,4,#007cbf,,,,,,,,
golfer_group_3,38.028356651102726,-84.46108459413088,6360.0,golfer,4,#007cbf,,,,,,,,
golfer_group_3,38.028163251425084,-84.46136377382878,6420.0,golfer,4,#007cbf,,,,,,,,
golfer_group_3,38.02796985174745,-84.46164295352668,6480.0,golfer,4,#007cbf,,,,,,,,
golfer_group_3,38.02777645206981,-84.46192213322458,6540.0,golfer,4,#007cbf,,,,,,,,
golfer_group_3,38.027583052392174,-84.46220131292247,6600.0,golfer,4,#007cbf,,,,,,,,
golfer_group_3,38.02739313138997,-84.4624841808364,6660.0,golfer,4,#007cbf,,,,,,,,
golfer_group_3,38.02721114487077,-84.46277546117278,6720.0,golfer,4,#007cbf,,,,,,,,
golfer_group_3,38.02702915835156,-84.46306674150915,6780.0,golfer,4,#007cbf,,,,,,,,
golfer_group_3,38.02684717183235,-84.46335802184554,6840.0,golfer,4,#007cbf,,,,,,,,
golfer_group_3,38.027030664719845,-84.46345337202217,6900.0,golfer,4,#007cbf,,,,,,,,
golfer_group_3,38.02732202605173,-84.46349089491457,6960.0,golfer,3,#007cbf,,,,,,,,
golfer_group_3,38.02761338738361,-84.46352841780696,7020.0,golfer,3,#007cbf,,,,,,,,
golfer_group_3,38.02787761975422,-84.46365295047241,7080.0,golfer,4,#007cbf,,,,,,,,
golfer_group_3,38.02811027773896,-84.46387875056652,7140.0,golfer,4,#007cbf,,,,,,,,
golfer_group_3,38.02834293572369,-84.46410455066062,7200.0,golfer,4,#007cbf,,,,,,,,
golfer_group_3,38.028575593708425,-84.46433035075472,7260.0,golfer,4,#007cbf,,,,,,,,
golfer_group_3,38.028808251693164,-84.46455615084882,7320.0,golfer,4,#007cbf,,,,,,,,
golfer_group_3,38.029040909677896,-84.46478195094294,7380.0,golfer,4,#007cbf,,,,,,,,
golfer_group_3,38.02927356766263,-84.46500775103704,7440.0,golfer,4,#007cbf,,,,,,,,
golfer_group_3,38.02950622564737,-84.46523355113113,7500.0,golfer,4,#007cbf,,,,,,,,
golfer_group_3,38.02975350361947,-84.4654282954189,7560.0,golfer,4,#007cbf,,,,,,,,
golfer_group_3,38.030020352724144,-84.46558146666777,7620.0,golfer,4,#007cbf,,,,,,,,
golfer_group_3,38.03028720182882,-84.46573463791665,7680.0,golfer,4,#007cbf,,,,,,,,
golfer_group_3,38.030554050933496,-84.46588780916554,7740.0,golfer,4,#007cbf,,,,,,,,
golfer_group_3,38.0308144451061,-84.46601508231271,7800.0,golfer,4,#007cbf,,,,,,,,
golfer_group_3,38.03096331555731,-84.46569490649415,7860.0,golfer,4,#007cbf,,,,,,,,
golfer_group_3,38.03100160851583,-84.46532942233877,7920.0,golfer,4,#007cbf,,,,,,,,
golfer_group_3,38.03102825601745,-84.4649591665407,7980.0,golfer,4,#007cbf,,,,,,,,
golfer_group_3,38.03105490351906,-84.46458891074262,8040.0,golfer,4,#007cbf,,,,,,,,
golfer_group_3,38.031081551020684,-84.46421865494455,8100.0,golfer,4,#007cbf,,,,,,,,
golfer_group_3,38.031108198522304,-84.46384839914647,8160.0,golfer,4,#007cbf,,,,,,,,
golfer_group_3,38.03113484602392,-84.4634781433484,8220.0,golfer,4,#007cbf,,,,,,,,
golfer_group_3,38.03116149352554,-84.46310788755032,8280.0,golfer,4,#007cbf,,,,,,,,
golfer_group_3,38.031127268705696,-84.46274982308951,8340.0,golfer,4,#007cbf,,,,,,,,
golfer_group_3,38.031012137391194,-84.4624079623538,8400.0,golfer,4,#007cbf,,,,,,,,
golfer_group_3,38.03089700607669,-84.46206610161808,8460.0,golfer,4,#007cbf,,,,,,,,
golfer_group_3,38.0307818747622,-84.46172424088235,8520.0,golfer,4,#007cbf,,,,,,,,
golfer_group_3,38.030666743447696,-84.46138238014663,8580.0,golfer,4,#007cbf,,,,,,,,
golfer_group_3,38.030551612133195,-84.46104051941091,8640.0,golfer,4,#007cbf,,,,,,,,
golfer_group_3,38.03081531898336,-84.46091137688049,8700.0,golfer,4,#007cbf,,,,,,,,
golfer_group_3,38.0310279411826,-84.46098091912485,8760.0,golfer,4,#007cbf,,,,,,,,
golfer_group_3,38.03115090321037,-84.46131835889211,8820.0,golfer,4,#007cbf,,,,,,,,
golfer_group_3,38.031273865238134,-84.46165579865938,8880.0,golfer,4,#007cbf,,,,,,,,
golfer_group_3,38.03139682726591,-84.46199323842663,8940.0,golfer,4,#007cbf,,,,,,,,
golfer_group_3,38.031519789293675,-84.4623306781939,9000.0,golfer,4,#007cbf,,,,,,,,
golfer_group_3,38.03164275132144,-84.46266811796116,9060.0,golfer,4,#007cbf,,,,,,,,
golfer_group_3,38.03176571334921,-84.46300555772842,9120.0,golfer,4,#007cbf,,,,,,,,
golfer_group_3,38.031888675376976,-84.46334299749569,9180.0,golfer,4,#007cbf,,,,,,,,
golfer_group_3,38.031909837946635,-84.46368872876327,9240.0,golfer,4,#007cbf,,,,,,,,
golfer_group_3,38.03182184589159,-84.46404335060477,9300.0,golfer,4,#007cbf,,,,,,,,
golfer_group_3,38.03173385383655,-84.46439797244628,9360.0,golfer,4,#007cbf,,,,,,,,
golfer_group_3,38.031645861781506,-84.46475259428779,9420.0,golfer,4,#007cbf,,,,,,,,
golfer_group_3,38.03155786972646,-84.46510721612928,9480.0,golfer,4,#007cbf,,,,,,,,
golfer_group_3,38.03146987767142,-84.46546183797079,9540.0,golfer,4,#007cbf,,,,,,,,
golfer_group_3,38.03131864912918,-84.46576966145622,9600.0,golfer,4,#007cbf,,,,,,,,
golfer_group_3,38.0311189562348,-84.46604161874937,9660.0,golfer,4,#007cbf,,,,,,,,
golfer_group_3,38.030919263340415,-84.46631357604252,9720.0,golfer,4,#007cbf,,,,,,,,
golfer_group_3,38.030718115722834,-84.46658350967269,9780.0,golfer,4,#007cbf,,,,,,,,
golfer_group_3,38.0304866033238,-84.46681120290668,9840.0,golfer,4,#007cbf,,,,,,,,
golfer_group_3,38.030255090924776,-84.46703889614066,9900.0,golfer,4,#007cbf,,,,,,,,
golfer_group_3,38.03002357852575,-84.46726658937465,9960.0,golfer,4,#007cbf,,,,,,,,
golfer_group_3,38.02979206612672,-84.46749428260863,10020.0,golfer,4,#007cbf,,,,,,,,
golfer_group_3,38.02956055372769,-84.46772197584261,10080.0,golfer,4,#007cbf,,,,,,,,
golfer_group_3,38.02932904132866,-84.4679496690766,10140.0,golfer,4,#007cbf,,,,,,,,
golfer_group_3,38.02909752892963,-84.46817736231058,10200.0,golfer,4,#007cbf,,,,,,,,
golfer_group_3,38.0288660165306,-84.46840505554457,10260.0,golfer,4,#007cbf,,,,,,,,
golfer_group_3,38.02869804015225,-84.46870681462924,10320.0,golfer,4,#007cbf,,,,,,,,
golfer_group_3,38.028539024924726,-84.46901901999702,10380.0,golfer,4,#007cbf,,,,,,,,
golfer_group_3,38.0283800096972,-84.46933122536481,10440.0,golfer,4,#007cbf,,,,,,,,
golfer_group_3,38.028129065075696,-84.46949162304078,10500.0,golfer,4,#007cbf,,,,,,,,
golfer_group_3,38.02785052807789,-84.46960645602002,10560.0,golfer,1,#007cbf,,,,,,,,
golfer_group_3,38.027571991080094,-84.46972128899925,10620.0,golfer,1,#007cbf,,,,,,,,
golfer_group_3,38.02729345408229,-84.4698361219785,10680.0,golfer,4,#007cbf,,,,,,,,
golfer_group_3,38.027014917084486,-84.46995095495774,10740.0,golfer,4,#007cbf,,,,,,,,
golfer_group_3,38.02677219339408,-84.46990690842384,10800.0,golfer,4,#007cbf,,,,,,,,
golfer_group_3,38.026583670283,-84.46962241044099,10860.0,golfer,4,#007cbf,,,,,,,,
golfer_group_3,38.02639514717193,-84.46933791245814,10920.0,golfer,4,#007cbf,,,,,,,,
golfer_group_3,38.026206624060855,-84.4690534144753,10980.0,golfer,4,#007cbf,,,,,,,,
golfer_group_3,38.02601810094978,-84.46876891649245,11040.0,golfer,4,#007cbf,,,,,,,,
golfer_group_3,38.0258295778387,-84.4684844185096,11100.0,golfer,4,#007cbf,,,,,,,,
golfer_group_3,38.02564105472762,-84.46819992052676,11160.0,golfer,4,#007cbf,,,,,,,,
golfer_group_3,38.02539873776804,-84.4680332578427,11220.0,golfer,4,#007cbf,,,,,,,,
golfer_group_3,38.02511056304286,-84.46796704648648,11280.0,golfer,4,#007cbf,,,,,,,,
golfer_group_3,38.02482238831767,-84.46790083513027,11340.0,golfer,4,#007cbf,,,,,,,,
golfer_group_3,38.02466098715723,-84.46791926274804,11400.0,golfer,4,#007cbf,,,,,,,,
golfer_group_3,38.0248672597656,-84.46818316370741,11460.0,golfer,4,#007cbf,,,,,,,,
golfer_group_3,38.025073532373966,-84.46844706466678,11520.0,golfer,4,#007cbf,,,,,,,,
golfer_group_3,38.02498232223591,-84.46858500193528,11580.0,golfer,4,#007cbf,,,,,,,,
golfer_group_3,38.024692555469876,-84.46863886398934,11640.0,golfer,4,#007cbf,,,,,,,,
golfer_group_3,38.02440278870384,-84.4686927260434,11700.0,golfer,4,#007cbf,,,,,,,,
golfer_group_3,38.0241130219378,-84.46874658809746,11760.0,golfer,4,#007cbf,,,,,,,,
golfer_group_3,38.02382325517176,-84.46880045015152,11820.0,golfer,4,#007cbf,,,,,,,,
golfer_group_3,38.023533488405725,-84.46885431220558,11880.0,golfer,4,#007cbf,,,,,,,,
golfer_group_3,38.02325287292604,-84.46895459002404,11940.0,golfer,4,#007cbf,,,,,,,,
golfer_group_3,38.023120094224296,-84.46908677293466,12000.0,golfer,4,#007cbf,,,,,,,,
golfer_group_3,38.02338797984743,-84.46923698741324,12060.0,golfer,4,#007cbf,,,,,,,,
golfer_group_3,38.02365586547056,-84.46938720189182,12120.0,golfer,4,#007cbf,,,,,,,,
golfer_group_3,38.02392375109368,-84.4695374163704,12180.0,golfer,4,#007cbf,,,,,,,,
golfer_group_3,38.024191636716814,-84.46968763084898,12240.0,golfer,4,#007cbf,,,,,,,,
golfer_group_3,38.024459522339946,-84.46983784532756,12300.0,golfer,4,#007cbf,,,,,,,,
golfer_group_3,38.02472740796308,-84.46998805980614,12360.0,golfer,4,#007cbf,,,,,,,,
golfer_group_3,38.0249952935862,-84.47013827428472,12420.0,golfer,4,#007cbf,,,,,,,,
golfer_group_3,38.02526317920933,-84.4702884887633,12480.0,golfer,4,#007cbf,,,,,,,,
golfer_group_3,38.02549053793203,-84.47051685206469,12540.0,golfer,4,#007cbf,,,,,,,,
golfer_group_3,38.02570511747455,-84.47076985771169,12600.0,golfer,4,#007cbf,,,,,,,,
golfer_group_3,38.025919697017066,-84.4710228633587,12660.0,golfer,4,#007cbf,,,,,,,,
golfer_group_3,38.02613427655959,-84.4712758690057,12720.0,golfer,4,#007cbf,,,,,,,,
golfer_group_3,38.02634885610211,-84.4715288746527,12780.0,golfer,4,#007cbf,,,,,,,,
golfer_group_3,38.026563435644626,-84.4717818802997,12840.0,golfer,4,#007cbf,,,,,,,,
golfer_group_3,38.02678243981026,-84.47202860408251,12900.0,golfer,4,#007cbf,,,,,,,,
golfer_group_3,38.02668611647238,-84.47218057293104,12960.0,golfer,4,#007cbf,,,,,,,,
golfer_group_3,38.02640386024167,-84.4722796932027,13020.0,golfer,4,#007cbf,,,,,,,,
golfer_group_3,38.02612160401096,-84.47237881347434,13080.0,golfer,4,#007cbf,,,,,,,,
golfer_group_3,38.02583934778024,-84.47247793374599,13140.0,golfer,4,#007cbf,,,,,,,,
golfer_group_3,38.02555709154953,-84.47257705401765,13200.0,golfer,4,#007cbf,,,,,,,,
golfer_group_3,38.025278899056985,-84.47258808504574,13260.0,golfer,4,#007cbf,,,,,,,,
golfer_group_3,38.02505413568005,-84.47238241246707,13320.0,golfer,4,#007cbf,,,,,,,,
golfer_group_3,38.02491621232278,-84.47205445775451,13380.0,golfer,4,#007cbf,,,,,,,,
golfer_group_3,38.02477828896551,-84.47172650304194,13440.0,golfer,4,#007cbf,,,,,,,,
golfer_group_3,38.024640365608235,-84.47139854832938,13500.0,golfer,4,#007cbf,,,,,,,,
golfer_group_3,38.02450244225096,-84.4710705936168,13560.0,golfer,4,#007cbf,,,,,,,,
golfer_group_3,38.02436451889369,-84.47074263890424,13620.0,golfer,4,#007cbf,,,,,,,,
golfer_group_3,38.02422659553642,-84.47041468419167,13680.0,golfer,4,#007cbf,,,,,,,,
golfer_group_3,38.02408867217915,-84.4700867294791,13740.0,golfer,4,#007cbf,,,,,,,,
golfer_group_3,38.023830177494666,-84.46991493651929,13800.0,golfer,4,#007cbf,,,,,,,,
golfer_group_3,38.02356911857893,-84.46974646470437,13860.0,golfer,4,#007cbf,,,,,,,,
golfer_group_3,38.0233080596632,-84.46957799288944,13920.0,golfer,4,#007cbf,,,,,,,,
golfer_group_3,38.02304700074746,-84.46940952107451,13980.0,golfer,4,#007cbf,,,,,,,,
golfer_group_3,38.0227847606833,-84.46924457405959,14040.0,golfer,4,#007cbf,,,,,,,,
golfer_group_3,38.02250809559787,-84.46912267439926,14100.0,golfer,4,#007cbf,,,,,,,,
golfer_group_3,38.022527943550884,-84.46893235209967,14160.0,golfer,4,#007cbf,,,,,,,,
golfer_group_3,38.02275311404551,-84.46869465006165,14220.0,golfer,4,#007cbf,,,,,,,,
golfer_group_3,38.02297828454014,-84.46845694802364,14280.0,golfer,4,#007cbf,,,,,,,,
golfer_group_3,38.02320345503476,-84.46821924598564,14340.0,golfer,4,#007cbf,,,,,,,,
golfer_group_3,38.023428625529384,-84.46798154394763,14400.0,golfer,4,#007cbf,,,,,,,,
golfer_group_3,38.02365379602401,-84.46774384190961,14460.0,golfer,4,#007cbf,,,,,,,,
golfer_group_3,38.02387896651864,-84.4675061398716,14520.0,golfer,4,#007cbf,,,,,,,,
golfer_group_3,38.02410413701326,-84.4672684378336,14580.0,golfer,4,#007cbf,,,,,,,,
golfer_group_3,38.024329307507884,-84.46703073579559,14640.0,golfer,4,#007cbf,,,,,,,,
golfer_group_3,38.024516630016976,-84.46674714202182,14700.0,golfer,4,#007cbf,,,,,,,,
golfer_group_3,38.02469334505099,-84.4664506863893,14760.0,golfer,4,#007cbf,,,,,,,,
golfer_group_3,38.02487006008501,-84.46615423075679,14820.0,golfer,4,#007cbf,,,,,,,,
golfer_group_3,38.02504677511902,-84.46585777512426,14880.0,golfer,4,#007cbf,,,,,,,,
golfer_group_3,38.02525798622544,-84.46562593134438,14940.0,golfer,4,#007cbf,,,,,,,,
golfer_group_3,38.025540368765746,-84.46552739312297,15000.0,golfer,4,#007cbf,,,,,,,,
golfer_group_3,38.02582275130605,-84.46542885490156,15060.0,golfer,4,#007cbf,,,,,,,,
golfer_group_3,38.02610513384636,-84.46533031668015,15120.0,golfer,4,#007cbf,,,,,,,,
golfer_group_3,38.02637936666449,-84.46537020680762,15180.0,golfer,4,#007cbf,,,,,,,,
golfer_group_3,38.02664707383,-84.4655209394031,15240.0,golfer,4,#007cbf,,,,,,,,
golfer_group_3,38.026914780995504,-84.46567167199859,15300.0,golfer,4,#007cbf,,,,,,,,
golfer_group_3,38.02718248816101,-84.46582240459409,15360.0,golfer,4,#007cbf,,,,,,,,
golfer_group_3,38.027450195326516,-84.46597313718958,15420.0,golfer,4,#007cbf,,,,,,,,
golfer_group_3,38.02771790249202,-84.46612386978506,15480.0,golfer,4,#007cbf,,,,,,,,
golfer_group_3,38.027985609657534,-84.46627460238055,15540.0,golfer,4,#007cbf,,,,,,,,
golfer_group_3,38.02825331682304,-84.46642533497604,15600.0,golfer,4,#007cbf,,,,,,,,
golfer_group_3,38.02854411583699,-84.46643446747252,15660.0,golfer,4,#007cbf,,,,,,,,
golfer_group_3,38.02883696025459,-84.46643105747557,15720.0,golfer,4,#007cbf,,,,,,,,
golfer_group_3,38.02912980467218,-84.46642764747862,15780.0,golfer,4,#007cbf,,,,,,,,
golfer_group_3,38.029422649089774,-84.46642423748168,15840.0,golfer,4,#007cbf,,,,,,,,
golfer_group_3,38.029714660100595,-84.46640554510962,15900.0,golfer,4,#007cbf,,,,,,,,
golfer_group_3,38.03000508074206,-84.46635768976212,15960.0,golfer,4,#007cbf,,,,,,,,
golfer_group_3,38.03029550138352,-84.46630983441462,16020.0,golfer,4,#007cbf,,,,,,,,
golfer_group_3,38.03034421537664,-84.46623396436489,16080.0,golfer,4,#007cbf,,,,,,,,
golfer_group_3,38.0300654222068,-84.4661201350132,16140.0,golfer,4,#007cbf,,,,,,,,
golfer_group_3,38.02978662903697,-84.46600630566151,16200.0,golfer,4,#007cbf,,,,,,,,
golfer_group_3,38.02950783586713,-84.46589247630982,16260.0,golfer,4,#007cbf,,,,,,,,
golfer_group_3,38.029229042697295,-84.46577864695813,16320.0,golfer,4,#007cbf,,,,,,,,
golfer_group_3,38.02895024952746,-84.46566481760644,16380.0,golfer,4,#007cbf,,,,,,,,
golfer_group_3,38.02867145635763,-84.46555098825475,16440.0,golfer,4,#007cbf,,,,,,,,
golfer_group_3,38.02839266318779,-84.46543715890306,16500.0,golfer,4,#007cbf,,,,,,,,
golfer_group_3,38.02811294382565,-84.46532834232956,16560.0,golfer,4,#007cbf,,,,,,,,
golfer_group_3,38.02782336017175,-84.46527291370359,16620.0,golfer,4,#007cbf,,,,,,,,
golfer_group_3,38.02753377651786,-84.46521748507763,16680.0,golfer,4,#007cbf,,,,,,,,
golfer_group_3,38.027244192863975,-84.46516205645167,16740.0,golfer,4,#007cbf,,,,,,,,
golfer_group_3,38.02695460921009,-84.46510662782572,16800.0,golfer,4,#007cbf,,,,,,,,
golfer_group_3,38.02666502555619,-84.46505119919976,16860.0,golfer,4,#007cbf,,,,,,,,
golfer_group_3,38.02637326063661,-84.4650346343973,16920.0,golfer,4,#007cbf,,,,,,,,
golfer_group_3,38.02608041188864,-84.46503738027086,16980.0,golfer,4,#007cbf,,,,,,,,
golfer_group_3,38.025787563140675,-84.46504012614442,17040.0,golfer,2,#007cbf,,,,,,,,
golfer_group_3,38.025494714392714,-84.46504287201797,17100.0,golfer,4,#007cbf,,,,,,,,
golfer_group_3,38.02556401049359,-84.4653626218534,17160.0,golfer,4,#007cbf,,,,,,,,
golfer_group_3,38.025666096931715,-84.46571107475296,17220.0,golfer,4,#007cbf,,,,,,,,
golfer_group_3,38.02576818336984,-84.46605952765252,17280.0,golfer,4,#007cbf,,,,,,,,
golfer_group_3,38.02587026980797,-84.46640798055208,17340.0,golfer,4,#007cbf,,,,,,,,
golfer_group_3,38.02597235624609,-84.46675643345164,17400.0,golfer,4,#007cbf,,,,,,,,
golfer_group_3,38.02607444268422,-84.46710488635118,17460.0,golfer,4,#007cbf,,,,,,,,
golfer_group_3,38.026176529122345,-84.46745333925074,17520.0,golfer,4,#007cbf,,,,,,,,
golfer_group_3,38.02627861556047,-84.4678017921503,17580.0,golfer,4,#007cbf,,,,,,,,
golfer_group_3,38.026391551516966,-84.46814347235242,17640.0,golfer,4,#007cbf,,,,,,,,
golfer_group_3,38.0265466275618,-84.46845884704874,17700.0,golfer,4,#007cbf,,,,,,,,
golfer_group_3,38.02670170360664,-84.46877422174504,17760.0,golfer,4,#007cbf,,,,,,,,
golfer_group_3,38.02685677965148,-84.46908959644135,17820.0,golfer,4,#007cbf,,,,,,,,
golfer_group_3,38.027011855696315,-84.46940497113766,17880.0,golfer,4,#007cbf,,,,,,,,
golfer_group_3,38.027202562026105,-84.46967624119414,17940.0,golfer,4,#007cbf,,,,,,,,
golfer_group_3,38.027447,-84.469881,18000.0,golfer,1,#007cbf,,,,,,,,
golfer_group_30,38.027447,-84.469881,18180.0,golfer,1,#007cbf,,,,,,,,
golfer_group_30,38.02754627606764,-84.46962578282717,18240.0,golfer,1,#007cbf,,,,,,,,
golfer_group_30,38.02744283462056,-84.4692779685763,18300.0,golfer,1,#007cbf,,,,,,,,
golfer_group_30,38.02733939317348,-84.46893015432545,18360.0,golfer,1,#007cbf,,,,,,,,
golfer_group_30,38.0272359517264,-84.46858234007459,18420.0,golfer,1,#007cbf,,,,,,,,
golfer_group_30,38.027132510279316,-84.46823452582373,18480.0,golfer,1,#007cbf,,,,,,,,
golfer_group_30,38.027029068832235,-84.46788671157287,18540.0,golfer,1,#007cbf,,,,,,,,
golfer_group_30,38.026925627385154,-84.46753889732202,18600.0,golfer,1,#007cbf,,,,,,,,
golfer_group_30,38.02682218593807,-84.46719108307117,18660.0,golfer,1,#007cbf,,,,,,,,
golfer_group_30,38.026707885382585,-84.46684997010087,18720.0,golfer,1,#007cbf,,,,,,,,
golfer_group_30,38.0265563489919,-84.46653183579225,18780.0,golfer,1,#007cbf,,,,,,,,
golfer_group_30,38.02640481260122,-84.46621370148365,18840.0,golfer,1,#007cbf,,,,,,,,
golfer_group_30,38.02625327621054,-84.46589556717504,18900.0,golfer,1,#007cbf,,,,,,,,
golfer_group_30,38.026097865476636,-84.4655806681031,18960.0,golfer,1,#007cbf,,,,,,,,
golfer_group_30,38.02592778516153,-84.46527801873756,19020.0,golfer,4,#007cbf,,,,,,,,
golfer_group_30,38.02575770484643,-84.46497536937204,19080.0,golfer,2,#007cbf,,,,,,,,
golfer_group_30,38.02580429978306,-84.46478189846547,19140.0,golfer,2,#007cbf,,,,,,,,
golfer_group_30,38.02609158193444,-84.46470970518055,19200.0,golfer,2,#007cbf,,,,,,,,
golfer_group_30,38.02637886408582,-84.46463751189565,19260.0,golfer,2,#007cbf,,,,,,,,
golfer_group_30,38.0266661462372,-84.46456531861072,19320.0,golfer,2,#007cbf,,,,,,,,
golfer_group_30,38.02695342838857,-84.4644931253258,19380.0,golfer,2,#007cbf,,,,,,,,
golfer_group_30,38.02723262500985,-84.46440936561527,19440.0,golfer,2,#007cbf,,,,,,,,
golfer_group_30,38.02732323296244,-84.46405582806928,19500.0,golfer,2,#007cbf,,,,,,,,
golfer_group_30,38.027413840915024,-84.46370229052329,19560.0,golfer,3,#007cbf,,,,,,,,
golfer_group_30,38.02755613921936,-84.46339199540722,19620.0,golfer,3,#007cbf,,,,,,,,
golfer_group_30,38.02777631020529,-84.46314684598785,19680.0,golfer,3,#007cbf,,,,,,,,
golfer_group_30,38.027996481191224,-84.4629016965685,19740.0,golfer,3,#007cbf,,,,,,,,
golfer_group_30,38.028216652177164,-84.46265654714912,19800.0,golfer,3,#007cbf,,,,,,,,
golfer_group_30,38.0284368231631,-84.46241139772975,19860.0,golfer,3,#007cbf,,,,,,,,
golfer_group_30,38.02865699414903,-84.4621662483104,19920.0,golfer,3,#007cbf,,,,,,,,
golfer_group_30,38.02887716513497,-84.46192109889103,19980.0,golfer,3,#007cbf,,,,,,,,
golfer_group_30,38.029097336120905,-84.46167594947165,20040.0,golfer,3,#007cbf,,,,,,,,
golfer_group_30,38.02932048603734,-84.46143527844885,20100.0,golfer,3,#007cbf,,,,,,,,
golfer_group_30,38.02954781666501,-84.4612008925283,20160.0,golfer,3,#007cbf,,,,,,,,
golfer_group_30,38.029775147292675,-84.46096650660775,20220.0,golfer,3,#007cbf,,,,,,,,
golfer_group_30,38.03000247792034,-84.46073212068718,20280.0,golfer,3,#007cbf,,,,,,,,
golfer_group_30,38.03022980854801,-84.46049773476663,20340.0,golfer,3,#007cbf,,,,,,,,
golfer_group_30,38.03028198771919,-84.46029007968264,20400.0,golfer,3,#007cbf,,,,,,,,
golfer_group_30,38.030017377451664,-84.46013077159431,20460.0,golfer,4,#007cbf,,,,,,,,
golfer_group_30,38.02974997117584,-84.46003134117494,20520.0,golfer,4,#007cbf,,,,,,,,
golfer_group_30,38.029472388508275,-84.46014984237516,20580.0,golfer,4,#007cbf,,,,,,,,
golfer_group_30,38.02919480584071,-84.46026834357538,20640.0,golfer,4,#007cbf,,,,,,,,
golfer_group_30,38.02891722317315,-84.46038684477558,20700.0,golfer,4,#007cbf,,,,,,,,
golfer_group_30,38.02863964050559,-84.4605053459758,20760.0,golfer,4,#007cbf,,,,,,,,
golfer_group_30,38.02846819932939,-84.46074999771898,20820.0,golfer,4,#007cbf,,,,,,,,
golfer_group_30,38.028356651102726,-84.46108459413088,20880.0,golfer,4,#007cbf,,,,,,,,
golfer_group_30,38.028163251425084,-84.46136377382878,20940.0,golfer,4,#007cbf,,,,,,,,
golfer_group_30,38.02796985174745,-84.46164295352668,21000.0,golfer,4,#007cbf,,,,,,,,
golfer_group_30,38.02777645206981,-84.46192213322458,21060.0,golfer,4,#007cbf,,,,,,,,
golfer_group_30,38.027583052392174,-84.46220131292247,21120.0,golfer,4,#007cbf,,,,,,,,
golfer_group_30,38.02739313138997,-84.4624841808364,21180.0,golfer,4,#007cbf,,,,,,,,
golfer_group_30,38.02721114487077,-84.46277546117278,21240.0,golfer,4,#007cbf,,,,,,,,
golfer_group_30,38.02702915835156,-84.46306674150915,21300.0,golfer,4,#007cbf,,,,,,,,
golfer_group_30,38.02684717183235,-84.46335802184554,21360.0,golfer,4,#007cbf,,,,,,,,
golfer_group_30,38.027030664719845,-84.46345337202217,21420.0,golfer,4,#007cbf,,,,,,,,
golfer_group_30,38.02732202605173,-84.46349089491457,21480.0,golfer,3,#007cbf,,,,,,,,
golfer_group_30,38.02761338738361,-84.46352841780696,21540.0,golfer,3,#007cbf,,,,,,,,
golfer_group_30,38.02787761975422,-84.46365295047241,21600.0,golfer,4,#007cbf,,,,,,,,
golfer_group_30,38.02811027773896,-84.46387875056652,21660.0,golfer,4,#007cbf,,,,,,,,
golfer_group_30,38.02834293572369,-84.46410455066062,21720.0,golfer,4,#007cbf,,,,,,,,
golfer_group_30,38.028575593708425,-84.46433035075472,21780.0,golfer,4,#007cbf,,,,,,,,
golfer_group_30,38.028808251693164,-84.46455615084882,21840.0,golfer,4,#007cbf,,,,,,,,
golfer_group_30,38.029040909677896,-84.46478195094294,21900.0,golfer,4,#007cbf,,,,,,,,
golfer_group_30,38.02927356766263,-84.46500775103704,21960.0,golfer,4,#007cbf,,,,,,,,
golfer_group_30,38.02950622564737,-84.46523355113113,22020.0,golfer,4,#007cbf,,,,,,,,
golfer_group_30,38.02975350361947,-84.4654282954189,22080.0,golfer,4,#007cbf,,,,,,,,
golfer_group_30,38.030020352724144,-84.46558146666777,22140.0,golfer,4,#007cbf,,,,,,,,
golfer_group_30,38.03028720182882,-84.46573463791665,22200.0,golfer,4,#007cbf,,,,,,,,
golfer_group_30,38.030554050933496,-84.46588780916554,22260.0,golfer,4,#007cbf,,,,,,,,
golfer_group_30,38.0308144451061,-84.46601508231271,22320.0,golfer,4,#007cbf,,,,,,,,
golfer_group_30,38.03096331555731,-84.46569490649415,22380.0,golfer,4,#007cbf,,,,,,,,
golfer_group_30,38.03100160851583,-84.46532942233877,22440.0,golfer,4,#007cbf,,,,,,,,
golfer_group_30,38.03102825601745,-84.4649591665407,22500.0,golfer,4,#007cbf,,,,,,,,
golfer_group_30,38.03105490351906,-84.46458891074262,22560.0,golfer,4,#007cbf,,,,,,,,
golfer_group_30,38.031081551020684,-84.46421865494455,22620.0,golfer,4,#007cbf,,,,,,,,
golfer_group_30,38.031108198522304,-84.46384839914647,22680.0,golfer,4,#007cbf,,,,,,,,
golfer_group_30,38.03113484602392,-84.4634781433484,22740.0,golfer,4,#007cbf,,,,,,,,
golfer_group_30,38.03116149352554,-84.46310788755032,22800.0,golfer,4,#007cbf,,,,,,,,
golfer_group_30,38.031127268705696,-84.46274982308951,22860.0,golfer,4,#007cbf,,,,,,,,
golfer_group_30,38.031012137391194,-84.4624079623538,22920.0,golfer,4,#007cbf,,,,,,,,
golfer_group_30,38.03089700607669,-84.46206610161808,22980.0,golfer,4,#007cbf,,,,,,,,
golfer_group_30,38.0307818747622,-84.46172424088235,23040.0,golfer,4,#007cbf,,,,,,,,
golfer_group_30,38.030666743447696,-84.46138238014663,23100.0,golfer,4,#007cbf,,,,,,,,
golfer_group_30,38.030551612133195,-84.46104051941091,23160.0,golfer,4,#007cbf,,,,,,,,
golfer_group_30,38.03081531898336,-84.46091137688049,23220.0,golfer,4,#007cbf,,,,,,,,
golfer_group_30,38.0310279411826,-84.46098091912485,23280.0,golfer,4,#007cbf,,,,,,,,
golfer_group_30,38.03115090321037,-84.46131835889211,23340.0,golfer,4,#007cbf,,,,,,,,
golfer_group_30,38.031273865238134,-84.46165579865938,23400.0,golfer,4,#007cbf,,,,,,,,
golfer_group_30,38.03139682726591,-84.46199323842663,23460.0,golfer,4,#007cbf,,,,,,,,
golfer_group_30,38.031519789293675,-84.4623306781939,23520.0,golfer,4,#007cbf,,,,,,,,
golfer_group_30,38.03164275132144,-84.46266811796116,23580.0,golfer,4,#007cbf,,,,,,,,
golfer_group_30,38.03176571334921,-84.46300555772842,23640.0,golfer,4,#007cbf,,,,,,,,
golfer_group_30,38.031888675376976,-84.46334299749569,23700.0,golfer,4,#007cbf,,,,,,,,
golfer_group_30,38.031909837946635,-84.46368872876327,23760.0,golfer,4,#007cbf,,,,,,,,
golfer_group_30,38.03182184589159,-84.46404335060477,23820.0,golfer,4,#007cbf,,,,,,,,
golfer_group_30,38.03173385383655,-84.46439797244628,23880.0,golfer,4,#007cbf,,,,,,,,
golfer_group_30,38.031645861781506,-84.46475259428779,23940.0,golfer,4,#007cbf,,,,,,,,
golfer_group_30,38.03155786972646,-84.46510721612928,24000.0,golfer,4,#007cbf,,,,,,,,
golfer_group_30,38.03146987767142,-84.46546183797079,24060.0,golfer,4,#007cbf,,,,,,,,
golfer_group_30,38.03131864912918,-84.46576966145622,24120.0,golfer,4,#007cbf,,,,,,,,
golfer_group_30,38.0311189562348,-84.46604161874937,24180.0,golfer,4,#007cbf,,,,,,,,
golfer_group_30,38.030919263340415,-84.46631357604252,24240.0,golfer,4,#007cbf,,,,,,,,
golfer_group_30,38.030718115722834,-84.46658350967269,24300.0,golfer,4,#007cbf,,,,,,,,
golfer_group_30,38.0304866033238,-84.46681120290668,24360.0,golfer,4,#007cbf,,,,,,,,
golfer_group_30,38.030255090924776,-84.46703889614066,24420.0,golfer,4,#007cbf,,,,,,,,
golfer_group_30,38.03002357852575,-84.46726658937465,24480.0,golfer,4,#007cbf,,,,,,,,
golfer_group_30,38.02979206612672,-84.46749428260863,24540.0,golfer,4,#007cbf,,,,,,,,
golfer_group_30,38.02956055372769,-84.46772197584261,24600.0,golfer,4,#007cbf,,,,,,,,
golfer_group_30,38.02932904132866,-84.4679496690766,24660.0,golfer,4,#007cbf,,,,,,,,
golfer_group_30,38.02909752892963,-84.46817736231058,24720.0,golfer,4,#007cbf,,,,,,,,
golfer_group_30,38.0288660165306,-84.46840505554457,24780.0,golfer,4,#007cbf,,,,,,,,
golfer_group_30,38.02869804015225,-84.46870681462924,24840.0,golfer,4,#007cbf,,,,,,,,
golfer_group_30,38.028539024924726,-84.46901901999702,24900.0,golfer,4,#007cbf,,,,,,,,
golfer_group_30,38.0283800096972,-84.46933122536481,24960.0,golfer,4,#007cbf,,,,,,,,
golfer_group_30,38.028129065075696,-84.46949162304078,25020.0,golfer,4,#007cbf,,,,,,,,
golfer_group_30,38.02785052807789,-84.46960645602002,25080.0,golfer,1,#007cbf,,,,,,,,
golfer_group_30,38.027571991080094,-84.46972128899925,25140.0,golfer,1,#007cbf,,,,,,,,
golfer_group_30,38.02729345408229,-84.4698361219785,25200.0,golfer,4,#007cbf,,,,,,,,
golfer_group_30,38.027014917084486,-84.46995095495774,25260.0,golfer,4,#007cbf,,,,,,,,
golfer_group_30,38.02677219339408,-84.46990690842384,25320.0,golfer,4,#007cbf,,,,,,,,
golfer_group_30,38.026583670283,-84.46962241044099,25380.0,golfer,4,#007cbf,,,,,,,,
golfer_group_30,38.02639514717193,-84.46933791245814,25440.0,golfer,4,#007cbf,,,,,,,,
golfer_group_30,38.026206624060855,-84.4690534144753,25500.0,golfer,4,#007cbf,,,,,,,,
golfer_group_30,38.02601810094978,-84.46876891649245,25560.0,golfer,4,#007cbf,,,,,,,,
golfer_group_30,38.0258295778387,-84.4684844185096,25620.0,golfer,4,#007cbf,,,,,,,,
golfer_group_30,38.02564105472762,-84.46819992052676,25680.0,golfer,4,#007cbf,,,,,,,,
golfer_group_30,38.02539873776804,-84.4680332578427,25740.0,golfer,4,#007cbf,,,,,,,,
golfer_group_30,38.02511056304286,-84.46796704648648,25800.0,golfer,4,#007cbf,,,,,,,,
golfer_group_30,38.02482238831767,-84.46790083513027,25860.0,golfer,4,#007cbf,,,,,,,,
golfer_group_30,38.02466098715723,-84.46791926274804,25920.0,golfer,4,#007cbf,,,,,,,,
golfer_group_30,38.0248672597656,-84.46818316370741,25980.0,golfer,4,#007cbf,,,,,,,,
golfer_group_30,38.025073532373966,-84.46844706466678,26040.0,golfer,4,#007cbf,,,,,,,,
golfer_group_30,38.02498232223591,-84.46858500193528,26100.0,golfer,4,#007cbf,,,,,,,,
golfer_group_30,38.024692555469876,-84.46863886398934,26160.0,golfer,4,#007cbf,,,,,,,,
golfer_group_30,38.02440278870384,-84.4686927260434,26220.0,golfer,4,#007cbf,,,,,,,,
golfer_group_30,38.0241130219378,-84.46874658809746,26280.0,golfer,4,#007cbf,,,,,,,,
golfer_group_30,38.02382325517176,-84.46880045015152,26340.0,golfer,4,#007cbf,,,,,,,,
golfer_group_30,38.023533488405725,-84.46885431220558,26400.0,golfer,4,#007cbf,,,,,,,,
golfer_group_30,38.02325287292604,-84.46895459002404,26460.0,golfer,4,#007cbf,,,,,,,,
golfer_group_30,38.023120094224296,-84.46908677293466,26520.0,golfer,4,#007cbf,,,,,,,,
golfer_group_30,38.02338797984743,-84.46923698741324,26580.0,golfer,4,#007cbf,,,,,,,,
golfer_group_30,38.02365586547056,-84.46938720189182,26640.0,golfer,4,#007cbf,,,,,,,,
golfer_group_30,38.02392375109368,-84.4695374163704,26700.0,golfer,4,#007cbf,,,,,,,,
golfer_group_30,38.024191636716814,-84.46968763084898,26760.0,golfer,4,#007cbf,,,,,,,,
golfer_group_30,38.024459522339946,-84.46983784532756,26820.0,golfer,4,#007cbf,,,,,,,,
golfer_group_30,38.02472740796308,-84.46998805980614,26880.0,golfer,4,#007cbf,,,,,,,,
golfer_group_30,38.0249952935862,-84.47013827428472,26940.0,golfer,4,#007cbf,,,,,,,,
golfer_group_30,38.02526317920933,-84.4702884887633,27000.0,golfer,4,#007cbf,,,,,,,,
golfer_group_30,38.02549053793203,-84.47051685206469,27060.0,golfer,4,#007cbf,,,,,,,,
golfer_group_30,38.02570511747455,-84.47076985771169,27120.0,golfer,4,#007cbf,,,,,,,,
golfer_group_30,38.025919697017066,-84.4710228633587,27180.0,golfer,4,#007cbf,,,,,,,,
golfer_group_30,38.02613427655959,-84.4712758690057,27240.0,golfer,4,#ffe6cc,,,,,,,,
golfer_group_30,38.02634885610211,-84.4715288746527,27300.0,golfer,4,#ffe6cc,,,,,,,,
golfer_group_30,38.026563435644626,-84.4717818802997,27360.0,golfer,4,#ffe6cc,,,,,,,,
golfer_group_30,38.02678243981026,-84.47202860408251,27420.0,golfer,4,#ffe6cc,,,,,,,,
golfer_group_30,38.02668611647238,-84.47218057293104,27480.0,golfer,4,#ffe6cc,,,,,,,,
golfer_group_30,38.02640386024167,-84.4722796932027,27540.0,golfer,4,#ffe6cc,,,,,,,,
golfer_group_30,38.02612160401096,-84.47237881347434,27600.0,golfer,4,#ffe6cc,,,,,,,,
golfer_group_30,38.02583934778024,-84.47247793374599,27660.0,golfer,4,#ffe6cc,,,,,,,,
golfer_group_30,38.02555709154953,-84.47257705401765,27720.0,golfer,4,#ffe6cc,,,,,,,,
golfer_group_30,38.025278899056985,-84.47258808504574,27780.0,golfer,4,#ffe6cc,,,,,,,,
golfer_group_30,38.02505413568005,-84.47238241246707,27840.0,golfer,4,#ffcc99,,,,,,,,
golfer_group_30,38.02491621232278,-84.47205445775451,27900.0,golfer,4,#ffcc99,,,,,,,,
golfer_group_30,38.02477828896551,-84.47172650304194,27960.0,golfer,4,#ffcc99,,,,,,,,
golfer_group_30,38.024640365608235,-84.47139854832938,28020.0,golfer,4,#ffcc99,,,,,,,,
golfer_group_30,38.02450244225096,-84.4710705936168,28080.0,golfer,4,#ffcc99,,,,,,,,
golfer_group_30,38.02436451889369,-84.47074263890424,28140.0,golfer,4,#00b894,,,,,,,,
golfer_group_30,38.02422659553642,-84.47041468419167,28200.0,golfer,4,#00b894,,,,,,,,
golfer_group_30,38.02408867217915,-84.4700867294791,28260.0,golfer,4,#00b894,,,,,,,,
golfer_group_30,38.023830177494666,-84.46991493651929,28320.0,golfer,4,#00b894,,,,,,,,
golfer_group_30,38.02356911857893,-84.46974646470437,28380.0,golfer,4,#00b894,,,,,,,,
golfer_group_30,38.0233080596632,-84.46957799288944,28440.0,golfer,4,#00b894,,,,,,,,
golfer_group_30,38.02304700074746,-84.46940952107451,28500.0,golfer,4,#00b894,,,,,,,,
golfer_group_30,38.0227847606833,-84.46924457405959,28560.0,golfer,4,#00b894,,,,,,,,
golfer_group_30,38.02250809559787,-84.46912267439926,28620.0,golfer,4,#00b894,,,,,,,,
golfer_group_30,38.022527943550884,-84.46893235209967,28680.0,golfer,4,#00b894,,,,,,,,
golfer_group_30,38.02275311404551,-84.46869465006165,28740.0,golfer,4,#00b894,,,,,,,,
golfer_group_30,38.02297828454014,-84.46845694802364,28800.0,golfer,4,#00b894,,,,,,,,
golfer_group_30,38.02320345503476,-84.46821924598564,28860.0,golfer,4,#00b894,,,,,,,,
golfer_group_30,38.023428625529384,-84.46798154394763,28920.0,golfer,4,#00b894,,,,,,,,
golfer_group_30,38.02365379602401,-84.46774384190961,28980.0,golfer,4,#00b894,,,,,,,,
golfer_group_30,38.02387896651864,-84.4675061398716,29040.0,golfer,4,#00b894,,,,,,,,
golfer_group_30,38.02410413701326,-84.4672684378336,29100.0,golfer,4,#00b894,,,,,,,,
golfer_group_30,38.024329307507884,-84.46703073579559,29160.0,golfer,4,#00b894,,,,,,,,
golfer_group_30,38.024516630016976,-84.46674714202182,29220.0,golfer,4,#00b894,,,,,,,,
golfer_group_30,38.02469334505099,-84.4664506863893,29280.0,golfer,4,#00b894,,,,,,,,
golfer_group_30,38.02487006008501,-84.46615423075679,29340.0,golfer,4,#00b894,,,,,,,,
golfer_group_30,38.02504677511902,-84.46585777512426,29400.0,golfer,4,#00b894,,,,,,,,
golfer_group_30,38.02525798622544,-84.46562593134438,29460.0,golfer,4,#00b894,,,,,,,,
golfer_group_30,38.025540368765746,-84.46552739312297,29520.0,golfer,4,#00b894,,,,,,,,
golfer_group_30,38.02582275130605,-84.46542885490156,29580.0,golfer,4,#00b894,,,,,,,,
golfer_group_30,38.02610513384636,-84.46533031668015,29640.0,golfer,4,#00b894,,,,,,,,
golfer_group_30,38.02637936666449,-84.46537020680762,29700.0,golfer,4,#00b894,,,,,,,,
golfer_group_30,38.02664707383,-84.4655209394031,29760.0,golfer,4,#00b894,,,,,,,,
golfer_group_30,38.026914780995504,-84.46567167199859,29820.0,golfer,4,#00b894,,,,,,,,
golfer_group_30,38.02718248816101,-84.46582240459409,29880.0,golfer,4,#00b894,,,,,,,,
golfer_group_30,38.027450195326516,-84.46597313718958,29940.0,golfer,4,#00b894,,,,,,,,
golfer_group_30,38.02771790249202,-84.46612386978506,30000.0,golfer,4,#00b894,,,,,,,,
golfer_group_30,38.027985609657534,-84.46627460238055,30060.0,golfer,4,#00b894,,,,,,,,
golfer_group_30,38.02825331682304,-84.46642533497604,30120.0,golfer,4,#00b894,,,,,,,,
golfer_group_30,38.02854411583699,-84.46643446747252,30180.0,golfer,4,#00b894,,,,,,,,
golfer_group_30,38.02883696025459,-84.46643105747557,30240.0,golfer,4,#00b894,,,,,,,,
golfer_group_30,38.02912980467218,-84.46642764747862,30300.0,golfer,4,#00b894,,,,,,,,
golfer_group_30,38.029422649089774,-84.46642423748168,30360.0,golfer,4,#00b894,,,,,,,,
golfer_group_30,38.029714660100595,-84.46640554510962,30420.0,golfer,4,#00b894,,,,,,,,
golfer_group_30,38.03000508074206,-84.46635768976212,30480.0,golfer,4,#00b894,,,,,,,,
golfer_group_30,38.03029550138352,-84.46630983441462,30540.0,golfer,4,#00b894,,,,,,,,
golfer_group_30,38.03034421537664,-84.46623396436489,30600.0,golfer,4,#00b894,,,,,,,,
golfer_group_30,38.0300654222068,-84.4661201350132,30660.0,golfer,4,#00b894,,,,,,,,
golfer_group_30,38.02978662903697,-84.46600630566151,30720.0,golfer,4,#00b894,,,,,,,,
golfer_group_30,38.02950783586713,-84.46589247630982,30780.0,golfer,4,#00b894,,,,,,,,
golfer_group_30,38.029229042697295,-84.46577864695813,30840.0,golfer,4,#00b894,,,,,,,,
golfer_group_30,38.02895024952746,-84.46566481760644,30900.0,golfer,4,#00b894,,,,,,,,
golfer_group_30,38.02867145635763,-84.46555098825475,30960.0,golfer,4,#00b894,,,,,,,,
golfer_group_30,38.02839266318779,-84.46543715890306,31020.0,golfer,4,#00b894,,,,,,,,
golfer_group_30,38.02811294382565,-84.46532834232956,31080.0,golfer,4,#00b894,,,,,,,,
golfer_group_30,38.02782336017175,-84.46527291370359,31140.0,golfer,4,#00b894,,,,,,,,
golfer_group_30,38.02753377651786,-84.46521748507763,31200.0,golfer,4,#00b894,,,,,,,,
golfer_group_30,38.027244192863975,-84.46516205645167,31260.0,golfer,4,#00b894,,,,,,,,
golfer_group_30,38.02695460921009,-84.46510662782572,31320.0,golfer,4,#00b894,,,,,,,,
golfer_group_30,38.02666502555619,-84.46505119919976,31380.0,golfer,4,#00b894,,,,,,,,
golfer_group_30,38.02637326063661,-84.4650346343973,31440.0,golfer,4,#00b894,,,,,,,,
golfer_group_30,38.02608041188864,-84.46503738027086,31500.0,golfer,4,#00b894,,,,,,,,
golfer_group_30,38.025787563140675,-84.46504012614442,31560.0,golfer,2,#00b894,,,,,,,,
golfer_group_30,38.025494714392714,-84.46504287201797,31620.0,golfer,4,#00b894,,,,,,,,
golfer_group_30,38.02556401049359,-84.4653626218534,31680.0,golfer,4,#00b894,,,,,,,,
golfer_group_30,38.025666096931715,-84.46571107475296,31740.0,golfer,4,#00b894,,,,,,,,
golfer_group_30,38.02576818336984,-84.46605952765252,31800.0,golfer,4,#00b894,,,,,,,,
golfer_group_30,38.02587026980797,-84.46640798055208,31860.0,golfer,4,#00b894,,,,,,,,
golfer_group_30,38.02597235624609,-84.46675643345164,31920.0,golfer,4,#00b894,,,,,,,,
golfer_group_30,38.02607444268422,-84.46710488635118,31980.0,golfer,4,#00b894,,,,,,,,
golfer_group_30,38.026176529122345,-84.46745333925074,32040.0,golfer,4,#00b894,,,,,,,,
golfer_group_30,38.02627861556047,-84.4678017921503,32100.0,golfer,4,#00b894,,,,,,,,
golfer_group_30,38.026391551516966,-84.46814347235242,32160.0,golfer,4,#00b894,,,,,,,,
golfer_group_30,38.0265466275618,-84.46845884704874,32220.0,golfer,4,#00b894,,,,,,,,
golfer_group_30,38.02670170360664,-84.46877422174504,32280.0,golfer,4,#00b894,,,,,,,,
golfer_group_30,38.02685677965148,-84.46908959644135,32340.0,golfer,4,#00b894,,,,,,,,
golfer_group_30,38.027011855696315,-84.46940497113766,32400.0,golfer,4,#00b894,,,,,,,,
golfer_group_30,38.027202562026105,-84.46967624119414,32460.0,golfer,4,#00b894,,,,,,,,
golfer_group_30,38.027447,-84.469881,32520.0,golfer,1,#00b894,,,,,,,,
golfer_group_31,38.027447,-84.469881,18720.0,golfer,1,#007cbf,,,,,,,,
golfer_group_31,38.02754627606764,-84.46962578282717,18780.0,golfer,1,#007cbf,,,,,,,,
golfer_group_31,38.02744283462056,-84.4692779685763,18840.0,golfer,1,#007cbf,,,,,,,,
golfer_group_31,38.02733939317348,-84.46893015432545,18900.0,golfer,1,#007cbf,,,,,,,,
golfer_group_31,38.0272359517264,-84.46858234007459,18960.0,golfer,1,#007cbf,,,,,,,,
golfer_group_31,38.027132510279316,-84.46823452582373,19020.0,golfer,1,#007cbf,,,,,,,,
golfer_group_31,38.027029068832235,-84.46788671157287,19080.0,golfer,1,#007cbf,,,,,,,,
golfer_group_31,38.026925627385154,-84.46753889732202,19140.0,golfer,1,#007cbf,,,,,,,,
golfer_group_31,38.02682218593807,-84.46719108307117,19200.0,golfer,1,#007cbf,,,,,,,,
golfer_group_31,38.026707885382585,-84.46684997010087,19260.0,golfer,1,#007cbf,,,,,,,,
golfer_group_31,38.0265563489919,-84.46653183579225,19320.0,golfer,1,#007cbf,,,,,,,,
golfer_group_31,38.02640481260122,-84.46621370148365,19380.0,golfer,1,#007cbf,,,,,,,,
golfer_group_31,38.02625327621054,-84.46589556717504,19440.0,golfer,1,#007cbf,,,,,,,,
golfer_group_31,38.026097865476636,-84.4655806681031,19500.0,golfer,1,#007cbf,,,,,,,,
golfer_group_31,38.02592778516153,-84.46527801873756,19560.0,golfer,4,#007cbf,,,,,,,,
golfer_group_31,38.02575770484643,-84.46497536937204,19620.0,golfer,2,#007cbf,,,,,,,,
golfer_group_31,38.02580429978306,-84.46478189846547,19680.0,golfer,2,#007cbf,,,,,,,,
golfer_group_31,38.02609158193444,-84.46470970518055,19740.0,golfer,2,#007cbf,,,,,,,,
golfer_group_31,38.02637886408582,-84.46463751189565,19800.0,golfer,2,#007cbf,,,,,,,,
golfer_group_31,38.0266661462372,-84.46456531861072,19860.0,golfer,2,#007cbf,,,,,,,,
golfer_group_31,38.02695342838857,-84.4644931253258,19920.0,golfer,2,#007cbf,,,,,,,,
golfer_group_31,38.02723262500985,-84.46440936561527,19980.0,golfer,2,#007cbf,,,,,,,,
golfer_group_31,38.02732323296244,-84.46405582806928,20040.0,golfer,2,#007cbf,,,,,,,,
golfer_group_31,38.027413840915024,-84.46370229052329,20100.0,golfer,3,#007cbf,,,,,,,,
golfer_group_31,38.02755613921936,-84.46339199540722,20160.0,golfer,3,#007cbf,,,,,,,,
golfer_group_31,38.02777631020529,-84.46314684598785,20220.0,golfer,3,#007cbf,,,,,,,,
golfer_group_31,38.027996481191224,-84.4629016965685,20280.0,golfer,3,#007cbf,,,,,,,,
golfer_group_31,38.028216652177164,-84.46265654714912,20340.0,golfer,3,#007cbf,,,,,,,,
golfer_group_31,38.0284368231631,-84.46241139772975,20400.0,golfer,3,#007cbf,,,,,,,,
golfer_group_31,38.02865699414903,-84.4621662483104,20460.0,golfer,3,#007cbf,,,,,,,,
golfer_group_31,38.02887716513497,-84.46192109889103,20520.0,golfer,3,#007cbf,,,,,,,,
golfer_group_31,38.029097336120905,-84.46167594947165,20580.0,golfer,3,#007cbf,,,,,,,,
golfer_group_31,38.02932048603734,-84.46143527844885,20640.0,golfer,3,#007cbf,,,,,,,,
golfer_group_31,38.02954781666501,-84.4612008925283,20700.0,golfer,3,#007cbf,,,,,,,,
golfer_group_31,38.029775147292675,-84.46096650660775,20760.0,golfer,3,#007cbf,,,,,,,,
golfer_group_31,38.03000247792034,-84.46073212068718,20820.0,golfer,3,#007cbf,,,,,,,,
golfer_group_31,38.03022980854801,-84.46049773476663,20880.0,golfer,3,#007cbf,,,,,,,,
golfer_group_31,38.03028198771919,-84.46029007968264,20940.0,golfer,3,#007cbf,,,,,,,,
golfer_group_31,38.030017377451664,-84.46013077159431,21000.0,golfer,4,#007cbf,,,,,,,,
golfer_group_31,38.02974997117584,-84.46003134117494,21060.0,golfer,4,#007cbf,,,,,,,,
golfer_group_31,38.029472388508275,-84.46014984237516,21120.0,golfer,4,#007cbf,,,,,,,,
golfer_group_31,38.02919480584071,-84.46026834357538,21180.0,golfer,4,#007cbf,,,,,,,,
golfer_group_31,38.02891722317315,-84.46038684477558,21240.0,golfer,4,#007cbf,,,,,,,,
golfer_group_31,38.02863964050559,-84.4605053459758,21300.0,golfer,4,#007cbf,,,,,,,,
golfer_group_31,38.02846819932939,-84.46074999771898,21360.0,golfer,4,#007cbf,,,,,,,,
golfer_group_31,38.028356651102726,-84.46108459413088,21420.0,golfer,4,#007cbf,,,,,,,,
golfer_group_31,38.028163251425084,-84.46136377382878,21480.0,golfer,4,#007cbf,,,,,,,,
golfer_group_31,38.02796985174745,-84.46164295352668,21540.0,golfer,4,#007cbf,,,,,,,,
golfer_group_31,38.02777645206981,-84.46192213322458,21600.0,golfer,4,#007cbf,,,,,,,,
golfer_group_31,38.027583052392174,-84.46220131292247,21660.0,golfer,4,#007cbf,,,,,,,,
golfer_group_31,38.02739313138997,-84.4624841808364,21720.0,golfer,4,#007cbf,,,,,,,,
golfer_group_31,38.02721114487077,-84.46277546117278,21780.0,golfer,4,#007cbf,,,,,,,,
golfer_group_31,38.02702915835156,-84.46306674150915,21840.0,golfer,4,#007cbf,,,,,,,,
golfer_group_31,38.02684717183235,-84.46335802184554,21900.0,golfer,4,#007cbf,,,,,,,,
golfer_group_31,38.027030664719845,-84.46345337202217,21960.0,golfer,4,#007cbf,,,,,,,,
golfer_group_31,38.02732202605173,-84.46349089491457,22020.0,golfer,3,#007cbf,,,,,,,,
golfer_group_31,38.02761338738361,-84.46352841780696,22080.0,golfer,3,#007cbf,,,,,,,,
golfer_group_31,38.02787761975422,-84.46365295047241,22140.0,golfer,4,#007cbf,,,,,,,,
golfer_group_31,38.02811027773896,-84.46387875056652,22200.0,golfer,4,#007cbf,,,,,,,,
golfer_group_31,38.02834293572369,-84.46410455066062,22260.0,golfer,4,#007cbf,,,,,,,,
golfer_group_31,38.028575593708425,-84.46433035075472,22320.0,golfer,4,#007cbf,,,,,,,,
golfer_group_31,38.028808251693164,-84.46455615084882,22380.0,golfer,4,#007cbf,,,,,,,,
golfer_group_31,38.029040909677896,-84.46478195094294,22440.0,golfer,4,#007cbf,,,,,,,,
golfer_group_31,38.02927356766263,-84.46500775103704,22500.0,golfer,4,#007cbf,,,,,,,,
golfer_group_31,38.02950622564737,-84.46523355113113,22560.0,golfer,4,#007cbf,,,,,,,,
golfer_group_31,38.02975350361947,-84.4654282954189,22620.0,golfer,4,#007cbf,,,,,,,,
golfer_group_31,38.030020352724144,-84.46558146666777,22680.0,golfer,4,#007cbf,,,,,,,,
golfer_group_31,38.03028720182882,-84.46573463791665,22740.0,golfer,4,#007cbf,,,,,,,,
golfer_group_31,38.030554050933496,-84.46588780916554,22800.0,golfer,4,#007cbf,,,,,,,,
golfer_group_31,38.0308144451061,-84.46601508231271,22860.0,golfer,4,#007cbf,,,,,,,,
golfer_group_31,38.03096331555731,-84.46569490649415,22920.0,golfer,4,#007cbf,,,,,,,,
golfer_group_31,38.03100160851583,-84.46532942233877,22980.0,golfer,4,#007cbf,,,,,,,,
golfer_group_31,38.03102825601745,-84.4649591665407,23040.0,golfer,4,#007cbf,,,,,,,,
golfer_group_31,38.03105490351906,-84.46458891074262,23100.0,golfer,4,#007cbf,,,,,,,,
golfer_group_31,38.031081551020684,-84.46421865494455,23160.0,golfer,4,#007cbf,,,,,,,,
golfer_group_31,38.031108198522304,-84.46384839914647,23220.0,golfer,4,#007cbf,,,,,,,,
golfer_group_31,38.03113484602392,-84.4634781433484,23280.0,golfer,4,#007cbf,,,,,,,,
golfer_group_31,38.03116149352554,-84.46310788755032,23340.0,golfer,4,#007cbf,,,,,,,,
golfer_group_31,38.031127268705696,-84.46274982308951,23400.0,golfer,4,#007cbf,,,,,,,,
golfer_group_31,38.031012137391194,-84.4624079623538,23460.0,golfer,4,#007cbf,,,,,,,,
golfer_group_31,38.03089700607669,-84.46206610161808,23520.0,golfer,4,#007cbf,,,,,,,,
golfer_group_31,38.0307818747622,-84.46172424088235,23580.0,golfer,4,#007cbf,,,,,,,,
golfer_group_31,38.030666743447696,-84.46138238014663,23640.0,golfer,4,#007cbf,,,,,,,,
golfer_group_31,38.030551612133195,-84.46104051941091,23700.0,golfer,4,#007cbf,,,,,,,,
golfer_group_31,38.03081531898336,-84.46091137688049,23760.0,golfer,4,#007cbf,,,,,,,,
golfer_group_31,38.0310279411826,-84.46098091912485,23820.0,golfer,4,#007cbf,,,,,,,,
golfer_group_31,38.03115090321037,-84.46131835889211,23880.0,golfer,4,#007cbf,,,,,,,,
golfer_group_31,38.031273865238134,-84.46165579865938,23940.0,golfer,4,#007cbf,,,,,,,,
golfer_group_31,38.03139682726591,-84.46199323842663,24000.0,golfer,4,#007cbf,,,,,,,,
golfer_group_31,38.031519789293675,-84.4623306781939,24060.0,golfer,4,#007cbf,,,,,,,,
golfer_group_31,38.03164275132144,-84.46266811796116,24120.0,golfer,4,#007cbf,,,,,,,,
golfer_group_31,38.03176571334921,-84.46300555772842,24180.0,golfer,4,#007cbf,,,,,,,,
golfer_group_31,38.031888675376976,-84.46334299749569,24240.0,golfer,4,#007cbf,,,,,,,,
golfer_group_31,38.031909837946635,-84.46368872876327,24300.0,golfer,4,#007cbf,,,,,,,,
golfer_group_31,38.03182184589159,-84.46404335060477,24360.0,golfer,4,#007cbf,,,,,,,,
golfer_group_31,38.03173385383655,-84.46439797244628,24420.0,golfer,4,#007cbf,,,,,,,,
golfer_group_31,38.031645861781506,-84.46475259428779,24480.0,golfer,4,#007cbf,,,,,,,,
golfer_group_31,38.03155786972646,-84.46510721612928,24540.0,golfer,4,#007cbf,,,,,,,,
golfer_group_31,38.03146987767142,-84.46546183797079,24600.0,golfer,4,#007cbf,,,,,,,,
golfer_group_31,38.03131864912918,-84.46576966145622,24660.0,golfer,4,#007cbf,,,,,,,,
golfer_group_31,38.0311189562348,-84.46604161874937,24720.0,golfer,4,#007cbf,,,,,,,,
golfer_group_31,38.030919263340415,-84.46631357604252,24780.0,golfer,4,#007cbf,,,,,,,,
golfer_group_31,38.030718115722834,-84.46658350967269,24840.0,golfer,4,#007cbf,,,,,,,,
golfer_group_31,38.0304866033238,-84.46681120290668,24900.0,golfer,4,#007cbf,,,,,,,,
golfer_group_31,38.030255090924776,-84.46703889614066,24960.0,golfer,4,#007cbf,,,,,,,,
golfer_group_31,38.03002357852575,-84.46726658937465,25020.0,golfer,4,#007cbf,,,,,,,,
golfer_group_31,38.02979206612672,-84.46749428260863,25080.0,golfer,4,#007cbf,,,,,,,,
golfer_group_31,38.02956055372769,-84.46772197584261,25140.0,golfer,4,#007cbf,,,,,,,,
golfer_group_31,38.02932904132866,-84.4679496690766,25200.0,golfer,4,#007cbf,,,,,,,,
golfer_group_31,38.02909752892963,-84.46817736231058,25260.0,golfer,4,#007cbf,,,,,,,,
golfer_group_31,38.0288660165306,-84.46840505554457,25320.0,golfer,4,#007cbf,,,,,,,,
golfer_group_31,38.02869804015225,-84.46870681462924,25380.0,golfer,4,#007cbf,,,,,,,,
golfer_group_31,38.028539024924726,-84.46901901999702,25440.0,golfer,4,#007cbf,,,,,,,,
golfer_group_31,38.0283800096972,-84.46933122536481,25500.0,golfer,4,#007cbf,,,,,,,,
golfer_group_31,38.028129065075696,-84.46949162304078,25560.0,golfer,4,#007cbf,,,,,,,,
golfer_group_31,38.02785052807789,-84.46960645602002,25620.0,golfer,1,#007cbf,,,,,,,,
golfer_group_31,38.027571991080094,-84.46972128899925,25680.0,golfer,1,#007cbf,,,,,,,,
golfer_group_31,38.02729345408229,-84.4698361219785,25740.0,golfer,4,#007cbf,,,,,,,,
golfer_group_31,38.027014917084486,-84.46995095495774,25800.0,golfer,4,#007cbf,,,,,,,,
golfer_group_31,38.02677219339408,-84.46990690842384,25860.0,golfer,4,#007cbf,,,,,,,,
golfer_group_31,38.026583670283,-84.46962241044099,25920.0,golfer,4,#007cbf,,,,,,,,
golfer_group_31,38.02639514717193,-84.46933791245814,25980.0,golfer,4,#007cbf,,,,,,,,
golfer_group_31,38.026206624060855,-84.4690534144753,26040.0,golfer,4,#007cbf,,,,,,,,
golfer_group_31,38.02601810094978,-84.46876891649245,26100.0,golfer,4,#007cbf,,,,,,,,
golfer_group_31,38.0258295778387,-84.4684844185096,26160.0,golfer,4,#007cbf,,,,,,,,
golfer_group_31,38.02564105472762,-84.46819992052676,26220.0,golfer,4,#007cbf,,,,,,,,
golfer_group_31,38.02539873776804,-84.4680332578427,26280.0,golfer,4,#007cbf,,,,,,,,
golfer_group_31,38.02511056304286,-84.46796704648648,26340.0,golfer,4,#007cbf,,,,,,,,
golfer_group_31,38.02482238831767,-84.46790083513027,26400.0,golfer,4,#007cbf,,,,,,,,
golfer_group_31,38.02466098715723,-84.46791926274804,26460.0,golfer,4,#007cbf,,,,,,,,
golfer_group_31,38.0248672597656,-84.46818316370741,26520.0,golfer,4,#007cbf,,,,,,,,
golfer_group_31,38.025073532373966,-84.46844706466678,26580.0,golfer,4,#007cbf,,,,,,,,
golfer_group_31,38.02498232223591,-84.46858500193528,26640.0,golfer,4,#007cbf,,,,,,,,
golfer_group_31,38.024692555469876,-84.46863886398934,26700.0,golfer,4,#007cbf,,,,,,,,
golfer_group_31,38.02440278870384,-84.4686927260434,26760.0,golfer,4,#007cbf,,,,,,,,
golfer_group_31,38.0241130219378,-84.46874658809746,26820.0,golfer,4,#007cbf,,,,,,,,
golfer_group_31,38.02382325517176,-84.46880045015152,26880.0,golfer,4,#007cbf,,,,,,,,
golfer_group_31,38.023533488405725,-84.46885431220558,26940.0,golfer,4,#007cbf,,,,,,,,
golfer_group_31,38.02325287292604,-84.46895459002404,27000.0,golfer,4,#007cbf,,,,,,,,
golfer_group_31,38.023120094224296,-84.46908677293466,27060.0,golfer,4,#007cbf,,,,,,,,
golfer_group_31,38.02338797984743,-84.46923698741324,27120.0,golfer,4,#007cbf,,,,,,,,
golfer_group_31,38.02365586547056,-84.46938720189182,27180.0,golfer,4,#007cbf,,,,,,,,
golfer_group_31,38.02392375109368,-84.4695374163704,27240.0,golfer,4,#007cbf,,,,,,,,
golfer_group_31,38.024191636716814,-84.46968763084898,27300.0,golfer,4,#007cbf,,,,,,,,
golfer_group_31,38.024459522339946,-84.46983784532756,27360.0,golfer,4,#007cbf,,,,,,,,
golfer_group_31,38.02472740796308,-84.46998805980614,27420.0,golfer,4,#007cbf,,,,,,,,
golfer_group_31,38.0249952935862,-84.47013827428472,27480.0,golfer,4,#007cbf,,,,,,,,
golfer_group_31,38.02526317920933,-84.4702884887633,27540.0,golfer,4,#007cbf,,,,,,,,
golfer_group_31,38.02549053793203,-84.47051685206469,27600.0,golfer,4,#007cbf,,,,,,,,
golfer_group_31,38.02570511747455,-84.47076985771169,27660.0,golfer,4,#007cbf,,,,,,,,
golfer_group_31,38.025919697017066,-84.4710228633587,27720.0,golfer,4,#007cbf,,,,,,,,
golfer_group_31,38.02613427655959,-84.4712758690057,27780.0,golfer,4,#007cbf,,,,,,,,
golfer_group_31,38.02634885610211,-84.4715288746527,27840.0,golfer,4,#007cbf,,,,,,,,
golfer_group_31,38.026563435644626,-84.4717818802997,27900.0,golfer,4,#007cbf,,,,,,,,
golfer_group_31,38.02678243981026,-84.47202860408251,27960.0,golfer,4,#007cbf,,,,,,,,
golfer_group_31,38.02668611647238,-84.47218057293104,28020.0,golfer,4,#007cbf,,,,,,,,
golfer_group_31,38.02640386024167,-84.4722796932027,28080.0,golfer,4,#007cbf,,,,,,,,
golfer_group_31,38.02612160401096,-84.47237881347434,28140.0,golfer,4,#007cbf,,,,,,,,
golfer_group_31,38.02583934778024,-84.47247793374599,28200.0,golfer,4,#007cbf,,,,,,,,
golfer_group_31,38.02555709154953,-84.47257705401765,28260.0,golfer,4,#007cbf,,,,,,,,
golfer_group_31,38.025278899056985,-84.47258808504574,28320.0,golfer,4,#007cbf,,,,,,,,
golfer_group_31,38.02505413568005,-84.47238241246707,28380.0,golfer,4,#007cbf,,,,,,,,
golfer_group_31,38.02491621232278,-84.47205445775451,28440.0,golfer,4,#007cbf,,,,,,,,
golfer_group_31,38.02477828896551,-84.47172650304194,28500.0,golfer,4,#007cbf,,,,,,,,
golfer_group_31,38.024640365608235,-84.47139854832938,28560.0,golfer,4,#007cbf,,,,,,,,
golfer_group_31,38.02450244225096,-84.4710705936168,28620.0,golfer,4,#007cbf,,,,,,,,
golfer_group_31,38.02436451889369,-84.47074263890424,28680.0,golfer,4,#007cbf,,,,,,,,
golfer_group_31,38.02422659553642,-84.47041468419167,28740.0,golfer,4,#007cbf,,,,,,,,
golfer_group_31,38.02408867217915,-84.4700867294791,28800.0,golfer,4,#007cbf,,,,,,,,
golfer_group_31,38.023830177494666,-84.46991493651929,28860.0,golfer,4,#007cbf,,,,,,,,
golfer_group_31,38.02356911857893,-84.46974646470437,28920.0,golfer,4,#007cbf,,,,,,,,
golfer_group_31,38.0233080596632,-84.46957799288944,28980.0,golfer,4,#007cbf,,,,,,,,
golfer_group_31,38.02304700074746,-84.46940952107451,29040.0,golfer,4,#007cbf,,,,,,,,
golfer_group_31,38.0227847606833,-84.46924457405959,29100.0,golfer,4,#007cbf,,,,,,,,
golfer_group_31,38.02250809559787,-84.46912267439926,29160.0,golfer,4,#007cbf,,,,,,,,
golfer_group_31,38.022527943550884,-84.46893235209967,29220.0,golfer,4,#007cbf,,,,,,,,
golfer_group_31,38.02275311404551,-84.46869465006165,29280.0,golfer,4,#007cbf,,,,,,,,
golfer_group_31,38.02297828454014,-84.46845694802364,29340.0,golfer,4,#007cbf,,,,,,,,
golfer_group_31,38.02320345503476,-84.46821924598564,29400.0,golfer,4,#007cbf,,,,,,,,
golfer_group_31,38.023428625529384,-84.46798154394763,29460.0,golfer,4,#007cbf,,,,,,,,
golfer_group_31,38.02365379602401,-84.46774384190961,29520.0,golfer,4,#007cbf,,,,,,,,
golfer_group_31,38.02387896651864,-84.4675061398716,29580.0,golfer,4,#007cbf,,,,,,,,
golfer_group_31,38.02410413701326,-84.4672684378336,29640.0,golfer,4,#007cbf,,,,,,,,
golfer_group_31,38.024329307507884,-84.46703073579559,29700.0,golfer,4,#007cbf,,,,,,,,
golfer_group_31,38.024516630016976,-84.46674714202182,29760.0,golfer,4,#007cbf,,,,,,,,
golfer_group_31,38.02469334505099,-84.4664506863893,29820.0,golfer,4,#007cbf,,,,,,,,
golfer_group_31,38.02487006008501,-84.46615423075679,29880.0,golfer,4,#007cbf,,,,,,,,
golfer_group_31,38.02504677511902,-84.46585777512426,29940.0,golfer,4,#007cbf,,,,,,,,
golfer_group_31,38.02525798622544,-84.46562593134438,30000.0,golfer,4,#007cbf,,,,,,,,
golfer_group_31,38.025540368765746,-84.46552739312297,30060.0,golfer,4,#007cbf,,,,,,,,
golfer_group_31,38.02582275130605,-84.46542885490156,30120.0,golfer,4,#007cbf,,,,,,,,
golfer_group_31,38.02610513384636,-84.46533031668015,30180.0,golfer,4,#007cbf,,,,,,,,
golfer_group_31,38.02637936666449,-84.46537020680762,30240.0,golfer,4,#007cbf,,,,,,,,
golfer_group_31,38.02664707383,-84.4655209394031,30300.0,golfer,4,#007cbf,,,,,,,,
golfer_group_31,38.026914780995504,-84.46567167199859,30360.0,golfer,4,#007cbf,,,,,,,,
golfer_group_31,38.02718248816101,-84.46582240459409,30420.0,golfer,4,#007cbf,,,,,,,,
golfer_group_31,38.027450195326516,-84.46597313718958,30480.0,golfer,4,#007cbf,,,,,,,,
golfer_group_31,38.02771790249202,-84.46612386978506,30540.0,golfer,4,#007cbf,,,,,,,,
golfer_group_31,38.027985609657534,-84.46627460238055,30600.0,golfer,4,#007cbf,,,,,,,,
golfer_group_31,38.02825331682304,-84.46642533497604,30660.0,golfer,4,#007cbf,,,,,,,,
golfer_group_31,38.02854411583699,-84.46643446747252,30720.0,golfer,4,#007cbf,,,,,,,,
golfer_group_31,38.02883696025459,-84.46643105747557,30780.0,golfer,4,#007cbf,,,,,,,,
golfer_group_31,38.02912980467218,-84.46642764747862,30840.0,golfer,4,#007cbf,,,,,,,,
golfer_group_31,38.029422649089774,-84.46642423748168,30900.0,golfer,4,#007cbf,,,,,,,,
golfer_group_31,38.029714660100595,-84.46640554510962,30960.0,golfer,4,#007cbf,,,,,,,,
golfer_group_31,38.03000508074206,-84.46635768976212,31020.0,golfer,4,#007cbf,,,,,,,,
golfer_group_31,38.03029550138352,-84.46630983441462,31080.0,golfer,4,#007cbf,,,,,,,,
golfer_group_31,38.03034421537664,-84.46623396436489,31140.0,golfer,4,#007cbf,,,,,,,,
golfer_group_31,38.0300654222068,-84.4661201350132,31200.0,golfer,4,#007cbf,,,,,,,,
golfer_group_31,38.02978662903697,-84.46600630566151,31260.0,golfer,4,#007cbf,,,,,,,,
golfer_group_31,38.02950783586713,-84.46589247630982,31320.0,golfer,4,#007cbf,,,,,,,,
golfer_group_31,38.029229042697295,-84.46577864695813,31380.0,golfer,4,#007cbf,,,,,,,,
golfer_group_31,38.02895024952746,-84.46566481760644,31440.0,golfer,4,#007cbf,,,,,,,,
golfer_group_31,38.02867145635763,-84.46555098825475,31500.0,golfer,4,#007cbf,,,,,,,,
golfer_group_31,38.02839266318779,-84.46543715890306,31560.0,golfer,4,#007cbf,,,,,,,,
golfer_group_31,38.02811294382565,-84.46532834232956,31620.0,golfer,4,#007cbf,,,,,,,,
golfer_group_31,38.02782336017175,-84.46527291370359,31680.0,golfer,4,#007cbf,,,,,,,,
golfer_group_31,38.02753377651786,-84.46521748507763,31740.0,golfer,4,#007cbf,,,,,,,,
golfer_group_31,38.027244192863975,-84.46516205645167,31800.0,golfer,4,#007cbf,,,,,,,,
golfer_group_31,38.02695460921009,-84.46510662782572,31860.0,golfer,4,#007cbf,,,,,,,,
golfer_group_31,38.02666502555619,-84.46505119919976,31920.0,golfer,4,#007cbf,,,,,,,,
golfer_group_31,38.02637326063661,-84.4650346343973,31980.0,golfer,4,#007cbf,,,,,,,,
golfer_group_31,38.02608041188864,-84.46503738027086,32040.0,golfer,4,#007cbf,,,,,,,,
golfer_group_31,38.025787563140675,-84.46504012614442,32100.0,golfer,2,#007cbf,,,,,,,,
golfer_group_31,38.025494714392714,-84.46504287201797,32160.0,golfer,4,#007cbf,,,,,,,,
golfer_group_31,38.02556401049359,-84.4653626218534,32220.0,golfer,4,#007cbf,,,,,,,,
golfer_group_31,38.025666096931715,-84.46571107475296,32280.0,golfer,4,#007cbf,,,,,,,,
golfer_group_31,38.02576818336984,-84.46605952765252,32340.0,golfer,4,#007cbf,,,,,,,,
golfer_group_31,38.02587026980797,-84.46640798055208,32400.0,golfer,4,#007cbf,,,,,,,,
golfer_group_31,38.02597235624609,-84.46675643345164,32460.0,golfer,4,#007cbf,,,,,,,,
golfer_group_31,38.02607444268422,-84.46710488635118,32520.0,golfer,4,#007cbf,,,,,,,,
golfer_group_31,38.026176529122345,-84.46745333925074,32580.0,golfer,4,#007cbf,,,,,,,,
golfer_group_31,38.02627861556047,-84.4678017921503,32640.0,golfer,4,#007cbf,,,,,,,,
golfer_group_31,38.026391551516966,-84.46814347235242,32700.0,golfer,4,#007cbf,,,,,,,,
golfer_group_31,38.0265466275618,-84.46845884704874,32760.0,golfer,4,#007cbf,,,,,,,,
golfer_group_31,38.02670170360664,-84.46877422174504,32820.0,golfer,4,#007cbf,,,,,,,,
golfer_group_31,38.02685677965148,-84.46908959644135,32880.0,golfer,4,#007cbf,,,,,,,,
golfer_group_31,38.027011855696315,-84.46940497113766,32940.0,golfer,4,#007cbf,,,,,,,,
golfer_group_31,38.027202562026105,-84.46967624119414,33000.0,golfer,4,#007cbf,,,,,,,,
golfer_group_31,38.027447,-84.469881,33060.0,golfer,1,#007cbf,,,,,,,,
golfer_group_32,38.027447,-84.469881,19260.0,golfer,1,#007cbf,,,,,,,,
golfer_group_32,38.02754627606764,-84.46962578282717,19320.0,golfer,1,#007cbf,,,,,,,,
golfer_group_32,38.02744283462056,-84.4692779685763,19380.0,golfer,1,#007cbf,,,,,,,,
golfer_group_32,38.02733939317348,-84.46893015432545,19440.0,golfer,1,#007cbf,,,,,,,,
golfer_group_32,38.0272359517264,-84.46858234007459,19500.0,golfer,1,#007cbf,,,,,,,,
golfer_group_32,38.027132510279316,-84.46823452582373,19560.0,golfer,1,#007cbf,,,,,,,,
golfer_group_32,38.027029068832235,-84.46788671157287,19620.0,golfer,1,#007cbf,,,,,,,,
golfer_group_32,38.026925627385154,-84.46753889732202,19680.0,golfer,1,#007cbf,,,,,,,,
golfer_group_32,38.02682218593807,-84.46719108307117,19740.0,golfer,1,#007cbf,,,,,,,,
golfer_group_32,38.026707885382585,-84.46684997010087,19800.0,golfer,1,#007cbf,,,,,,,,
golfer_group_32,38.0265563489919,-84.46653183579225,19860.0,golfer,1,#007cbf,,,,,,,,
golfer_group_32,38.02640481260122,-84.46621370148365,19920.0,golfer,1,#007cbf,,,,,,,,
golfer_group_32,38.02625327621054,-84.46589556717504,19980.0,golfer,1,#007cbf,,,,,,,,
golfer_group_32,38.026097865476636,-84.4655806681031,20040.0,golfer,1,#007cbf,,,,,,,,
golfer_group_32,38.02592778516153,-84.46527801873756,20100.0,golfer,4,#007cbf,,,,,,,,
golfer_group_32,38.02575770484643,-84.46497536937204,20160.0,golfer,2,#007cbf,,,,,,,,
golfer_group_32,38.02580429978306,-84.46478189846547,20220.0,golfer,2,#007cbf,,,,,,,,
golfer_group_32,38.02609158193444,-84.46470970518055,20280.0,golfer,2,#007cbf,,,,,,,,
golfer_group_32,38.02637886408582,-84.46463751189565,20340.0,golfer,2,#007cbf,,,,,,,,
golfer_group_32,38.0266661462372,-84.46456531861072,20400.0,golfer,2,#007cbf,,,,,,,,
golfer_group_32,38.02695342838857,-84.4644931253258,20460.0,golfer,2,#007cbf,,,,,,,,
golfer_group_32,38.02723262500985,-84.46440936561527,20520.0,golfer,2,#007cbf,,,,,,,,
golfer_group_32,38.02732323296244,-84.46405582806928,20580.0,golfer,2,#007cbf,,,,,,,,
golfer_group_32,38.027413840915024,-84.46370229052329,20640.0,golfer,3,#007cbf,,,,,,,,
golfer_group_32,38.02755613921936,-84.46339199540722,20700.0,golfer,3,#007cbf,,,,,,,,
golfer_group_32,38.02777631020529,-84.46314684598785,20760.0,golfer,3,#007cbf,,,,,,,,
golfer_group_32,38.027996481191224,-84.4629016965685,20820.0,golfer,3,#007cbf,,,,,,,,
golfer_group_32,38.028216652177164,-84.46265654714912,20880.0,golfer,3,#007cbf,,,,,,,,
golfer_group_32,38.0284368231631,-84.46241139772975,20940.0,golfer,3,#007cbf,,,,,,,,
golfer_group_32,38.02865699414903,-84.4621662483104,21000.0,golfer,3,#007cbf,,,,,,,,
golfer_group_32,38.02887716513497,-84.46192109889103,21060.0,golfer,3,#007cbf,,,,,,,,
golfer_group_32,38.029097336120905,-84.46167594947165,21120.0,golfer,3,#007cbf,,,,,,,,
golfer_group_32,38.02932048603734,-84.46143527844885,21180.0,golfer,3,#007cbf,,,,,,,,
golfer_group_32,38.02954781666501,-84.4612008925283,21240.0,golfer,3,#007cbf,,,,,,,,
golfer_group_32,38.029775147292675,-84.46096650660775,21300.0,golfer,3,#007cbf,,,,,,,,
golfer_group_32,38.03000247792034,-84.46073212068718,21360.0,golfer,3,#007cbf,,,,,,,,
golfer_group_32,38.03022980854801,-84.46049773476663,21420.0,golfer,3,#007cbf,,,,,,,,
golfer_group_32,38.03028198771919,-84.46029007968264,21480.0,golfer,3,#007cbf,,,,,,,,
golfer_group_32,38.030017377451664,-84.46013077159431,21540.0,golfer,4,#007cbf,,,,,,,,
golfer_group_32,38.02974997117584,-84.46003134117494,21600.0,golfer,4,#007cbf,,,,,,,,
golfer_group_32,38.029472388508275,-84.46014984237516,21660.0,golfer,4,#007cbf,,,,,,,,
golfer_group_32,38.02919480584071,-84.46026834357538,21720.0,golfer,4,#007cbf,,,,,,,,
golfer_group_32,38.02891722317315,-84.46038684477558,21780.0,golfer,4,#007cbf,,,,,,,,
golfer_group_32,38.02863964050559,-84.4605053459758,21840.0,golfer,4,#007cbf,,,,,,,,
golfer_group_32,38.02846819932939,-84.46074999771898,21900.0,golfer,4,#007cbf,,,,,,,,
golfer_group_32,38.028356651102726,-84.46108459413088,21960.0,golfer,4,#007cbf,,,,,,,,
golfer_group_32,38.028163251425084,-84.46136377382878,22020.0,golfer,4,#007cbf,,,,,,,,
golfer_group_32,38.02796985174745,-84.46164295352668,22080.0,golfer,4,#007cbf,,,,,,,,
golfer_group_32,38.02777645206981,-84.46192213322458,22140.0,golfer,4,#007cbf,,,,,,,,
golfer_group_32,38.027583052392174,-84.46220131292247,22200.0,golfer,4,#007cbf,,,,,,,,
golfer_group_32,38.02739313138997,-84.4624841808364,22260.0,golfer,4,#007cbf,,,,,,,,
golfer_group_32,38.02721114487077,-84.46277546117278,22320.0,golfer,4,#007cbf,,,,,,,,
golfer_group_32,38.02702915835156,-84.46306674150915,22380.0,golfer,4,#007cbf,,,,,,,,
golfer_group_32,38.02684717183235,-84.46335802184554,22440.0,golfer,4,#007cbf,,,,,,,,
golfer_group_32,38.027030664719845,-84.46345337202217,22500.0,golfer,4,#007cbf,,,,,,,,
golfer_group_32,38.02732202605173,-84.46349089491457,22560.0,golfer,3,#007cbf,,,,,,,,
golfer_group_32,38.02761338738361,-84.46352841780696,22620.0,golfer,3,#007cbf,,,,,,,,
golfer_group_32,38.02787761975422,-84.46365295047241,22680.0,golfer,4,#007cbf,,,,,,,,
golfer_group_32,38.02811027773896,-84.46387875056652,22740.0,golfer,4,#007cbf,,,,,,,,
golfer_group_32,38.02834293572369,-84.46410455066062,22800.0,golfer,4,#007cbf,,,,,,,,
golfer_group_32,38.028575593708425,-84.46433035075472,22860.0,golfer,4,#007cbf,,,,,,,,
golfer_group_32,38.028808251693164,-84.46455615084882,22920.0,golfer,4,#007cbf,,,,,,,,
golfer_group_32,38.029040909677896,-84.46478195094294,22980.0,golfer,4,#007cbf,,,,,,,,
golfer_group_32,38.02927356766263,-84.46500775103704,23040.0,golfer,4,#007cbf,,,,,,,,
golfer_group_32,38.02950622564737,-84.46523355113113,23100.0,golfer,4,#007cbf,,,,,,,,
golfer_group_32,38.02975350361947,-84.4654282954189,23160.0,golfer,4,#007cbf,,,,,,,,
golfer_group_32,38.030020352724144,-84.46558146666777,23220.0,golfer,4,#007cbf,,,,,,,,
golfer_group_32,38.03028720182882,-84.46573463791665,23280.0,golfer,4,#007cbf,,,,,,,,
golfer_group_32,38.030554050933496,-84.46588780916554,23340.0,golfer,4,#007cbf,,,,,,,,
golfer_group_32,38.0308144451061,-84.46601508231271,23400.0,golfer,4,#007cbf,,,,,,,,
golfer_group_32,38.03096331555731,-84.46569490649415,23460.0,golfer,4,#007cbf,,,,,,,,
golfer_group_32,38.03100160851583,-84.46532942233877,23520.0,golfer,4,#007cbf,,,,,,,,
golfer_group_32,38.03102825601745,-84.4649591665407,23580.0,golfer,4,#007cbf,,,,,,,,
golfer_group_32,38.03105490351906,-84.46458891074262,23640.0,golfer,4,#007cbf,,,,,,,,
golfer_group_32,38.031081551020684,-84.46421865494455,23700.0,golfer,4,#007cbf,,,,,,,,
golfer_group_32,38.031108198522304,-84.46384839914647,23760.0,golfer,4,#007cbf,,,,,,,,
golfer_group_32,38.03113484602392,-84.4634781433484,23820.0,golfer,4,#007cbf,,,,,,,,
golfer_group_32,38.03116149352554,-84.46310788755032,23880.0,golfer,4,#007cbf,,,,,,,,
golfer_group_32,38.031127268705696,-84.46274982308951,23940.0,golfer,4,#007cbf,,,,,,,,
golfer_group_32,38.031012137391194,-84.4624079623538,24000.0,golfer,4,#007cbf,,,,,,,,
golfer_group_32,38.03089700607669,-84.46206610161808,24060.0,golfer,4,#007cbf,,,,,,,,
golfer_group_32,38.0307818747622,-84.46172424088235,24120.0,golfer,4,#007cbf,,,,,,,,
golfer_group_32,38.030666743447696,-84.46138238014663,24180.0,golfer,4,#007cbf,,,,,,,,
golfer_group_32,38.030551612133195,-84.46104051941091,24240.0,golfer,4,#007cbf,,,,,,,,
golfer_group_32,38.03081531898336,-84.46091137688049,24300.0,golfer,4,#007cbf,,,,,,,,
golfer_group_32,38.0310279411826,-84.46098091912485,24360.0,golfer,4,#007cbf,,,,,,,,
golfer_group_32,38.03115090321037,-84.46131835889211,24420.0,golfer,4,#007cbf,,,,,,,,
golfer_group_32,38.031273865238134,-84.46165579865938,24480.0,golfer,4,#007cbf,,,,,,,,
golfer_group_32,38.03139682726591,-84.46199323842663,24540.0,golfer,4,#007cbf,,,,,,,,
golfer_group_32,38.031519789293675,-84.4623306781939,24600.0,golfer,4,#007cbf,,,,,,,,
golfer_group_32,38.03164275132144,-84.46266811796116,24660.0,golfer,4,#007cbf,,,,,,,,
golfer_group_32,38.03176571334921,-84.46300555772842,24720.0,golfer,4,#007cbf,,,,,,,,
golfer_group_32,38.031888675376976,-84.46334299749569,24780.0,golfer,4,#007cbf,,,,,,,,
golfer_group_32,38.031909837946635,-84.46368872876327,24840.0,golfer,4,#007cbf,,,,,,,,
golfer_group_32,38.03182184589159,-84.46404335060477,24900.0,golfer,4,#007cbf,,,,,,,,
golfer_group_32,38.03173385383655,-84.46439797244628,24960.0,golfer,4,#007cbf,,,,,,,,
golfer_group_32,38.031645861781506,-84.46475259428779,25020.0,golfer,4,#007cbf,,,,,,,,
golfer_group_32,38.03155786972646,-84.46510721612928,25080.0,golfer,4,#007cbf,,,,,,,,
golfer_group_32,38.03146987767142,-84.46546183797079,25140.0,golfer,4,#007cbf,,,,,,,,
golfer_group_32,38.03131864912918,-84.46576966145622,25200.0,golfer,4,#007cbf,,,,,,,,
golfer_group_32,38.0311189562348,-84.46604161874937,25260.0,golfer,4,#007cbf,,,,,,,,
golfer_group_32,38.030919263340415,-84.46631357604252,25320.0,golfer,4,#007cbf,,,,,,,,
golfer_group_32,38.030718115722834,-84.46658350967269,25380.0,golfer,4,#007cbf,,,,,,,,
golfer_group_32,38.0304866033238,-84.46681120290668,25440.0,golfer,4,#007cbf,,,,,,,,
golfer_group_32,38.030255090924776,-84.46703889614066,25500.0,golfer,4,#007cbf,,,,,,,,
golfer_group_32,38.03002357852575,-84.46726658937465,25560.0,golfer,4,#007cbf,,,,,,,,
golfer_group_32,38.02979206612672,-84.46749428260863,25620.0,golfer,4,#007cbf,,,,,,,,
golfer_group_32,38.02956055372769,-84.46772197584261,25680.0,golfer,4,#007cbf,,,,,,,,
golfer_group_32,38.02932904132866,-84.4679496690766,25740.0,golfer,4,#007cbf,,,,,,,,
golfer_group_32,38.02909752892963,-84.46817736231058,25800.0,golfer,4,#007cbf,,,,,,,,
golfer_group_32,38.0288660165306,-84.46840505554457,25860.0,golfer,4,#007cbf,,,,,,,,
golfer_group_32,38.02869804015225,-84.46870681462924,25920.0,golfer,4,#007cbf,,,,,,,,
golfer_group_32,38.028539024924726,-84.46901901999702,25980.0,golfer,4,#007cbf,,,,,,,,
golfer_group_32,38.0283800096972,-84.46933122536481,26040.0,golfer,4,#007cbf,,,,,,,,
golfer_group_32,38.028129065075696,-84.46949162304078,26100.0,golfer,4,#007cbf,,,,,,,,
golfer_group_32,38.02785052807789,-84.46960645602002,26160.0,golfer,1,#007cbf,,,,,,,,
golfer_group_32,38.027571991080094,-84.46972128899925,26220.0,golfer,1,#007cbf,,,,,,,,
golfer_group_32,38.02729345408229,-84.4698361219785,26280.0,golfer,4,#007cbf,,,,,,,,
golfer_group_32,38.027014917084486,-84.46995095495774,26340.0,golfer,4,#007cbf,,,,,,,,
golfer_group_32,38.02677219339408,-84.46990690842384,26400.0,golfer,4,#007cbf,,,,,,,,
golfer_group_32,38.026583670283,-84.46962241044099,26460.0,golfer,4,#007cbf,,,,,,,,
golfer_group_32,38.02639514717193,-84.46933791245814,26520.0,golfer,4,#007cbf,,,,,,,,
golfer_group_32,38.026206624060855,-84.4690534144753,26580.0,golfer,4,#007cbf,,,,,,,,
golfer_group_32,38.02601810094978,-84.46876891649245,26640.0,golfer,4,#007cbf,,,,,,,,
golfer_group_32,38.0258295778387,-84.4684844185096,26700.0,golfer,4,#007cbf,,,,,,,,
golfer_group_32,38.02564105472762,-84.46819992052676,26760.0,golfer,4,#007cbf,,,,,,,,
golfer_group_32,38.02539873776804,-84.4680332578427,26820.0,golfer,4,#007cbf,,,,,,,,
golfer_group_32,38.02511056304286,-84.46796704648648,26880.0,golfer,4,#007cbf,,,,,,,,
golfer_group_32,38.02482238831767,-84.46790083513027,26940.0,golfer,4,#007cbf,,,,,,,,
golfer_group_32,38.02466098715723,-84.46791926274804,27000.0,golfer,4,#007cbf,,,,,,,,
golfer_group_32,38.0248672597656,-84.46818316370741,27060.0,golfer,4,#007cbf,,,,,,,,
golfer_group_32,38.025073532373966,-84.46844706466678,27120.0,golfer,4,#007cbf,,,,,,,,
golfer_group_32,38.02498232223591,-84.46858500193528,27180.0,golfer,4,#007cbf,,,,,,,,
golfer_group_32,38.024692555469876,-84.46863886398934,27240.0,golfer,4,#007cbf,,,,,,,,
golfer_group_32,38.02440278870384,-84.4686927260434,27300.0,golfer,4,#007cbf,,,,,,,,
golfer_group_32,38.0241130219378,-84.46874658809746,27360.0,golfer,4,#007cbf,,,,,,,,
golfer_group_32,38.02382325517176,-84.46880045015152,27420.0,golfer,4,#007cbf,,,,,,,,
golfer_group_32,38.023533488405725,-84.46885431220558,27480.0,golfer,4,#007cbf,,,,,,,,
golfer_group_32,38.02325287292604,-84.46895459002404,27540.0,golfer,4,#007cbf,,,,,,,,
golfer_group_32,38.023120094224296,-84.46908677293466,27600.0,golfer,4,#007cbf,,,,,,,,
golfer_group_32,38.02338797984743,-84.46923698741324,27660.0,golfer,4,#007cbf,,,,,,,,
golfer_group_32,38.02365586547056,-84.46938720189182,27720.0,golfer,4,#007cbf,,,,,,,,
golfer_group_32,38.02392375109368,-84.4695374163704,27780.0,golfer,4,#007cbf,,,,,,,,
golfer_group_32,38.024191636716814,-84.46968763084898,27840.0,golfer,4,#007cbf,,,,,,,,
golfer_group_32,38.024459522339946,-84.46983784532756,27900.0,golfer,4,#007cbf,,,,,,,,
golfer_group_32,38.02472740796308,-84.46998805980614,27960.0,golfer,4,#007cbf,,,,,,,,
golfer_group_32,38.0249952935862,-84.47013827428472,28020.0,golfer,4,#007cbf,,,,,,,,
golfer_group_32,38.02526317920933,-84.4702884887633,28080.0,golfer,4,#007cbf,,,,,,,,
golfer_group_32,38.02549053793203,-84.47051685206469,28140.0,golfer,4,#007cbf,,,,,,,,
golfer_group_32,38.02570511747455,-84.47076985771169,28200.0,golfer,4,#007cbf,,,,,,,,
golfer_group_32,38.025919697017066,-84.4710228633587,28260.0,golfer,4,#007cbf,,,,,,,,
golfer_group_32,38.02613427655959,-84.4712758690057,28320.0,golfer,4,#007cbf,,,,,,,,
golfer_group_32,38.02634885610211,-84.4715288746527,28380.0,golfer,4,#007cbf,,,,,,,,
golfer_group_32,38.026563435644626,-84.4717818802997,28440.0,golfer,4,#007cbf,,,,,,,,
golfer_group_32,38.02678243981026,-84.47202860408251,28500.0,golfer,4,#007cbf,,,,,,,,
golfer_group_32,38.02668611647238,-84.47218057293104,28560.0,golfer,4,#007cbf,,,,,,,,
golfer_group_32,38.02640386024167,-84.4722796932027,28620.0,golfer,4,#007cbf,,,,,,,,
golfer_group_32,38.02612160401096,-84.47237881347434,28680.0,golfer,4,#007cbf,,,,,,,,
golfer_group_32,38.02583934778024,-84.47247793374599,28740.0,golfer,4,#007cbf,,,,,,,,
golfer_group_32,38.02555709154953,-84.47257705401765,28800.0,golfer,4,#007cbf,,,,,,,,
golfer_group_32,38.025278899056985,-84.47258808504574,28860.0,golfer,4,#007cbf,,,,,,,,
golfer_group_32,38.02505413568005,-84.47238241246707,28920.0,golfer,4,#007cbf,,,,,,,,
golfer_group_32,38.02491621232278,-84.47205445775451,28980.0,golfer,4,#007cbf,,,,,,,,
golfer_group_32,38.02477828896551,-84.47172650304194,29040.0,golfer,4,#007cbf,,,,,,,,
golfer_group_32,38.024640365608235,-84.47139854832938,29100.0,golfer,4,#007cbf,,,,,,,,
golfer_group_32,38.02450244225096,-84.4710705936168,29160.0,golfer,4,#007cbf,,,,,,,,
golfer_group_32,38.02436451889369,-84.47074263890424,29220.0,golfer,4,#007cbf,,,,,,,,
golfer_group_32,38.02422659553642,-84.47041468419167,29280.0,golfer,4,#007cbf,,,,,,,,
golfer_group_32,38.02408867217915,-84.4700867294791,29340.0,golfer,4,#007cbf,,,,,,,,
golfer_group_32,38.023830177494666,-84.46991493651929,29400.0,golfer,4,#007cbf,,,,,,,,
golfer_group_32,38.02356911857893,-84.46974646470437,29460.0,golfer,4,#007cbf,,,,,,,,
golfer_group_32,38.0233080596632,-84.46957799288944,29520.0,golfer,4,#007cbf,,,,,,,,
golfer_group_32,38.02304700074746,-84.46940952107451,29580.0,golfer,4,#007cbf,,,,,,,,
golfer_group_32,38.0227847606833,-84.46924457405959,29640.0,golfer,4,#007cbf,,,,,,,,
golfer_group_32,38.02250809559787,-84.46912267439926,29700.0,golfer,4,#007cbf,,,,,,,,
golfer_group_32,38.022527943550884,-84.46893235209967,29760.0,golfer,4,#007cbf,,,,,,,,
golfer_group_32,38.02275311404551,-84.46869465006165,29820.0,golfer,4,#007cbf,,,,,,,,
golfer_group_32,38.02297828454014,-84.46845694802364,29880.0,golfer,4,#007cbf,,,,,,,,
golfer_group_32,38.02320345503476,-84.46821924598564,29940.0,golfer,4,#007cbf,,,,,,,,
golfer_group_32,38.023428625529384,-84.46798154394763,30000.0,golfer,4,#007cbf,,,,,,,,
golfer_group_32,38.02365379602401,-84.46774384190961,30060.0,golfer,4,#007cbf,,,,,,,,
golfer_group_32,38.02387896651864,-84.4675061398716,30120.0,golfer,4,#007cbf,,,,,,,,
golfer_group_32,38.02410413701326,-84.4672684378336,30180.0,golfer,4,#007cbf,,,,,,,,
golfer_group_32,38.024329307507884,-84.46703073579559,30240.0,golfer,4,#007cbf,,,,,,,,
golfer_group_32,38.024516630016976,-84.46674714202182,30300.0,golfer,4,#007cbf,,,,,,,,
golfer_group_32,38.02469334505099,-84.4664506863893,30360.0,golfer,4,#007cbf,,,,,,,,
golfer_group_32,38.02487006008501,-84.46615423075679,30420.0,golfer,4,#007cbf,,,,,,,,
golfer_group_32,38.02504677511902,-84.46585777512426,30480.0,golfer,4,#007cbf,,,,,,,,
golfer_group_32,38.02525798622544,-84.46562593134438,30540.0,golfer,4,#007cbf,,,,,,,,
golfer_group_32,38.025540368765746,-84.46552739312297,30600.0,golfer,4,#007cbf,,,,,,,,
golfer_group_32,38.02582275130605,-84.46542885490156,30660.0,golfer,4,#007cbf,,,,,,,,
golfer_group_32,38.02610513384636,-84.46533031668015,30720.0,golfer,4,#007cbf,,,,,,,,
golfer_group_32,38.02637936666449,-84.46537020680762,30780.0,golfer,4,#007cbf,,,,,,,,
golfer_group_32,38.02664707383,-84.4655209394031,30840.0,golfer,4,#007cbf,,,,,,,,
golfer_group_32,38.026914780995504,-84.46567167199859,30900.0,golfer,4,#007cbf,,,,,,,,
golfer_group_32,38.02718248816101,-84.46582240459409,30960.0,golfer,4,#007cbf,,,,,,,,
golfer_group_32,38.027450195326516,-84.46597313718958,31020.0,golfer,4,#007cbf,,,,,,,,
golfer_group_32,38.02771790249202,-84.46612386978506,31080.0,golfer,4,#007cbf,,,,,,,,
golfer_group_32,38.027985609657534,-84.46627460238055,31140.0,golfer,4,#007cbf,,,,,,,,
golfer_group_32,38.02825331682304,-84.46642533497604,31200.0,golfer,4,#007cbf,,,,,,,,
golfer_group_32,38.02854411583699,-84.46643446747252,31260.0,golfer,4,#007cbf,,,,,,,,
golfer_group_32,38.02883696025459,-84.46643105747557,31320.0,golfer,4,#007cbf,,,,,,,,
golfer_group_32,38.02912980467218,-84.46642764747862,31380.0,golfer,4,#007cbf,,,,,,,,
golfer_group_32,38.029422649089774,-84.46642423748168,31440.0,golfer,4,#007cbf,,,,,,,,
golfer_group_32,38.029714660100595,-84.46640554510962,31500.0,golfer,4,#007cbf,,,,,,,,
golfer_group_32,38.03000508074206,-84.46635768976212,31560.0,golfer,4,#007cbf,,,,,,,,
golfer_group_32,38.03029550138352,-84.46630983441462,31620.0,golfer,4,#007cbf,,,,,,,,
golfer_group_32,38.03034421537664,-84.46623396436489,31680.0,golfer,4,#007cbf,,,,,,,,
golfer_group_32,38.0300654222068,-84.4661201350132,31740.0,golfer,4,#007cbf,,,,,,,,
golfer_group_32,38.02978662903697,-84.46600630566151,31800.0,golfer,4,#007cbf,,,,,,,,
golfer_group_32,38.02950783586713,-84.46589247630982,31860.0,golfer,4,#007cbf,,,,,,,,
golfer_group_32,38.029229042697295,-84.46577864695813,31920.0,golfer,4,#007cbf,,,,,,,,
golfer_group_32,38.02895024952746,-84.46566481760644,31980.0,golfer,4,#007cbf,,,,,,,,
golfer_group_32,38.02867145635763,-84.46555098825475,32040.0,golfer,4,#007cbf,,,,,,,,
golfer_group_32,38.02839266318779,-84.46543715890306,32100.0,golfer,4,#007cbf,,,,,,,,
golfer_group_32,38.02811294382565,-84.46532834232956,32160.0,golfer,4,#007cbf,,,,,,,,
golfer_group_32,38.02782336017175,-84.46527291370359,32220.0,golfer,4,#007cbf,,,,,,,,
golfer_group_32,38.02753377651786,-84.46521748507763,32280.0,golfer,4,#007cbf,,,,,,,,
golfer_group_32,38.027244192863975,-84.46516205645167,32340.0,golfer,4,#007cbf,,,,,,,,
golfer_group_32,38.02695460921009,-84.46510662782572,32400.0,golfer,4,#007cbf,,,,,,,,
golfer_group_32,38.02666502555619,-84.46505119919976,32460.0,golfer,4,#007cbf,,,,,,,,
golfer_group_32,38.02637326063661,-84.4650346343973,32520.0,golfer,4,#007cbf,,,,,,,,
golfer_group_32,38.02608041188864,-84.46503738027086,32580.0,golfer,4,#007cbf,,,,,,,,
golfer_group_32,38.025787563140675,-84.46504012614442,32640.0,golfer,2,#007cbf,,,,,,,,
golfer_group_32,38.025494714392714,-84.46504287201797,32700.0,golfer,4,#007cbf,,,,,,,,
golfer_group_32,38.02556401049359,-84.4653626218534,32760.0,golfer,4,#007cbf,,,,,,,,
golfer_group_32,38.025666096931715,-84.46571107475296,32820.0,golfer,4,#007cbf,,,,,,,,
golfer_group_32,38.02576818336984,-84.46605952765252,32880.0,golfer,4,#007cbf,,,,,,,,
golfer_group_32,38.02587026980797,-84.46640798055208,32940.0,golfer,4,#007cbf,,,,,,,,
golfer_group_32,38.02597235624609,-84.46675643345164,33000.0,golfer,4,#007cbf,,,,,,,,
golfer_group_32,38.02607444268422,-84.46710488635118,33060.0,golfer,4,#007cbf,,,,,,,,
golfer_group_32,38.026176529122345,-84.46745333925074,33120.0,golfer,4,#007cbf,,,,,,,,
golfer_group_32,38.02627861556047,-84.4678017921503,33180.0,golfer,4,#007cbf,,,,,,,,
golfer_group_32,38.026391551516966,-84.46814347235242,33240.0,golfer,4,#007cbf,,,,,,,,
golfer_group_32,38.0265466275618,-84.46845884704874,33300.0,golfer,4,#007cbf,,,,,,,,
golfer_group_32,38.02670170360664,-84.46877422174504,33360.0,golfer,4,#007cbf,,,,,,,,
golfer_group_32,38.02685677965148,-84.46908959644135,33420.0,golfer,4,#007cbf,,,,,,,,
golfer_group_32,38.027011855696315,-84.46940497113766,33480.0,golfer,4,#007cbf,,,,,,,,
golfer_group_32,38.027202562026105,-84.46967624119414,33540.0,golfer,4,#007cbf,,,,,,,,
golfer_group_32,38.027447,-84.469881,33600.0,golfer,1,#007cbf,,,,,,,,
golfer_group_33,38.027447,-84.469881,19800.0,golfer,1,#007cbf,,,,,,,,
golfer_group_33,38.02754627606764,-84.46962578282717,19860.0,golfer,1,#007cbf,,,,,,,,
golfer_group_33,38.02744283462056,-84.4692779685763,19920.0,golfer,1,#007cbf,,,,,,,,
golfer_group_33,38.02733939317348,-84.46893015432545,19980.0,golfer,1,#007cbf,,,,,,,,
golfer_group_33,38.0272359517264,-84.46858234007459,20040.0,golfer,1,#007cbf,,,,,,,,
golfer_group_33,38.027132510279316,-84.46823452582373,20100.0,golfer,1,#007cbf,,,,,,,,
golfer_group_33,38.027029068832235,-84.46788671157287,20160.0,golfer,1,#007cbf,,,,,,,,
golfer_group_33,38.026925627385154,-84.46753889732202,20220.0,golfer,1,#007cbf,,,,,,,,
golfer_group_33,38.02682218593807,-84.46719108307117,20280.0,golfer,1,#007cbf,,,,,,,,
golfer_group_33,38.026707885382585,-84.46684997010087,20340.0,golfer,1,#007cbf,,,,,,,,
golfer_group_33,38.0265563489919,-84.46653183579225,20400.0,golfer,1,#007cbf,,,,,,,,
golfer_group_33,38.02640481260122,-84.46621370148365,20460.0,golfer,1,#007cbf,,,,,,,,
golfer_group_33,38.02625327621054,-84.46589556717504,20520.0,golfer,1,#007cbf,,,,,,,,
golfer_group_33,38.026097865476636,-84.4655806681031,20580.0,golfer,1,#007cbf,,,,,,,,
golfer_group_33,38.02592778516153,-84.46527801873756,20640.0,golfer,4,#007cbf,,,,,,,,
golfer_group_33,38.02575770484643,-84.46497536937204,20700.0,golfer,2,#007cbf,,,,,,,,
golfer_group_33,38.02580429978306,-84.46478189846547,20760.0,golfer,2,#007cbf,,,,,,,,
golfer_group_33,38.02609158193444,-84.46470970518055,20820.0,golfer,2,#007cbf,,,,,,,,
golfer_group_33,38.02637886408582,-84.46463751189565,20880.0,golfer,2,#007cbf,,,,,,,,
golfer_group_33,38.0266661462372,-84.46456531861072,20940.0,golfer,2,#007cbf,,,,,,,,
golfer_group_33,38.02695342838857,-84.4644931253258,21000.0,golfer,2,#007cbf,,,,,,,,
golfer_group_33,38.02723262500985,-84.46440936561527,21060.0,golfer,2,#007cbf,,,,,,,,
golfer_group_33,38.02732323296244,-84.46405582806928,21120.0,golfer,2,#007cbf,,,,,,,,
golfer_group_33,38.027413840915024,-84.46370229052329,21180.0,golfer,3,#007cbf,,,,,,,,
golfer_group_33,38.02755613921936,-84.46339199540722,21240.0,golfer,3,#007cbf,,,,,,,,
golfer_group_33,38.02777631020529,-84.46314684598785,21300.0,golfer,3,#007cbf,,,,,,,,
golfer_group_33,38.027996481191224,-84.4629016965685,21360.0,golfer,3,#007cbf,,,,,,,,
golfer_group_33,38.028216652177164,-84.46265654714912,21420.0,golfer,3,#007cbf,,,,,,,,
golfer_group_33,38.0284368231631,-84.46241139772975,21480.0,golfer,3,#007cbf,,,,,,,,
golfer_group_33,38.02865699414903,-84.4621662483104,21540.0,golfer,3,#007cbf,,,,,,,,
golfer_group_33,38.02887716513497,-84.46192109889103,21600.0,golfer,3,#007cbf,,,,,,,,
golfer_group_33,38.029097336120905,-84.46167594947165,21660.0,golfer,3,#007cbf,,,,,,,,
golfer_group_33,38.02932048603734,-84.46143527844885,21720.0,golfer,3,#007cbf,,,,,,,,
golfer_group_33,38.02954781666501,-84.4612008925283,21780.0,golfer,3,#007cbf,,,,,,,,
golfer_group_33,38.029775147292675,-84.46096650660775,21840.0,golfer,3,#007cbf,,,,,,,,
golfer_group_33,38.03000247792034,-84.46073212068718,21900.0,golfer,3,#007cbf,,,,,,,,
golfer_group_33,38.03022980854801,-84.46049773476663,21960.0,golfer,3,#007cbf,,,,,,,,
golfer_group_33,38.03028198771919,-84.46029007968264,22020.0,golfer,3,#007cbf,,,,,,,,
golfer_group_33,38.030017377451664,-84.46013077159431,22080.0,golfer,4,#007cbf,,,,,,,,
golfer_group_33,38.02974997117584,-84.46003134117494,22140.0,golfer,4,#007cbf,,,,,,,,
golfer_group_33,38.029472388508275,-84.46014984237516,22200.0,golfer,4,#007cbf,,,,,,,,
golfer_group_33,38.02919480584071,-84.46026834357538,22260.0,golfer,4,#007cbf,,,,,,,,
golfer_group_33,38.02891722317315,-84.46038684477558,22320.0,golfer,4,#007cbf,,,,,,,,
golfer_group_33,38.02863964050559,-84.4605053459758,22380.0,golfer,4,#007cbf,,,,,,,,
golfer_group_33,38.02846819932939,-84.46074999771898,22440.0,golfer,4,#007cbf,,,,,,,,
golfer_group_33,38.028356651102726,-84.46108459413088,22500.0,golfer,4,#007cbf,,,,,,,,
golfer_group_33,38.028163251425084,-84.46136377382878,22560.0,golfer,4,#007cbf,,,,,,,,
golfer_group_33,38.02796985174745,-84.46164295352668,22620.0,golfer,4,#007cbf,,,,,,,,
golfer_group_33,38.02777645206981,-84.46192213322458,22680.0,golfer,4,#007cbf,,,,,,,,
golfer_group_33,38.027583052392174,-84.46220131292247,22740.0,golfer,4,#007cbf,,,,,,,,
golfer_group_33,38.02739313138997,-84.4624841808364,22800.0,golfer,4,#007cbf,,,,,,,,
golfer_group_33,38.02721114487077,-84.46277546117278,22860.0,golfer,4,#007cbf,,,,,,,,
golfer_group_33,38.02702915835156,-84.46306674150915,22920.0,golfer,4,#007cbf,,,,,,,,
golfer_group_33,38.02684717183235,-84.46335802184554,22980.0,golfer,4,#007cbf,,,,,,,,
golfer_group_33,38.027030664719845,-84.46345337202217,23040.0,golfer,4,#007cbf,,,,,,,,
golfer_group_33,38.02732202605173,-84.46349089491457,23100.0,golfer,3,#007cbf,,,,,,,,
golfer_group_33,38.02761338738361,-84.46352841780696,23160.0,golfer,3,#007cbf,,,,,,,,
golfer_group_33,38.02787761975422,-84.46365295047241,23220.0,golfer,4,#007cbf,,,,,,,,
golfer_group_33,38.02811027773896,-84.46387875056652,23280.0,golfer,4,#007cbf,,,,,,,,
golfer_group_33,38.02834293572369,-84.46410455066062,23340.0,golfer,4,#007cbf,,,,,,,,
golfer_group_33,38.028575593708425,-84.46433035075472,23400.0,golfer,4,#007cbf,,,,,,,,
golfer_group_33,38.028808251693164,-84.46455615084882,23460.0,golfer,4,#007cbf,,,,,,,,
golfer_group_33,38.029040909677896,-84.46478195094294,23520.0,golfer,4,#007cbf,,,,,,,,
golfer_group_33,38.02927356766263,-84.46500775103704,23580.0,golfer,4,#007cbf,,,,,,,,
golfer_group_33,38.02950622564737,-84.46523355113113,23640.0,golfer,4,#007cbf,,,,,,,,
golfer_group_33,38.02975350361947,-84.4654282954189,23700.0,golfer,4,#007cbf,,,,,,,,
golfer_group_33,38.030020352724144,-84.46558146666777,23760.0,golfer,4,#007cbf,,,,,,,,
golfer_group_33,38.03028720182882,-84.46573463791665,23820.0,golfer,4,#007cbf,,,,,,,,
golfer_group_33,38.030554050933496,-84.46588780916554,23880.0,golfer,4,#ffe6cc,,,,,,,,
golfer_group_33,38.0308144451061,-84.46601508231271,23940.0,golfer,4,#ffe6cc,,,,,,,,
golfer_group_33,38.03096331555731,-84.46569490649415,24000.0,golfer,4,#ffe6cc,,,,,,,,
golfer_group_33,38.03100160851583,-84.46532942233877,24060.0,golfer,4,#ffe6cc,,,,,,,,
golfer_group_33,38.03102825601745,-84.4649591665407,24120.0,golfer,4,#ffe6cc,,,,,,,,
golfer_group_33,38.03105490351906,-84.46458891074262,24180.0,golfer,4,#ffe6cc,,,,,,,,
golfer_group_33,38.031081551020684,-84.46421865494455,24240.0,golfer,4,#ffe6cc,,,,,,,,
golfer_group_33,38.031108198522304,-84.46384839914647,24300.0,golfer,4,#ffe6cc,,,,,,,,
golfer_group_33,38.03113484602392,-84.4634781433484,24360.0,golfer,4,#ffe6cc,,,,,,,,
golfer_group_33,38.03116149352554,-84.46310788755032,24420.0,golfer,4,#ffe6cc,,,,,,,,
golfer_group_33,38.031127268705696,-84.46274982308951,24480.0,golfer,4,#ffcc99,,,,,,,,
golfer_group_33,38.031012137391194,-84.4624079623538,24540.0,golfer,4,#ffcc99,,,,,,,,
golfer_group_33,38.03089700607669,-84.46206610161808,24600.0,golfer,4,#ffcc99,,,,,,,,
golfer_group_33,38.0307818747622,-84.46172424088235,24660.0,golfer,4,#ffcc99,,,,,,,,
golfer_group_33,38.030666743447696,-84.46138238014663,24720.0,golfer,4,#ffcc99,,,,,,,,
golfer_group_33,38.030551612133195,-84.46104051941091,24780.0,golfer,4,#ffcc99,,,,,,,,
golfer_group_33,38.03081531898336,-84.46091137688049,24840.0,golfer,4,#ffcc99,,,,,,,,
golfer_group_33,38.0310279411826,-84.46098091912485,24900.0,golfer,4,#ffcc99,,,,,,,,
golfer_group_33,38.03115090321037,-84.46131835889211,24960.0,golfer,4,#00b894,,,,,,,,
golfer_group_33,38.031273865238134,-84.46165579865938,25020.0,golfer,4,#00b894,,,,,,,,
golfer_group_33,38.03139682726591,-84.46199323842663,25080.0,golfer,4,#00b894,,,,,,,,
golfer_group_33,38.031519789293675,-84.4623306781939,25140.0,golfer,4,#00b894,,,,,,,,
golfer_group_33,38.03164275132144,-84.46266811796116,25200.0,golfer,4,#00b894,,,,,,,,
golfer_group_33,38.03176571334921,-84.46300555772842,25260.0,golfer,4,#00b894,,,,,,,,
golfer_group_33,38.031888675376976,-84.46334299749569,25320.0,golfer,4,#00b894,,,,,,,,
golfer_group_33,38.031909837946635,-84.46368872876327,25380.0,golfer,4,#00b894,,,,,,,,
golfer_group_33,38.03182184589159,-84.46404335060477,25440.0,golfer,4,#00b894,,,,,,,,
golfer_group_33,38.03173385383655,-84.46439797244628,25500.0,golfer,4,#00b894,,,,,,,,
golfer_group_33,38.031645861781506,-84.46475259428779,25560.0,golfer,4,#00b894,,,,,,,,
golfer_group_33,38.03155786972646,-84.46510721612928,25620.0,golfer,4,#00b894,,,,,,,,
golfer_group_33,38.03146987767142,-84.46546183797079,25680.0,golfer,4,#00b894,,,,,,,,
golfer_group_33,38.03131864912918,-84.46576966145622,25740.0,golfer,4,#00b894,,,,,,,,
golfer_group_33,38.0311189562348,-84.46604161874937,25800.0,golfer,4,#00b894,,,,,,,,
golfer_group_33,38.030919263340415,-84.46631357604252,25860.0,golfer,4,#00b894,,,,,,,,
golfer_group_33,38.030718115722834,-84.46658350967269,25920.0,golfer,4,#00b894,,,,,,,,
golfer_group_33,38.0304866033238,-84.46681120290668,25980.0,golfer,4,#00b894,,,,,,,,
golfer_group_33,38.030255090924776,-84.46703889614066,26040.0,golfer,4,#00b894,,,,,,,,
golfer_group_33,38.03002357852575,-84.46726658937465,26100.0,golfer,4,#00b894,,,,,,,,
golfer_group_33,38.02979206612672,-84.46749428260863,26160.0,golfer,4,#00b894,,,,,,,,
golfer_group_33,38.02956055372769,-84.46772197584261,26220.0,golfer,4,#00b894,,,,,,,,
golfer_group_33,38.02932904132866,-84.4679496690766,26280.0,golfer,4,#00b894,,,,,,,,
golfer_group_33,38.02909752892963,-84.46817736231058,26340.0,golfer,4,#00b894,,,,,,,,
golfer_group_33,38.0288660165306,-84.46840505554457,26400.0,golfer,4,#00b894,,,,,,,,
golfer_group_33,38.02869804015225,-84.46870681462924,26460.0,golfer,4,#00b894,,,,,,,,
golfer_group_33,38.028539024924726,-84.46901901999702,26520.0,golfer,4,#00b894,,,,,,,,
golfer_group_33,38.0283800096972,-84.46933122536481,26580.0,golfer,4,#00b894,,,,,,,,
golfer_group_33,38.028129065075696,-84.46949162304078,26640.0,golfer,4,#00b894,,,,,,,,
golfer_group_33,38.02785052807789,-84.46960645602002,26700.0,golfer,1,#00b894,,,,,,,,
golfer_group_33,38.027571991080094,-84.46972128899925,26760.0,golfer,1,#00b894,,,,,,,,
golfer_group_33,38.02729345408229,-84.4698361219785,26820.0,golfer,4,#00b894,,,,,,,,
golfer_group_33,38.027014917084486,-84.46995095495774,26880.0,golfer,4,#00b894,,,,,,,,
golfer_group_33,38.02677219339408,-84.46990690842384,26940.0,golfer,4,#00b894,,,,,,,,
golfer_group_33,38.026583670283,-84.46962241044099,27000.0,golfer,4,#00b894,,,,,,,,
golfer_group_33,38.02639514717193,-84.46933791245814,27060.0,golfer,4,#00b894,,,,,,,,
golfer_group_33,38.026206624060855,-84.4690534144753,27120.0,golfer,4,#00b894,,,,,,,,
golfer_group_33,38.02601810094978,-84.46876891649245,27180.0,golfer,4,#00b894,,,,,,,,
golfer_group_33,38.0258295778387,-84.4684844185096,27240.0,golfer,4,#00b894,,,,,,,,
golfer_group_33,38.02564105472762,-84.46819992052676,27300.0,golfer,4,#00b894,,,,,,,,
golfer_group_33,38.02539873776804,-84.4680332578427,27360.0,golfer,4,#00b894,,,,,,,,
golfer_group_33,38.02511056304286,-84.46796704648648,27420.0,golfer,4,#00b894,,,,,,,,
golfer_group_33,38.02482238831767,-84.46790083513027,27480.0,golfer,4,#00b894,,,,,,,,
golfer_group_33,38.02466098715723,-84.46791926274804,27540.0,golfer,4,#00b894,,,,,,,,
golfer_group_33,38.0248672597656,-84.46818316370741,27600.0,golfer,4,#00b894,,,,,,,,
golfer_group_33,38.025073532373966,-84.46844706466678,27660.0,golfer,4,#00b894,,,,,,,,
golfer_group_33,38.02498232223591,-84.46858500193528,27720.0,golfer,4,#00b894,,,,,,,,
golfer_group_33,38.024692555469876,-84.46863886398934,27780.0,golfer,4,#00b894,,,,,,,,
golfer_group_33,38.02440278870384,-84.4686927260434,27840.0,golfer,4,#00b894,,,,,,,,
golfer_group_33,38.0241130219378,-84.46874658809746,27900.0,golfer,4,#00b894,,,,,,,,
golfer_group_33,38.02382325517176,-84.46880045015152,27960.0,golfer,4,#00b894,,,,,,,,
golfer_group_33,38.023533488405725,-84.46885431220558,28020.0,golfer,4,#00b894,,,,,,,,
golfer_group_33,38.02325287292604,-84.46895459002404,28080.0,golfer,4,#00b894,,,,,,,,
golfer_group_33,38.023120094224296,-84.46908677293466,28140.0,golfer,4,#00b894,,,,,,,,
golfer_group_33,38.02338797984743,-84.46923698741324,28200.0,golfer,4,#00b894,,,,,,,,
golfer_group_33,38.02365586547056,-84.46938720189182,28260.0,golfer,4,#00b894,,,,,,,,
golfer_group_33,38.02392375109368,-84.4695374163704,28320.0,golfer,4,#00b894,,,,,,,,
golfer_group_33,38.024191636716814,-84.46968763084898,28380.0,golfer,4,#00b894,,,,,,,,
golfer_group_33,38.024459522339946,-84.46983784532756,28440.0,golfer,4,#00b894,,,,,,,,
golfer_group_33,38.02472740796308,-84.46998805980614,28500.0,golfer,4,#00b894,,,,,,,,
golfer_group_33,38.0249952935862,-84.47013827428472,28560.0,golfer,4,#00b894,,,,,,,,
golfer_group_33,38.02526317920933,-84.4702884887633,28620.0,golfer,4,#00b894,,,,,,,,
golfer_group_33,38.02549053793203,-84.47051685206469,28680.0,golfer,4,#00b894,,,,,,,,
golfer_group_33,38.02570511747455,-84.47076985771169,28740.0,golfer,4,#00b894,,,,,,,,
golfer_group_33,38.025919697017066,-84.4710228633587,28800.0,golfer,4,#00b894,,,,,,,,
golfer_group_33,38.02613427655959,-84.4712758690057,28860.0,golfer,4,#00b894,,,,,,,,
golfer_group_33,38.02634885610211,-84.4715288746527,28920.0,golfer,4,#00b894,,,,,,,,
golfer_group_33,38.026563435644626,-84.4717818802997,28980.0,golfer,4,#00b894,,,,,,,,
golfer_group_33,38.02678243981026,-84.47202860408251,29040.0,golfer,4,#00b894,,,,,,,,
golfer_group_33,38.02668611647238,-84.47218057293104,29100.0,golfer,4,#00b894,,,,,,,,
golfer_group_33,38.02640386024167,-84.4722796932027,29160.0,golfer,4,#00b894,,,,,,,,
golfer_group_33,38.02612160401096,-84.47237881347434,29220.0,golfer,4,#00b894,,,,,,,,
golfer_group_33,38.02583934778024,-84.47247793374599,29280.0,golfer,4,#00b894,,,,,,,,
golfer_group_33,38.02555709154953,-84.47257705401765,29340.0,golfer,4,#00b894,,,,,,,,
golfer_group_33,38.025278899056985,-84.47258808504574,29400.0,golfer,4,#00b894,,,,,,,,
golfer_group_33,38.02505413568005,-84.47238241246707,29460.0,golfer,4,#00b894,,,,,,,,
golfer_group_33,38.02491621232278,-84.47205445775451,29520.0,golfer,4,#00b894,,,,,,,,
golfer_group_33,38.02477828896551,-84.47172650304194,29580.0,golfer,4,#00b894,,,,,,,,
golfer_group_33,38.024640365608235,-84.47139854832938,29640.0,golfer,4,#00b894,,,,,,,,
golfer_group_33,38.02450244225096,-84.4710705936168,29700.0,golfer,4,#00b894,,,,,,,,
golfer_group_33,38.02436451889369,-84.47074263890424,29760.0,golfer,4,#00b894,,,,,,,,
golfer_group_33,38.02422659553642,-84.47041468419167,29820.0,golfer,4,#00b894,,,,,,,,
golfer_group_33,38.02408867217915,-84.4700867294791,29880.0,golfer,4,#00b894,,,,,,,,
golfer_group_33,38.023830177494666,-84.46991493651929,29940.0,golfer,4,#00b894,,,,,,,,
golfer_group_33,38.02356911857893,-84.46974646470437,30000.0,golfer,4,#00b894,,,,,,,,
golfer_group_33,38.0233080596632,-84.46957799288944,30060.0,golfer,4,#00b894,,,,,,,,
golfer_group_33,38.02304700074746,-84.46940952107451,30120.0,golfer,4,#00b894,,,,,,,,
golfer_group_33,38.0227847606833,-84.46924457405959,30180.0,golfer,4,#00b894,,,,,,,,
golfer_group_33,38.02250809559787,-84.46912267439926,30240.0,golfer,4,#00b894,,,,,,,,
golfer_group_33,38.022527943550884,-84.46893235209967,30300.0,golfer,4,#00b894,,,,,,,,
golfer_group_33,38.02275311404551,-84.46869465006165,30360.0,golfer,4,#00b894,,,,,,,,
golfer_group_33,38.02297828454014,-84.46845694802364,30420.0,golfer,4,#00b894,,,,,,,,
golfer_group_33,38.02320345503476,-84.46821924598564,30480.0,golfer,4,#00b894,,,,,,,,
golfer_group_33,38.023428625529384,-84.46798154394763,30540.0,golfer,4,#00b894,,,,,,,,
golfer_group_33,38.02365379602401,-84.46774384190961,30600.0,golfer,4,#00b894,,,,,,,,
golfer_group_33,38.02387896651864,-84.4675061398716,30660.0,golfer,4,#00b894,,,,,,,,
golfer_group_33,38.02410413701326,-84.4672684378336,30720.0,golfer,4,#00b894,,,,,,,,
golfer_group_33,38.024329307507884,-84.46703073579559,30780.0,golfer,4,#00b894,,,,,,,,
golfer_group_33,38.024516630016976,-84.46674714202182,30840.0,golfer,4,#00b894,,,,,,,,
golfer_group_33,38.02469334505099,-84.4664506863893,30900.0,golfer,4,#00b894,,,,,,,,
golfer_group_33,38.02487006008501,-84.46615423075679,30960.0,golfer,4,#00b894,,,,,,,,
golfer_group_33,38.02504677511902,-84.46585777512426,31020.0,golfer,4,#00b894,,,,,,,,
golfer_group_33,38.02525798622544,-84.46562593134438,31080.0,golfer,4,#00b894,,,,,,,,
golfer_group_33,38.025540368765746,-84.46552739312297,31140.0,golfer,4,#00b894,,,,,,,,
golfer_group_33,38.02582275130605,-84.46542885490156,31200.0,golfer,4,#00b894,,,,,,,,
golfer_group_33,38.02610513384636,-84.46533031668015,31260.0,golfer,4,#00b894,,,,,,,,
golfer_group_33,38.02637936666449,-84.46537020680762,31320.0,golfer,4,#00b894,,,,,,,,
golfer_group_33,38.02664707383,-84.4655209394031,31380.0,golfer,4,#00b894,,,,,,,,
golfer_group_33,38.026914780995504,-84.46567167199859,31440.0,golfer,4,#00b894,,,,,,,,
golfer_group_33,38.02718248816101,-84.46582240459409,31500.0,golfer,4,#00b894,,,,,,,,
golfer_group_33,38.027450195326516,-84.46597313718958,31560.0,golfer,4,#00b894,,,,,,,,
golfer_group_33,38.02771790249202,-84.46612386978506,31620.0,golfer,4,#00b894,,,,,,,,
golfer_group_33,38.027985609657534,-84.46627460238055,31680.0,golfer,4,#00b894,,,,,,,,
golfer_group_33,38.02825331682304,-84.46642533497604,31740.0,golfer,4,#00b894,,,,,,,,
golfer_group_33,38.02854411583699,-84.46643446747252,31800.0,golfer,4,#00b894,,,,,,,,
golfer_group_33,38.02883696025459,-84.46643105747557,31860.0,golfer,4,#00b894,,,,,,,,
golfer_group_33,38.02912980467218,-84.46642764747862,31920.0,golfer,4,#00b894,,,,,,,,
golfer_group_33,38.029422649089774,-84.46642423748168,31980.0,golfer,4,#00b894,,,,,,,,
golfer_group_33,38.029714660100595,-84.46640554510962,32040.0,golfer,4,#00b894,,,,,,,,
golfer_group_33,38.03000508074206,-84.46635768976212,32100.0,golfer,4,#00b894,,,,,,,,
golfer_group_33,38.03029550138352,-84.46630983441462,32160.0,golfer,4,#00b894,,,,,,,,
golfer_group_33,38.03034421537664,-84.46623396436489,32220.0,golfer,4,#00b894,,,,,,,,
golfer_group_33,38.0300654222068,-84.4661201350132,32280.0,golfer,4,#00b894,,,,,,,,
golfer_group_33,38.02978662903697,-84.46600630566151,32340.0,golfer,4,#00b894,,,,,,,,
golfer_group_33,38.02950783586713,-84.46589247630982,32400.0,golfer,4,#00b894,,,,,,,,
golfer_group_33,38.029229042697295,-84.46577864695813,32460.0,golfer,4,#00b894,,,,,,,,
golfer_group_33,38.02895024952746,-84.46566481760644,32520.0,golfer,4,#00b894,,,,,,,,
golfer_group_33,38.02867145635763,-84.46555098825475,32580.0,golfer,4,#00b894,,,,,,,,
golfer_group_33,38.02839266318779,-84.46543715890306,32640.0,golfer,4,#00b894,,,,,,,,
golfer_group_33,38.02811294382565,-84.46532834232956,32700.0,golfer,4,#00b894,,,,,,,,
golfer_group_33,38.02782336017175,-84.46527291370359,32760.0,golfer,4,#00b894,,,,,,,,
golfer_group_33,38.02753377651786,-84.46521748507763,32820.0,golfer,4,#00b894,,,,,,,,
golfer_group_33,38.027244192863975,-84.46516205645167,32880.0,golfer,4,#00b894,,,,,,,,
golfer_group_33,38.02695460921009,-84.46510662782572,32940.0,golfer,4,#00b894,,,,,,,,
golfer_group_33,38.02666502555619,-84.46505119919976,33000.0,golfer,4,#00b894,,,,,,,,
golfer_group_33,38.02637326063661,-84.4650346343973,33060.0,golfer,4,#00b894,,,,,,,,
golfer_group_33,38.02608041188864,-84.46503738027086,33120.0,golfer,4,#00b894,,,,,,,,
golfer_group_33,38.025787563140675,-84.46504012614442,33180.0,golfer,2,#00b894,,,,,,,,
golfer_group_33,38.025494714392714,-84.46504287201797,33240.0,golfer,4,#00b894,,,,,,,,
golfer_group_33,38.02556401049359,-84.4653626218534,33300.0,golfer,4,#00b894,,,,,,,,
golfer_group_33,38.025666096931715,-84.46571107475296,33360.0,golfer,4,#00b894,,,,,,,,
golfer_group_33,38.02576818336984,-84.46605952765252,33420.0,golfer,4,#00b894,,,,,,,,
golfer_group_33,38.02587026980797,-84.46640798055208,33480.0,golfer,4,#00b894,,,,,,,,
golfer_group_33,38.02597235624609,-84.46675643345164,33540.0,golfer,4,#00b894,,,,,,,,
golfer_group_33,38.02607444268422,-84.46710488635118,33600.0,golfer,4,#00b894,,,,,,,,
golfer_group_33,38.026176529122345,-84.46745333925074,33660.0,golfer,4,#00b894,,,,,,,,
golfer_group_33,38.02627861556047,-84.4678017921503,33720.0,golfer,4,#00b894,,,,,,,,
golfer_group_33,38.026391551516966,-84.46814347235242,33780.0,golfer,4,#00b894,,,,,,,,
golfer_group_33,38.0265466275618,-84.46845884704874,33840.0,golfer,4,#00b894,,,,,,,,
golfer_group_33,38.02670170360664,-84.46877422174504,33900.0,golfer,4,#00b894,,,,,,,,
golfer_group_33,38.02685677965148,-84.46908959644135,33960.0,golfer,4,#00b894,,,,,,,,
golfer_group_33,38.027011855696315,-84.46940497113766,34020.0,golfer,4,#00b894,,,,,,,,
golfer_group_33,38.027202562026105,-84.46967624119414,34080.0,golfer,4,#00b894,,,,,,,,
golfer_group_33,38.027447,-84.469881,34140.0,golfer,1,#00b894,,,,,,,,
golfer_group_34,38.027447,-84.469881,20340.0,golfer,1,#007cbf,,,,,,,,
golfer_group_34,38.02754627606764,-84.46962578282717,20400.0,golfer,1,#007cbf,,,,,,,,
golfer_group_34,38.02744283462056,-84.4692779685763,20460.0,golfer,1,#007cbf,,,,,,,,
golfer_group_34,38.02733939317348,-84.46893015432545,20520.0,golfer,1,#007cbf,,,,,,,,
golfer_group_34,38.0272359517264,-84.46858234007459,20580.0,golfer,1,#007cbf,,,,,,,,
golfer_group_34,38.027132510279316,-84.46823452582373,20640.0,golfer,1,#007cbf,,,,,,,,
golfer_group_34,38.027029068832235,-84.46788671157287,20700.0,golfer,1,#007cbf,,,,,,,,
golfer_group_34,38.026925627385154,-84.46753889732202,20760.0,golfer,1,#007cbf,,,,,,,,
golfer_group_34,38.02682218593807,-84.46719108307117,20820.0,golfer,1,#007cbf,,,,,,,,
golfer_group_34,38.026707885382585,-84.46684997010087,20880.0,golfer,1,#007cbf,,,,,,,,
golfer_group_34,38.0265563489919,-84.46653183579225,20940.0,golfer,1,#007cbf,,,,,,,,
golfer_group_34,38.02640481260122,-84.46621370148365,21000.0,golfer,1,#007cbf,,,,,,,,
golfer_group_34,38.02625327621054,-84.46589556717504,21060.0,golfer,1,#007cbf,,,,,,,,
golfer_group_34,38.026097865476636,-84.4655806681031,21120.0,golfer,1,#007cbf,,,,,,,,
golfer_group_34,38.02592778516153,-84.46527801873756,21180.0,golfer,4,#007cbf,,,,,,,,
golfer_group_34,38.02575770484643,-84.46497536937204,21240.0,golfer,2,#007cbf,,,,,,,,
golfer_group_34,38.02580429978306,-84.46478189846547,21300.0,golfer,2,#007cbf,,,,,,,,
golfer_group_34,38.02609158193444,-84.46470970518055,21360.0,golfer,2,#007cbf,,,,,,,,
golfer_group_34,38.02637886408582,-84.46463751189565,21420.0,golfer,2,#007cbf,,,,,,,,
golfer_group_34,38.0266661462372,-84.46456531861072,21480.0,golfer,2,#007cbf,,,,,,,,
golfer_group_34,38.02695342838857,-84.4644931253258,21540.0,golfer,2,#007cbf,,,,,,,,
golfer_group_34,38.02723262500985,-84.46440936561527,21600.0,golfer,2,#007cbf,,,,,,,,
golfer_group_34,38.02732323296244,-84.46405582806928,21660.0,golfer,2,#007cbf,,,,,,,,
golfer_group_34,38.027413840915024,-84.46370229052329,21720.0,golfer,3,#007cbf,,,,,,,,
golfer_group_34,38.02755613921936,-84.46339199540722,21780.0,golfer,3,#007cbf,,,,,,,,
golfer_group_34,38.02777631020529,-84.46314684598785,21840.0,golfer,3,#007cbf,,,,,,,,
golfer_group_34,38.027996481191224,-84.4629016965685,21900.0,golfer,3,#007cbf,,,,,,,,
golfer_group_34,38.028216652177164,-84.46265654714912,21960.0,golfer,3,#007cbf,,,,,,,,
golfer_group_34,38.0284368231631,-84.46241139772975,22020.0,golfer,3,#007cbf,,,,,,,,
golfer_group_34,38.02865699414903,-84.4621662483104,22080.0,golfer,3,#007cbf,,,,,,,,
golfer_group_34,38.02887716513497,-84.46192109889103,22140.0,golfer,3,#007cbf,,,,,,,,
golfer_group_34,38.029097336120905,-84.46167594947165,22200.0,golfer,3,#007cbf,,,,,,,,
golfer_group_34,38.02932048603734,-84.46143527844885,22260.0,golfer,3,#007cbf,,,,,,,,
golfer_group_34,38.02954781666501,-84.4612008925283,22320.0,golfer,3,#007cbf,,,,,,,,
golfer_group_34,38.029775147292675,-84.46096650660775,22380.0,golfer,3,#007cbf,,,,,,,,
golfer_group_34,38.03000247792034,-84.46073212068718,22440.0,golfer,3,#007cbf,,,,,,,,
golfer_group_34,38.03022980854801,-84.46049773476663,22500.0,golfer,3,#007cbf,,,,,,,,
golfer_group_34,38.03028198771919,-84.46029007968264,22560.0,golfer,3,#007cbf,,,,,,,,
golfer_group_34,38.030017377451664,-84.46013077159431,22620.0,golfer,4,#007cbf,,,,,,,,
golfer_group_34,38.02974997117584,-84.46003134117494,22680.0,golfer,4,#007cbf,,,,,,,,
golfer_group_34,38.029472388508275,-84.46014984237516,22740.0,golfer,4,#007cbf,,,,,,,,
golfer_group_34,38.02919480584071,-84.46026834357538,22800.0,golfer,4,#007cbf,,,,,,,,
golfer_group_34,38.02891722317315,-84.46038684477558,22860.0,golfer,4,#007cbf,,,,,,,,
golfer_group_34,38.02863964050559,-84.4605053459758,22920.0,golfer,4,#007cbf,,,,,,,,
golfer_group_34,38.02846819932939,-84.46074999771898,22980.0,golfer,4,#007cbf,,,,,,,,
golfer_group_34,38.028356651102726,-84.46108459413088,23040.0,golfer,4,#007cbf,,,,,,,,
golfer_group_34,38.028163251425084,-84.46136377382878,23100.0,golfer,4,#007cbf,,,,,,,,
golfer_group_34,38.02796985174745,-84.46164295352668,23160.0,golfer,4,#007cbf,,,,,,,,
golfer_group_34,38.02777645206981,-84.46192213322458,23220.0,golfer,4,#007cbf,,,,,,,,
golfer_group_34,38.027583052392174,-84.46220131292247,23280.0,golfer,4,#007cbf,,,,,,,,
golfer_group_34,38.02739313138997,-84.4624841808364,23340.0,golfer,4,#007cbf,,,,,,,,
golfer_group_34,38.02721114487077,-84.46277546117278,23400.0,golfer,4,#007cbf,,,,,,,,
golfer_group_34,38.02702915835156,-84.46306674150915,23460.0,golfer,4,#007cbf,,,,,,,,
golfer_group_34,38.02684717183235,-84.46335802184554,23520.0,golfer,4,#007cbf,,,,,,,,
golfer_group_34,38.027030664719845,-84.46345337202217,23580.0,golfer,4,#007cbf,,,,,,,,
golfer_group_34,38.02732202605173,-84.46349089491457,23640.0,golfer,3,#007cbf,,,,,,,,
golfer_group_34,38.02761338738361,-84.46352841780696,23700.0,golfer,3,#007cbf,,,,,,,,
golfer_group_34,38.02787761975422,-84.46365295047241,23760.0,golfer,4,#007cbf,,,,,,,,
golfer_group_34,38.02811027773896,-84.46387875056652,23820.0,golfer,4,#007cbf,,,,,,,,
golfer_group_34,38.02834293572369,-84.46410455066062,23880.0,golfer,4,#007cbf,,,,,,,,
golfer_group_34,38.028575593708425,-84.46433035075472,23940.0,golfer,4,#007cbf,,,,,,,,
golfer_group_34,38.028808251693164,-84.46455615084882,24000.0,golfer,4,#007cbf,,,,,,,,
golfer_group_34,38.029040909677896,-84.46478195094294,24060.0,golfer,4,#007cbf,,,,,,,,
golfer_group_34,38.02927356766263,-84.46500775103704,24120.0,golfer,4,#007cbf,,,,,,,,
golfer_group_34,38.02950622564737,-84.46523355113113,24180.0,golfer,4,#007cbf,,,,,,,,
golfer_group_34,38.02975350361947,-84.4654282954189,24240.0,golfer,4,#007cbf,,,,,,,,
golfer_group_34,38.030020352724144,-84.46558146666777,24300.0,golfer,4,#007cbf,,,,,,,,
golfer_group_34,38.03028720182882,-84.46573463791665,24360.0,golfer,4,#007cbf,,,,,,,,
golfer_group_34,38.030554050933496,-84.46588780916554,24420.0,golfer,4,#007cbf,,,,,,,,
golfer_group_34,38.0308144451061,-84.46601508231271,24480.0,golfer,4,#007cbf,,,,,,,,
golfer_group_34,38.03096331555731,-84.46569490649415,24540.0,golfer,4,#007cbf,,,,,,,,
golfer_group_34,38.03100160851583,-84.46532942233877,24600.0,golfer,4,#007cbf,,,,,,,,
golfer_group_34,38.03102825601745,-84.4649591665407,24660.0,golfer,4,#007cbf,,,,,,,,
golfer_group_34,38.03105490351906,-84.46458891074262,24720.0,golfer,4,#007cbf,,,,,,,,
golfer_group_34,38.031081551020684,-84.46421865494455,24780.0,golfer,4,#007cbf,,,,,,,,
golfer_group_34,38.031108198522304,-84.46384839914647,24840.0,golfer,4,#007cbf,,,,,,,,
golfer_group_34,38.03113484602392,-84.4634781433484,24900.0,golfer,4,#007cbf,,,,,,,,
golfer_group_34,38.03116149352554,-84.46310788755032,24960.0,golfer,4,#007cbf,,,,,,,,
golfer_group_34,38.031127268705696,-84.46274982308951,25020.0,golfer,4,#007cbf,,,,,,,,
golfer_group_34,38.031012137391194,-84.4624079623538,25080.0,golfer,4,#007cbf,,,,,,,,
golfer_group_34,38.03089700607669,-84.46206610161808,25140.0,golfer,4,#007cbf,,,,,,,,
golfer_group_34,38.0307818747622,-84.46172424088235,25200.0,golfer,4,#007cbf,,,,,,,,
golfer_group_34,38.030666743447696,-84.46138238014663,25260.0,golfer,4,#007cbf,,,,,,,,
golfer_group_34,38.030551612133195,-84.46104051941091,25320.0,golfer,4,#007cbf,,,,,,,,
golfer_group_34,38.03081531898336,-84.46091137688049,25380.0,golfer,4,#007cbf,,,,,,,,
golfer_group_34,38.0310279411826,-84.46098091912485,25440.0,golfer,4,#007cbf,,,,,,,,
golfer_group_34,38.03115090321037,-84.46131835889211,25500.0,golfer,4,#007cbf,,,,,,,,
golfer_group_34,38.031273865238134,-84.46165579865938,25560.0,golfer,4,#007cbf,,,,,,,,
golfer_group_34,38.03139682726591,-84.46199323842663,25620.0,golfer,4,#007cbf,,,,,,,,
golfer_group_34,38.031519789293675,-84.4623306781939,25680.0,golfer,4,#007cbf,,,,,,,,
golfer_group_34,38.03164275132144,-84.46266811796116,25740.0,golfer,4,#007cbf,,,,,,,,
golfer_group_34,38.03176571334921,-84.46300555772842,25800.0,golfer,4,#007cbf,,,,,,,,
golfer_group_34,38.031888675376976,-84.46334299749569,25860.0,golfer,4,#007cbf,,,,,,,,
golfer_group_34,38.031909837946635,-84.46368872876327,25920.0,golfer,4,#007cbf,,,,,,,,
golfer_group_34,38.03182184589159,-84.46404335060477,25980.0,golfer,4,#007cbf,,,,,,,,
golfer_group_34,38.03173385383655,-84.46439797244628,26040.0,golfer,4,#007cbf,,,,,,,,
golfer_group_34,38.031645861781506,-84.46475259428779,26100.0,golfer,4,#007cbf,,,,,,,,
golfer_group_34,38.03155786972646,-84.46510721612928,26160.0,golfer,4,#007cbf,,,,,,,,
golfer_group_34,38.03146987767142,-84.46546183797079,26220.0,golfer,4,#007cbf,,,,,,,,
golfer_group_34,38.03131864912918,-84.46576966145622,26280.0,golfer,4,#007cbf,,,,,,,,
golfer_group_34,38.0311189562348,-84.46604161874937,26340.0,golfer,4,#007cbf,,,,,,,,
golfer_group_34,38.030919263340415,-84.46631357604252,26400.0,golfer,4,#007cbf,,,,,,,,
golfer_group_34,38.030718115722834,-84.46658350967269,26460.0,golfer,4,#007cbf,,,,,,,,
golfer_group_34,38.0304866033238,-84.46681120290668,26520.0,golfer,4,#007cbf,,,,,,,,
golfer_group_34,38.030255090924776,-84.46703889614066,26580.0,golfer,4,#007cbf,,,,,,,,
golfer_group_34,38.03002357852575,-84.46726658937465,26640.0,golfer,4,#007cbf,,,,,,,,
golfer_group_34,38.02979206612672,-84.46749428260863,26700.0,golfer,4,#007cbf,,,,,,,,
golfer_group_34,38.02956055372769,-84.46772197584261,26760.0,golfer,4,#007cbf,,,,,,,,
golfer_group_34,38.02932904132866,-84.4679496690766,26820.0,golfer,4,#007cbf,,,,,,,,
golfer_group_34,38.02909752892963,-84.46817736231058,26880.0,golfer,4,#007cbf,,,,,,,,
golfer_group_34,38.0288660165306,-84.46840505554457,26940.0,golfer,4,#007cbf,,,,,,,,
golfer_group_34,38.02869804015225,-84.46870681462924,27000.0,golfer,4,#007cbf,,,,,,,,
golfer_group_34,38.028539024924726,-84.46901901999702,27060.0,golfer,4,#007cbf,,,,,,,,
golfer_group_34,38.0283800096972,-84.46933122536481,27120.0,golfer,4,#007cbf,,,,,,,,
golfer_group_34,38.028129065075696,-84.46949162304078,27180.0,golfer,4,#007cbf,,,,,,,,
golfer_group_34,38.02785052807789,-84.46960645602002,27240.0,golfer,1,#007cbf,,,,,,,,
golfer_group_34,38.027571991080094,-84.46972128899925,27300.0,golfer,1,#007cbf,,,,,,,,
golfer_group_34,38.02729345408229,-84.4698361219785,27360.0,golfer,4,#007cbf,,,,,,,,
golfer_group_34,38.027014917084486,-84.46995095495774,27420.0,golfer,4,#007cbf,,,,,,,,
golfer_group_34,38.02677219339408,-84.46990690842384,27480.0,golfer,4,#007cbf,,,,,,,,
golfer_group_34,38.026583670283,-84.46962241044099,27540.0,golfer,4,#007cbf,,,,,,,,
golfer_group_34,38.02639514717193,-84.46933791245814,27600.0,golfer,4,#007cbf,,,,,,,,
golfer_group_34,38.026206624060855,-84.4690534144753,27660.0,golfer,4,#007cbf,,,,,,,,
golfer_group_34,38.02601810094978,-84.46876891649245,27720.0,golfer,4,#007cbf,,,,,,,,
golfer_group_34,38.0258295778387,-84.4684844185096,27780.0,golfer,4,#007cbf,,,,,,,,
golfer_group_34,38.02564105472762,-84.46819992052676,27840.0,golfer,4,#007cbf,,,,,,,,
golfer_group_34,38.02539873776804,-84.4680332578427,27900.0,golfer,4,#007cbf,,,,,,,,
golfer_group_34,38.02511056304286,-84.46796704648648,27960.0,golfer,4,#007cbf,,,,,,,,
golfer_group_34,38.02482238831767,-84.46790083513027,28020.0,golfer,4,#007cbf,,,,,,,,
golfer_group_34,38.02466098715723,-84.46791926274804,28080.0,golfer,4,#007cbf,,,,,,,,
golfer_group_34,38.0248672597656,-84.46818316370741,28140.0,golfer,4,#007cbf,,,,,,,,
golfer_group_34,38.025073532373966,-84.46844706466678,28200.0,golfer,4,#007cbf,,,,,,,,
golfer_group_34,38.02498232223591,-84.46858500193528,28260.0,golfer,4,#007cbf,,,,,,,,
golfer_group_34,38.024692555469876,-84.46863886398934,28320.0,golfer,4,#007cbf,,,,,,,,
golfer_group_34,38.02440278870384,-84.4686927260434,28380.0,golfer,4,#007cbf,,,,,,,,
golfer_group_34,38.0241130219378,-84.46874658809746,28440.0,golfer,4,#007cbf,,,,,,,,
golfer_group_34,38.02382325517176,-84.46880045015152,28500.0,golfer,4,#007cbf,,,,,,,,
golfer_group_34,38.023533488405725,-84.46885431220558,28560.0,golfer,4,#007cbf,,,,,,,,
golfer_group_34,38.02325287292604,-84.46895459002404,28620.0,golfer,4,#007cbf,,,,,,,,
golfer_group_34,38.023120094224296,-84.46908677293466,28680.0,golfer,4,#007cbf,,,,,,,,
golfer_group_34,38.02338797984743,-84.46923698741324,28740.0,golfer,4,#007cbf,,,,,,,,
golfer_group_34,38.02365586547056,-84.46938720189182,28800.0,golfer,4,#007cbf,,,,,,,,
golfer_group_34,38.02392375109368,-84.4695374163704,28860.0,golfer,4,#007cbf,,,,,,,,
golfer_group_34,38.024191636716814,-84.46968763084898,28920.0,golfer,4,#007cbf,,,,,,,,
golfer_group_34,38.024459522339946,-84.46983784532756,28980.0,golfer,4,#007cbf,,,,,,,,
golfer_group_34,38.02472740796308,-84.46998805980614,29040.0,golfer,4,#007cbf,,,,,,,,
golfer_group_34,38.0249952935862,-84.47013827428472,29100.0,golfer,4,#007cbf,,,,,,,,
golfer_group_34,38.02526317920933,-84.4702884887633,29160.0,golfer,4,#007cbf,,,,,,,,
golfer_group_34,38.02549053793203,-84.47051685206469,29220.0,golfer,4,#007cbf,,,,,,,,
golfer_group_34,38.02570511747455,-84.47076985771169,29280.0,golfer,4,#007cbf,,,,,,,,
golfer_group_34,38.025919697017066,-84.4710228633587,29340.0,golfer,4,#007cbf,,,,,,,,
golfer_group_34,38.02613427655959,-84.4712758690057,29400.0,golfer,4,#007cbf,,,,,,,,
golfer_group_34,38.02634885610211,-84.4715288746527,29460.0,golfer,4,#007cbf,,,,,,,,
golfer_group_34,38.026563435644626,-84.4717818802997,29520.0,golfer,4,#007cbf,,,,,,,,
golfer_group_34,38.02678243981026,-84.47202860408251,29580.0,golfer,4,#007cbf,,,,,,,,
golfer_group_34,38.02668611647238,-84.47218057293104,29640.0,golfer,4,#007cbf,,,,,,,,
golfer_group_34,38.02640386024167,-84.4722796932027,29700.0,golfer,4,#007cbf,,,,,,,,
golfer_group_34,38.02612160401096,-84.47237881347434,29760.0,golfer,4,#007cbf,,,,,,,,
golfer_group_34,38.02583934778024,-84.47247793374599,29820.0,golfer,4,#007cbf,,,,,,,,
golfer_group_34,38.02555709154953,-84.47257705401765,29880.0,golfer,4,#007cbf,,,,,,,,
golfer_group_34,38.025278899056985,-84.47258808504574,29940.0,golfer,4,#007cbf,,,,,,,,
golfer_group_34,38.02505413568005,-84.47238241246707,30000.0,golfer,4,#007cbf,,,,,,,,
golfer_group_34,38.02491621232278,-84.47205445775451,30060.0,golfer,4,#007cbf,,,,,,,,
golfer_group_34,38.02477828896551,-84.47172650304194,30120.0,golfer,4,#007cbf,,,,,,,,
golfer_group_34,38.024640365608235,-84.47139854832938,30180.0,golfer,4,#007cbf,,,,,,,,
golfer_group_34,38.02450244225096,-84.4710705936168,30240.0,golfer,4,#007cbf,,,,,,,,
golfer_group_34,38.02436451889369,-84.47074263890424,30300.0,golfer,4,#007cbf,,,,,,,,
golfer_group_34,38.02422659553642,-84.47041468419167,30360.0,golfer,4,#007cbf,,,,,,,,
golfer_group_34,38.02408867217915,-84.4700867294791,30420.0,golfer,4,#007cbf,,,,,,,,
golfer_group_34,38.023830177494666,-84.46991493651929,30480.0,golfer,4,#007cbf,,,,,,,,
golfer_group_34,38.02356911857893,-84.46974646470437,30540.0,golfer,4,#007cbf,,,,,,,,
golfer_group_34,38.0233080596632,-84.46957799288944,30600.0,golfer,4,#007cbf,,,,,,,,
golfer_group_34,38.02304700074746,-84.46940952107451,30660.0,golfer,4,#007cbf,,,,,,,,
golfer_group_34,38.0227847606833,-84.46924457405959,30720.0,golfer,4,#007cbf,,,,,,,,
golfer_group_34,38.02250809559787,-84.46912267439926,30780.0,golfer,4,#007cbf,,,,,,,,
golfer_group_34,38.022527943550884,-84.46893235209967,30840.0,golfer,4,#007cbf,,,,,,,,
golfer_group_34,38.02275311404551,-84.46869465006165,30900.0,golfer,4,#007cbf,,,,,,,,
golfer_group_34,38.02297828454014,-84.46845694802364,30960.0,golfer,4,#007cbf,,,,,,,,
golfer_group_34,38.02320345503476,-84.46821924598564,31020.0,golfer,4,#007cbf,,,,,,,,
golfer_group_34,38.023428625529384,-84.46798154394763,31080.0,golfer,4,#007cbf,,,,,,,,
golfer_group_34,38.02365379602401,-84.46774384190961,31140.0,golfer,4,#007cbf,,,,,,,,
golfer_group_34,38.02387896651864,-84.4675061398716,31200.0,golfer,4,#007cbf,,,,,,,,
golfer_group_34,38.02410413701326,-84.4672684378336,31260.0,golfer,4,#007cbf,,,,,,,,
golfer_group_34,38.024329307507884,-84.46703073579559,31320.0,golfer,4,#007cbf,,,,,,,,
golfer_group_34,38.024516630016976,-84.46674714202182,31380.0,golfer,4,#007cbf,,,,,,,,
golfer_group_34,38.02469334505099,-84.4664506863893,31440.0,golfer,4,#007cbf,,,,,,,,
golfer_group_34,38.02487006008501,-84.46615423075679,31500.0,golfer,4,#007cbf,,,,,,,,
golfer_group_34,38.02504677511902,-84.46585777512426,31560.0,golfer,4,#007cbf,,,,,,,,
golfer_group_34,38.02525798622544,-84.46562593134438,31620.0,golfer,4,#007cbf,,,,,,,,
golfer_group_34,38.025540368765746,-84.46552739312297,31680.0,golfer,4,#007cbf,,,,,,,,
golfer_group_34,38.02582275130605,-84.46542885490156,31740.0,golfer,4,#007cbf,,,,,,,,
golfer_group_34,38.02610513384636,-84.46533031668015,31800.0,golfer,4,#007cbf,,,,,,,,
golfer_group_34,38.02637936666449,-84.46537020680762,31860.0,golfer,4,#007cbf,,,,,,,,
golfer_group_34,38.02664707383,-84.4655209394031,31920.0,golfer,4,#007cbf,,,,,,,,
golfer_group_34,38.026914780995504,-84.46567167199859,31980.0,golfer,4,#007cbf,,,,,,,,
golfer_group_34,38.02718248816101,-84.46582240459409,32040.0,golfer,4,#007cbf,,,,,,,,
golfer_group_34,38.027450195326516,-84.46597313718958,32100.0,golfer,4,#007cbf,,,,,,,,
golfer_group_34,38.02771790249202,-84.46612386978506,32160.0,golfer,4,#007cbf,,,,,,,,
golfer_group_34,38.027985609657534,-84.46627460238055,32220.0,golfer,4,#007cbf,,,,,,,,
golfer_group_34,38.02825331682304,-84.46642533497604,32280.0,golfer,4,#007cbf,,,,,,,,
golfer_group_34,38.02854411583699,-84.46643446747252,32340.0,golfer,4,#007cbf,,,,,,,,
golfer_group_34,38.02883696025459,-84.46643105747557,32400.0,golfer,4,#007cbf,,,,,,,,
golfer_group_34,38.02912980467218,-84.46642764747862,32460.0,golfer,4,#007cbf,,,,,,,,
golfer_group_34,38.029422649089774,-84.46642423748168,32520.0,golfer,4,#007cbf,,,,,,,,
golfer_group_34,38.029714660100595,-84.46640554510962,32580.0,golfer,4,#007cbf,,,,,,,,
golfer_group_34,38.03000508074206,-84.46635768976212,32640.0,golfer,4,#007cbf,,,,,,,,
golfer_group_34,38.03029550138352,-84.46630983441462,32700.0,golfer,4,#007cbf,,,,,,,,
golfer_group_34,38.03034421537664,-84.46623396436489,32760.0,golfer,4,#007cbf,,,,,,,,
golfer_group_34,38.0300654222068,-84.4661201350132,32820.0,golfer,4,#007cbf,,,,,,,,
golfer_group_34,38.02978662903697,-84.46600630566151,32880.0,golfer,4,#007cbf,,,,,,,,
golfer_group_34,38.02950783586713,-84.46589247630982,32940.0,golfer,4,#007cbf,,,,,,,,
golfer_group_34,38.029229042697295,-84.46577864695813,33000.0,golfer,4,#007cbf,,,,,,,,
golfer_group_34,38.02895024952746,-84.46566481760644,33060.0,golfer,4,#007cbf,,,,,,,,
golfer_group_34,38.02867145635763,-84.46555098825475,33120.0,golfer,4,#007cbf,,,,,,,,
golfer_group_34,38.02839266318779,-84.46543715890306,33180.0,golfer,4,#007cbf,,,,,,,,
golfer_group_34,38.02811294382565,-84.46532834232956,33240.0,golfer,4,#007cbf,,,,,,,,
golfer_group_34,38.02782336017175,-84.46527291370359,33300.0,golfer,4,#007cbf,,,,,,,,
golfer_group_34,38.02753377651786,-84.46521748507763,33360.0,golfer,4,#007cbf,,,,,,,,
golfer_group_34,38.027244192863975,-84.46516205645167,33420.0,golfer,4,#007cbf,,,,,,,,
golfer_group_34,38.02695460921009,-84.46510662782572,33480.0,golfer,4,#007cbf,,,,,,,,
golfer_group_34,38.02666502555619,-84.46505119919976,33540.0,golfer,4,#007cbf,,,,,,,,
golfer_group_34,38.02637326063661,-84.4650346343973,33600.0,golfer,4,#007cbf,,,,,,,,
golfer_group_34,38.02608041188864,-84.46503738027086,33660.0,golfer,4,#007cbf,,,,,,,,
golfer_group_34,38.025787563140675,-84.46504012614442,33720.0,golfer,2,#007cbf,,,,,,,,
golfer_group_34,38.025494714392714,-84.46504287201797,33780.0,golfer,4,#007cbf,,,,,,,,
golfer_group_34,38.02556401049359,-84.4653626218534,33840.0,golfer,4,#007cbf,,,,,,,,
golfer_group_34,38.025666096931715,-84.46571107475296,33900.0,golfer,4,#007cbf,,,,,,,,
golfer_group_34,38.02576818336984,-84.46605952765252,33960.0,golfer,4,#007cbf,,,,,,,,
golfer_group_34,38.02587026980797,-84.46640798055208,34020.0,golfer,4,#007cbf,,,,,,,,
golfer_group_34,38.02597235624609,-84.46675643345164,34080.0,golfer,4,#007cbf,,,,,,,,
golfer_group_34,38.02607444268422,-84.46710488635118,34140.0,golfer,4,#007cbf,,,,,,,,
golfer_group_34,38.026176529122345,-84.46745333925074,34200.0,golfer,4,#007cbf,,,,,,,,
golfer_group_34,38.02627861556047,-84.4678017921503,34260.0,golfer,4,#007cbf,,,,,,,,
golfer_group_34,38.026391551516966,-84.46814347235242,34320.0,golfer,4,#007cbf,,,,,,,,
golfer_group_34,38.0265466275618,-84.46845884704874,34380.0,golfer,4,#007cbf,,,,,,,,
golfer_group_34,38.02670170360664,-84.46877422174504,34440.0,golfer,4,#007cbf,,,,,,,,
golfer_group_34,38.02685677965148,-84.46908959644135,34500.0,golfer,4,#007cbf,,,,,,,,
golfer_group_34,38.027011855696315,-84.46940497113766,34560.0,golfer,4,#007cbf,,,,,,,,
golfer_group_34,38.027202562026105,-84.46967624119414,34620.0,golfer,4,#007cbf,,,,,,,,
golfer_group_34,38.027447,-84.469881,34680.0,golfer,1,#007cbf,,,,,,,,
golfer_group_35,38.027447,-84.469881,20880.0,golfer,1,#007cbf,,,,,,,,
golfer_group_35,38.02754627606764,-84.46962578282717,20940.0,golfer,1,#007cbf,,,,,,,,
golfer_group_35,38.02744283462056,-84.4692779685763,21000.0,golfer,1,#007cbf,,,,,,,,
golfer_group_35,38.02733939317348,-84.46893015432545,21060.0,golfer,1,#007cbf,,,,,,,,
golfer_group_35,38.0272359517264,-84.46858234007459,21120.0,golfer,1,#007cbf,,,,,,,,
golfer_group_35,38.027132510279316,-84.46823452582373,21180.0,golfer,1,#007cbf,,,,,,,,
golfer_group_35,38.027029068832235,-84.46788671157287,21240.0,golfer,1,#007cbf,,,,,,,,
golfer_group_35,38.026925627385154,-84.46753889732202,21300.0,golfer,1,#007cbf,,,,,,,,
golfer_group_35,38.02682218593807,-84.46719108307117,21360.0,golfer,1,#007cbf,,,,,,,,
golfer_group_35,38.026707885382585,-84.46684997010087,21420.0,golfer,1,#007cbf,,,,,,,,
golfer_group_35,38.0265563489919,-84.46653183579225,21480.0,golfer,1,#007cbf,,,,,,,,
golfer_group_35,38.02640481260122,-84.46621370148365,21540.0,golfer,1,#007cbf,,,,,,,,
golfer_group_35,38.02625327621054,-84.46589556717504,21600.0,golfer,1,#007cbf,,,,,,,,
golfer_group_35,38.026097865476636,-84.4655806681031,21660.0,golfer,1,#007cbf,,,,,,,,
golfer_group_35,38.02592778516153,-84.46527801873756,21720.0,golfer,4,#007cbf,,,,,,,,
golfer_group_35,38.02575770484643,-84.46497536937204,21780.0,golfer,2,#007cbf,,,,,,,,
golfer_group_35,38.02580429978306,-84.46478189846547,21840.0,golfer,2,#007cbf,,,,,,,,
golfer_group_35,38.02609158193444,-84.46470970518055,21900.0,golfer,2,#007cbf,,,,,,,,
golfer_group_35,38.02637886408582,-84.46463751189565,21960.0,golfer,2,#007cbf,,,,,,,,
golfer_group_35,38.0266661462372,-84.46456531861072,22020.0,golfer,2,#007cbf,,,,,,,,
golfer_group_35,38.02695342838857,-84.4644931253258,22080.0,golfer,2,#007cbf,,,,,,,,
golfer_group_35,38.02723262500985,-84.46440936561527,22140.0,golfer,2,#007cbf,,,,,,,,
golfer_group_35,38.02732323296244,-84.46405582806928,22200.0,golfer,2,#007cbf,,,,,,,,
golfer_group_35,38.027413840915024,-84.46370229052329,22260.0,golfer,3,#007cbf,,,,,,,,
golfer_group_35,38.02755613921936,-84.46339199540722,22320.0,golfer,3,#007cbf,,,,,,,,
golfer_group_35,38.02777631020529,-84.46314684598785,22380.0,golfer,3,#007cbf,,,,,,,,
golfer_group_35,38.027996481191224,-84.4629016965685,22440.0,golfer,3,#007cbf,,,,,,,,
golfer_group_35,38.028216652177164,-84.46265654714912,22500.0,golfer,3,#007cbf,,,,,,,,
golfer_group_35,38.0284368231631,-84.46241139772975,22560.0,golfer,3,#007cbf,,,,,,,,
golfer_group_35,38.02865699414903,-84.4621662483104,22620.0,golfer,3,#007cbf,,,,,,,,
golfer_group_35,38.02887716513497,-84.46192109889103,22680.0,golfer,3,#007cbf,,,,,,,,
golfer_group_35,38.029097336120905,-84.46167594947165,22740.0,golfer,3,#007cbf,,,,,,,,
golfer_group_35,38.02932048603734,-84.46143527844885,22800.0,golfer,3,#007cbf,,,,,,,,
golfer_group_35,38.02954781666501,-84.4612008925283,22860.0,golfer,3,#007cbf,,,,,,,,
golfer_group_35,38.029775147292675,-84.46096650660775,22920.0,golfer,3,#007cbf,,,,,,,,
golfer_group_35,38.03000247792034,-84.46073212068718,22980.0,golfer,3,#007cbf,,,,,,,,
golfer_group_35,38.03022980854801,-84.46049773476663,23040.0,golfer,3,#007cbf,,,,,,,,
golfer_group_35,38.03028198771919,-84.46029007968264,23100.0,golfer,3,#007cbf,,,,,,,,
golfer_group_35,38.030017377451664,-84.46013077159431,23160.0,golfer,4,#007cbf,,,,,,,,
golfer_group_35,38.02974997117584,-84.46003134117494,23220.0,golfer,4,#007cbf,,,,,,,,
golfer_group_35,38.029472388508275,-84.46014984237516,23280.0,golfer,4,#007cbf,,,,,,,,
golfer_group_35,38.02919480584071,-84.46026834357538,23340.0,golfer,4,#007cbf,,,,,,,,
golfer_group_35,38.02891722317315,-84.46038684477558,23400.0,golfer,4,#007cbf,,,,,,,,
golfer_group_35,38.02863964050559,-84.4605053459758,23460.0,golfer,4,#007cbf,,,,,,,,
golfer_group_35,38.02846819932939,-84.46074999771898,23520.0,golfer,4,#007cbf,,,,,,,,
golfer_group_35,38.028356651102726,-84.46108459413088,23580.0,golfer,4,#007cbf,,,,,,,,
golfer_group_35,38.028163251425084,-84.46136377382878,23640.0,golfer,4,#007cbf,,,,,,,,
golfer_group_35,38.02796985174745,-84.46164295352668,23700.0,golfer,4,#007cbf,,,,,,,,
golfer_group_35,38.02777645206981,-84.46192213322458,23760.0,golfer,4,#007cbf,,,,,,,,
golfer_group_35,38.027583052392174,-84.46220131292247,23820.0,golfer,4,#007cbf,,,,,,,,
golfer_group_35,38.02739313138997,-84.4624841808364,23880.0,golfer,4,#007cbf,,,,,,,,
golfer_group_35,38.02721114487077,-84.46277546117278,23940.0,golfer,4,#007cbf,,,,,,,,
golfer_group_35,38.02702915835156,-84.46306674150915,24000.0,golfer,4,#007cbf,,,,,,,,
golfer_group_35,38.02684717183235,-84.46335802184554,24060.0,golfer,4,#007cbf,,,,,,,,
golfer_group_35,38.027030664719845,-84.46345337202217,24120.0,golfer,4,#007cbf,,,,,,,,
golfer_group_35,38.02732202605173,-84.46349089491457,24180.0,golfer,3,#007cbf,,,,,,,,
golfer_group_35,38.02761338738361,-84.46352841780696,24240.0,golfer,3,#007cbf,,,,,,,,
golfer_group_35,38.02787761975422,-84.46365295047241,24300.0,golfer,4,#007cbf,,,,,,,,
golfer_group_35,38.02811027773896,-84.46387875056652,24360.0,golfer,4,#007cbf,,,,,,,,
golfer_group_35,38.02834293572369,-84.46410455066062,24420.0,golfer,4,#007cbf,,,,,,,,
golfer_group_35,38.028575593708425,-84.46433035075472,24480.0,golfer,4,#007cbf,,,,,,,,
golfer_group_35,38.028808251693164,-84.46455615084882,24540.0,golfer,4,#007cbf,,,,,,,,
golfer_group_35,38.029040909677896,-84.46478195094294,24600.0,golfer,4,#007cbf,,,,,,,,
golfer_group_35,38.02927356766263,-84.46500775103704,24660.0,golfer,4,#007cbf,,,,,,,,
golfer_group_35,38.02950622564737,-84.46523355113113,24720.0,golfer,4,#007cbf,,,,,,,,
golfer_group_35,38.02975350361947,-84.4654282954189,24780.0,golfer,4,#007cbf,,,,,,,,
golfer_group_35,38.030020352724144,-84.46558146666777,24840.0,golfer,4,#007cbf,,,,,,,,
golfer_group_35,38.03028720182882,-84.46573463791665,24900.0,golfer,4,#007cbf,,,,,,,,
golfer_group_35,38.030554050933496,-84.46588780916554,24960.0,golfer,4,#007cbf,,,,,,,,
golfer_group_35,38.0308144451061,-84.46601508231271,25020.0,golfer,4,#007cbf,,,,,,,,
golfer_group_35,38.03096331555731,-84.46569490649415,25080.0,golfer,4,#007cbf,,,,,,,,
golfer_group_35,38.03100160851583,-84.46532942233877,25140.0,golfer,4,#007cbf,,,,,,,,
golfer_group_35,38.03102825601745,-84.4649591665407,25200.0,golfer,4,#007cbf,,,,,,,,
golfer_group_35,38.03105490351906,-84.46458891074262,25260.0,golfer,4,#007cbf,,,,,,,,
golfer_group_35,38.031081551020684,-84.46421865494455,25320.0,golfer,4,#007cbf,,,,,,,,
golfer_group_35,38.031108198522304,-84.46384839914647,25380.0,golfer,4,#007cbf,,,,,,,,
golfer_group_35,38.03113484602392,-84.4634781433484,25440.0,golfer,4,#007cbf,,,,,,,,
golfer_group_35,38.03116149352554,-84.46310788755032,25500.0,golfer,4,#007cbf,,,,,,,,
golfer_group_35,38.031127268705696,-84.46274982308951,25560.0,golfer,4,#007cbf,,,,,,,,
golfer_group_35,38.031012137391194,-84.4624079623538,25620.0,golfer,4,#007cbf,,,,,,,,
golfer_group_35,38.03089700607669,-84.46206610161808,25680.0,golfer,4,#007cbf,,,,,,,,
golfer_group_35,38.0307818747622,-84.46172424088235,25740.0,golfer,4,#007cbf,,,,,,,,
golfer_group_35,38.030666743447696,-84.46138238014663,25800.0,golfer,4,#007cbf,,,,,,,,
golfer_group_35,38.030551612133195,-84.46104051941091,25860.0,golfer,4,#007cbf,,,,,,,,
golfer_group_35,38.03081531898336,-84.46091137688049,25920.0,golfer,4,#007cbf,,,,,,,,
golfer_group_35,38.0310279411826,-84.46098091912485,25980.0,golfer,4,#007cbf,,,,,,,,
golfer_group_35,38.03115090321037,-84.46131835889211,26040.0,golfer,4,#007cbf,,,,,,,,
golfer_group_35,38.031273865238134,-84.46165579865938,26100.0,golfer,4,#007cbf,,,,,,,,
golfer_group_35,38.03139682726591,-84.46199323842663,26160.0,golfer,4,#007cbf,,,,,,,,
golfer_group_35,38.031519789293675,-84.4623306781939,26220.0,golfer,4,#007cbf,,,,,,,,
golfer_group_35,38.03164275132144,-84.46266811796116,26280.0,golfer,4,#007cbf,,,,,,,,
golfer_group_35,38.03176571334921,-84.46300555772842,26340.0,golfer,4,#007cbf,,,,,,,,
golfer_group_35,38.031888675376976,-84.46334299749569,26400.0,golfer,4,#007cbf,,,,,,,,
golfer_group_35,38.031909837946635,-84.46368872876327,26460.0,golfer,4,#007cbf,,,,,,,,
golfer_group_35,38.03182184589159,-84.46404335060477,26520.0,golfer,4,#007cbf,,,,,,,,
golfer_group_35,38.03173385383655,-84.46439797244628,26580.0,golfer,4,#007cbf,,,,,,,,
golfer_group_35,38.031645861781506,-84.46475259428779,26640.0,golfer,4,#007cbf,,,,,,,,
golfer_group_35,38.03155786972646,-84.46510721612928,26700.0,golfer,4,#007cbf,,,,,,,,
golfer_group_35,38.03146987767142,-84.46546183797079,26760.0,golfer,4,#007cbf,,,,,,,,
golfer_group_35,38.03131864912918,-84.46576966145622,26820.0,golfer,4,#007cbf,,,,,,,,
golfer_group_35,38.0311189562348,-84.46604161874937,26880.0,golfer,4,#007cbf,,,,,,,,
golfer_group_35,38.030919263340415,-84.46631357604252,26940.0,golfer,4,#007cbf,,,,,,,,
golfer_group_35,38.030718115722834,-84.46658350967269,27000.0,golfer,4,#007cbf,,,,,,,,
golfer_group_35,38.0304866033238,-84.46681120290668,27060.0,golfer,4,#007cbf,,,,,,,,
golfer_group_35,38.030255090924776,-84.46703889614066,27120.0,golfer,4,#007cbf,,,,,,,,
golfer_group_35,38.03002357852575,-84.46726658937465,27180.0,golfer,4,#007cbf,,,,,,,,
golfer_group_35,38.02979206612672,-84.46749428260863,27240.0,golfer,4,#007cbf,,,,,,,,
golfer_group_35,38.02956055372769,-84.46772197584261,27300.0,golfer,4,#007cbf,,,,,,,,
golfer_group_35,38.02932904132866,-84.4679496690766,27360.0,golfer,4,#007cbf,,,,,,,,
golfer_group_35,38.02909752892963,-84.46817736231058,27420.0,golfer,4,#007cbf,,,,,,,,
golfer_group_35,38.0288660165306,-84.46840505554457,27480.0,golfer,4,#007cbf,,,,,,,,
golfer_group_35,38.02869804015225,-84.46870681462924,27540.0,golfer,4,#007cbf,,,,,,,,
golfer_group_35,38.028539024924726,-84.46901901999702,27600.0,golfer,4,#007cbf,,,,,,,,
golfer_group_35,38.0283800096972,-84.46933122536481,27660.0,golfer,4,#007cbf,,,,,,,,
golfer_group_35,38.028129065075696,-84.46949162304078,27720.0,golfer,4,#007cbf,,,,,,,,
golfer_group_35,38.02785052807789,-84.46960645602002,27780.0,golfer,1,#007cbf,,,,,,,,
golfer_group_35,38.027571991080094,-84.46972128899925,27840.0,golfer,1,#007cbf,,,,,,,,
golfer_group_35,38.02729345408229,-84.4698361219785,27900.0,golfer,4,#007cbf,,,,,,,,
golfer_group_35,38.027014917084486,-84.46995095495774,27960.0,golfer,4,#007cbf,,,,,,,,
golfer_group_35,38.02677219339408,-84.46990690842384,28020.0,golfer,4,#007cbf,,,,,,,,
golfer_group_35,38.026583670283,-84.46962241044099,28080.0,golfer,4,#007cbf,,,,,,,,
golfer_group_35,38.02639514717193,-84.46933791245814,28140.0,golfer,4,#007cbf,,,,,,,,
golfer_group_35,38.026206624060855,-84.4690534144753,28200.0,golfer,4,#007cbf,,,,,,,,
golfer_group_35,38.02601810094978,-84.46876891649245,28260.0,golfer,4,#007cbf,,,,,,,,
golfer_group_35,38.0258295778387,-84.4684844185096,28320.0,golfer,4,#007cbf,,,,,,,,
golfer_group_35,38.02564105472762,-84.46819992052676,28380.0,golfer,4,#007cbf,,,,,,,,
golfer_group_35,38.02539873776804,-84.4680332578427,28440.0,golfer,4,#007cbf,,,,,,,,
golfer_group_35,38.02511056304286,-84.46796704648648,28500.0,golfer,4,#007cbf,,,,,,,,
golfer_group_35,38.02482238831767,-84.46790083513027,28560.0,golfer,4,#007cbf,,,,,,,,
golfer_group_35,38.02466098715723,-84.46791926274804,28620.0,golfer,4,#007cbf,,,,,,,,
golfer_group_35,38.0248672597656,-84.46818316370741,28680.0,golfer,4,#007cbf,,,,,,,,
golfer_group_35,38.025073532373966,-84.46844706466678,28740.0,golfer,4,#007cbf,,,,,,,,
golfer_group_35,38.02498232223591,-84.46858500193528,28800.0,golfer,4,#007cbf,,,,,,,,
golfer_group_35,38.024692555469876,-84.46863886398934,28860.0,golfer,4,#007cbf,,,,,,,,
golfer_group_35,38.02440278870384,-84.4686927260434,28920.0,golfer,4,#007cbf,,,,,,,,
golfer_group_35,38.0241130219378,-84.46874658809746,28980.0,golfer,4,#007cbf,,,,,,,,
golfer_group_35,38.02382325517176,-84.46880045015152,29040.0,golfer,4,#007cbf,,,,,,,,
golfer_group_35,38.023533488405725,-84.46885431220558,29100.0,golfer,4,#007cbf,,,,,,,,
golfer_group_35,38.02325287292604,-84.46895459002404,29160.0,golfer,4,#007cbf,,,,,,,,
golfer_group_35,38.023120094224296,-84.46908677293466,29220.0,golfer,4,#007cbf,,,,,,,,
golfer_group_35,38.02338797984743,-84.46923698741324,29280.0,golfer,4,#007cbf,,,,,,,,
golfer_group_35,38.02365586547056,-84.46938720189182,29340.0,golfer,4,#007cbf,,,,,,,,
golfer_group_35,38.02392375109368,-84.4695374163704,29400.0,golfer,4,#007cbf,,,,,,,,
golfer_group_35,38.024191636716814,-84.46968763084898,29460.0,golfer,4,#007cbf,,,,,,,,
golfer_group_35,38.024459522339946,-84.46983784532756,29520.0,golfer,4,#007cbf,,,,,,,,
golfer_group_35,38.02472740796308,-84.46998805980614,29580.0,golfer,4,#007cbf,,,,,,,,
golfer_group_35,38.0249952935862,-84.47013827428472,29640.0,golfer,4,#007cbf,,,,,,,,
golfer_group_35,38.02526317920933,-84.4702884887633,29700.0,golfer,4,#007cbf,,,,,,,,
golfer_group_35,38.02549053793203,-84.47051685206469,29760.0,golfer,4,#007cbf,,,,,,,,
golfer_group_35,38.02570511747455,-84.47076985771169,29820.0,golfer,4,#007cbf,,,,,,,,
golfer_group_35,38.025919697017066,-84.4710228633587,29880.0,golfer,4,#007cbf,,,,,,,,
golfer_group_35,38.02613427655959,-84.4712758690057,29940.0,golfer,4,#007cbf,,,,,,,,
golfer_group_35,38.02634885610211,-84.4715288746527,30000.0,golfer,4,#007cbf,,,,,,,,
golfer_group_35,38.026563435644626,-84.4717818802997,30060.0,golfer,4,#007cbf,,,,,,,,
golfer_group_35,38.02678243981026,-84.47202860408251,30120.0,golfer,4,#007cbf,,,,,,,,
golfer_group_35,38.02668611647238,-84.47218057293104,30180.0,golfer,4,#007cbf,,,,,,,,
golfer_group_35,38.02640386024167,-84.4722796932027,30240.0,golfer,4,#007cbf,,,,,,,,
golfer_group_35,38.02612160401096,-84.47237881347434,30300.0,golfer,4,#007cbf,,,,,,,,
golfer_group_35,38.02583934778024,-84.47247793374599,30360.0,golfer,4,#007cbf,,,,,,,,
golfer_group_35,38.02555709154953,-84.47257705401765,30420.0,golfer,4,#007cbf,,,,,,,,
golfer_group_35,38.025278899056985,-84.47258808504574,30480.0,golfer,4,#007cbf,,,,,,,,
golfer_group_35,38.02505413568005,-84.47238241246707,30540.0,golfer,4,#007cbf,,,,,,,,
golfer_group_35,38.02491621232278,-84.47205445775451,30600.0,golfer,4,#007cbf,,,,,,,,
golfer_group_35,38.02477828896551,-84.47172650304194,30660.0,golfer,4,#007cbf,,,,,,,,
golfer_group_35,38.024640365608235,-84.47139854832938,30720.0,golfer,4,#007cbf,,,,,,,,
golfer_group_35,38.02450244225096,-84.4710705936168,30780.0,golfer,4,#007cbf,,,,,,,,
golfer_group_35,38.02436451889369,-84.47074263890424,30840.0,golfer,4,#007cbf,,,,,,,,
golfer_group_35,38.02422659553642,-84.47041468419167,30900.0,golfer,4,#007cbf,,,,,,,,
golfer_group_35,38.02408867217915,-84.4700867294791,30960.0,golfer,4,#007cbf,,,,,,,,
golfer_group_35,38.023830177494666,-84.46991493651929,31020.0,golfer,4,#007cbf,,,,,,,,
golfer_group_35,38.02356911857893,-84.46974646470437,31080.0,golfer,4,#007cbf,,,,,,,,
golfer_group_35,38.0233080596632,-84.46957799288944,31140.0,golfer,4,#007cbf,,,,,,,,
golfer_group_35,38.02304700074746,-84.46940952107451,31200.0,golfer,4,#007cbf,,,,,,,,
golfer_group_35,38.0227847606833,-84.46924457405959,31260.0,golfer,4,#007cbf,,,,,,,,
golfer_group_35,38.02250809559787,-84.46912267439926,31320.0,golfer,4,#007cbf,,,,,,,,
golfer_group_35,38.022527943550884,-84.46893235209967,31380.0,golfer,4,#007cbf,,,,,,,,
golfer_group_35,38.02275311404551,-84.46869465006165,31440.0,golfer,4,#007cbf,,,,,,,,
golfer_group_35,38.02297828454014,-84.46845694802364,31500.0,golfer,4,#007cbf,,,,,,,,
golfer_group_35,38.02320345503476,-84.46821924598564,31560.0,golfer,4,#007cbf,,,,,,,,
golfer_group_35,38.023428625529384,-84.46798154394763,31620.0,golfer,4,#007cbf,,,,,,,,
golfer_group_35,38.02365379602401,-84.46774384190961,31680.0,golfer,4,#007cbf,,,,,,,,
golfer_group_35,38.02387896651864,-84.4675061398716,31740.0,golfer,4,#007cbf,,,,,,,,
golfer_group_35,38.02410413701326,-84.4672684378336,31800.0,golfer,4,#007cbf,,,,,,,,
golfer_group_35,38.024329307507884,-84.46703073579559,31860.0,golfer,4,#007cbf,,,,,,,,
golfer_group_35,38.024516630016976,-84.46674714202182,31920.0,golfer,4,#007cbf,,,,,,,,
golfer_group_35,38.02469334505099,-84.4664506863893,31980.0,golfer,4,#007cbf,,,,,,,,
golfer_group_35,38.02487006008501,-84.46615423075679,32040.0,golfer,4,#007cbf,,,,,,,,
golfer_group_35,38.02504677511902,-84.46585777512426,32100.0,golfer,4,#007cbf,,,,,,,,
golfer_group_35,38.02525798622544,-84.46562593134438,32160.0,golfer,4,#007cbf,,,,,,,,
golfer_group_35,38.025540368765746,-84.46552739312297,32220.0,golfer,4,#007cbf,,,,,,,,
golfer_group_35,38.02582275130605,-84.46542885490156,32280.0,golfer,4,#007cbf,,,,,,,,
golfer_group_35,38.02610513384636,-84.46533031668015,32340.0,golfer,4,#007cbf,,,,,,,,
golfer_group_35,38.02637936666449,-84.46537020680762,32400.0,golfer,4,#007cbf,,,,,,,,
golfer_group_35,38.02664707383,-84.4655209394031,32460.0,golfer,4,#007cbf,,,,,,,,
golfer_group_35,38.026914780995504,-84.46567167199859,32520.0,golfer,4,#007cbf,,,,,,,,
golfer_group_35,38.02718248816101,-84.46582240459409,32580.0,golfer,4,#007cbf,,,,,,,,
golfer_group_35,38.027450195326516,-84.46597313718958,32640.0,golfer,4,#007cbf,,,,,,,,
golfer_group_35,38.02771790249202,-84.46612386978506,32700.0,golfer,4,#007cbf,,,,,,,,
golfer_group_35,38.027985609657534,-84.46627460238055,32760.0,golfer,4,#007cbf,,,,,,,,
golfer_group_35,38.02825331682304,-84.46642533497604,32820.0,golfer,4,#007cbf,,,,,,,,
golfer_group_35,38.02854411583699,-84.46643446747252,32880.0,golfer,4,#007cbf,,,,,,,,
golfer_group_35,38.02883696025459,-84.46643105747557,32940.0,golfer,4,#007cbf,,,,,,,,
golfer_group_35,38.02912980467218,-84.46642764747862,33000.0,golfer,4,#007cbf,,,,,,,,
golfer_group_35,38.029422649089774,-84.46642423748168,33060.0,golfer,4,#007cbf,,,,,,,,
golfer_group_35,38.029714660100595,-84.46640554510962,33120.0,golfer,4,#007cbf,,,,,,,,
golfer_group_35,38.03000508074206,-84.46635768976212,33180.0,golfer,4,#007cbf,,,,,,,,
golfer_group_35,38.03029550138352,-84.46630983441462,33240.0,golfer,4,#007cbf,,,,,,,,
golfer_group_35,38.03034421537664,-84.46623396436489,33300.0,golfer,4,#007cbf,,,,,,,,
golfer_group_35,38.0300654222068,-84.4661201350132,33360.0,golfer,4,#007cbf,,,,,,,,
golfer_group_35,38.02978662903697,-84.46600630566151,33420.0,golfer,4,#007cbf,,,,,,,,
golfer_group_35,38.02950783586713,-84.46589247630982,33480.0,golfer,4,#007cbf,,,,,,,,
golfer_group_35,38.029229042697295,-84.46577864695813,33540.0,golfer,4,#007cbf,,,,,,,,
golfer_group_35,38.02895024952746,-84.46566481760644,33600.0,golfer,4,#007cbf,,,,,,,,
golfer_group_35,38.02867145635763,-84.46555098825475,33660.0,golfer,4,#007cbf,,,,,,,,
golfer_group_35,38.02839266318779,-84.46543715890306,33720.0,golfer,4,#007cbf,,,,,,,,
golfer_group_35,38.02811294382565,-84.46532834232956,33780.0,golfer,4,#007cbf,,,,,,,,
golfer_group_35,38.02782336017175,-84.46527291370359,33840.0,golfer,4,#007cbf,,,,,,,,
golfer_group_35,38.02753377651786,-84.46521748507763,33900.0,golfer,4,#007cbf,,,,,,,,
golfer_group_35,38.027244192863975,-84.46516205645167,33960.0,golfer,4,#007cbf,,,,,,,,
golfer_group_35,38.02695460921009,-84.46510662782572,34020.0,golfer,4,#007cbf,,,,,,,,
golfer_group_35,38.02666502555619,-84.46505119919976,34080.0,golfer,4,#007cbf,,,,,,,,
golfer_group_35,38.02637326063661,-84.4650346343973,34140.0,golfer,4,#007cbf,,,,,,,,
golfer_group_35,38.02608041188864,-84.46503738027086,34200.0,golfer,4,#007cbf,,,,,,,,
golfer_group_35,38.025787563140675,-84.46504012614442,34260.0,golfer,2,#007cbf,,,,,,,,
golfer_group_35,38.025494714392714,-84.46504287201797,34320.0,golfer,4,#007cbf,,,,,,,,
golfer_group_35,38.02556401049359,-84.4653626218534,34380.0,golfer,4,#007cbf,,,,,,,,
golfer_group_35,38.025666096931715,-84.46571107475296,34440.0,golfer,4,#007cbf,,,,,,,,
golfer_group_35,38.02576818336984,-84.46605952765252,34500.0,golfer,4,#007cbf,,,,,,,,
golfer_group_35,38.02587026980797,-84.46640798055208,34560.0,golfer,4,#007cbf,,,,,,,,
golfer_group_35,38.02597235624609,-84.46675643345164,34620.0,golfer,4,#007cbf,,,,,,,,
golfer_group_35,38.02607444268422,-84.46710488635118,34680.0,golfer,4,#007cbf,,,,,,,,
golfer_group_35,38.026176529122345,-84.46745333925074,34740.0,golfer,4,#007cbf,,,,,,,,
golfer_group_35,38.02627861556047,-84.4678017921503,34800.0,golfer,4,#007cbf,,,,,,,,
golfer_group_35,38.026391551516966,-84.46814347235242,34860.0,golfer,4,#007cbf,,,,,,,,
golfer_group_35,38.0265466275618,-84.46845884704874,34920.0,golfer,4,#007cbf,,,,,,,,
golfer_group_35,38.02670170360664,-84.46877422174504,34980.0,golfer,4,#007cbf,,,,,,,,
golfer_group_35,38.02685677965148,-84.46908959644135,35040.0,golfer,4,#007cbf,,,,,,,,
golfer_group_35,38.027011855696315,-84.46940497113766,35100.0,golfer,4,#007cbf,,,,,,,,
golfer_group_35,38.027202562026105,-84.46967624119414,35160.0,golfer,4,#007cbf,,,,,,,,
golfer_group_35,38.027447,-84.469881,35220.0,golfer,1,#007cbf,,,,,,,,
golfer_group_36,38.027447,-84.469881,21420.0,golfer,1,#007cbf,,,,,,,,
golfer_group_36,38.02754627606764,-84.46962578282717,21480.0,golfer,1,#007cbf,,,,,,,,
golfer_group_36,38.02744283462056,-84.4692779685763,21540.0,golfer,1,#007cbf,,,,,,,,
golfer_group_36,38.02733939317348,-84.46893015432545,21600.0,golfer,1,#007cbf,,,,,,,,
golfer_group_36,38.0272359517264,-84.46858234007459,21660.0,golfer,1,#007cbf,,,,,,,,
golfer_group_36,38.027132510279316,-84.46823452582373,21720.0,golfer,1,#007cbf,,,,,,,,
golfer_group_36,38.027029068832235,-84.46788671157287,21780.0,golfer,1,#007cbf,,,,,,,,
golfer_group_36,38.026925627385154,-84.46753889732202,21840.0,golfer,1,#007cbf,,,,,,,,
golfer_group_36,38.02682218593807,-84.46719108307117,21900.0,golfer,1,#007cbf,,,,,,,,
golfer_group_36,38.026707885382585,-84.46684997010087,21960.0,golfer,1,#007cbf,,,,,,,,
golfer_group_36,38.0265563489919,-84.46653183579225,22020.0,golfer,1,#007cbf,,,,,,,,
golfer_group_36,38.02640481260122,-84.46621370148365,22080.0,golfer,1,#007cbf,,,,,,,,
golfer_group_36,38.02625327621054,-84.46589556717504,22140.0,golfer,1,#007cbf,,,,,,,,
golfer_group_36,38.026097865476636,-84.4655806681031,22200.0,golfer,1,#007cbf,,,,,,,,
golfer_group_36,38.02592778516153,-84.46527801873756,22260.0,golfer,4,#007cbf,,,,,,,,
golfer_group_36,38.02575770484643,-84.46497536937204,22320.0,golfer,2,#007cbf,,,,,,,,
golfer_group_36,38.02580429978306,-84.46478189846547,22380.0,golfer,2,#007cbf,,,,,,,,
golfer_group_36,38.02609158193444,-84.46470970518055,22440.0,golfer,2,#007cbf,,,,,,,,
golfer_group_36,38.02637886408582,-84.46463751189565,22500.0,golfer,2,#007cbf,,,,,,,,
golfer_group_36,38.0266661462372,-84.46456531861072,22560.0,golfer,2,#007cbf,,,,,,,,
golfer_group_36,38.02695342838857,-84.4644931253258,22620.0,golfer,2,#007cbf,,,,,,,,
golfer_group_36,38.02723262500985,-84.46440936561527,22680.0,golfer,2,#007cbf,,,,,,,,
golfer_group_36,38.02732323296244,-84.46405582806928,22740.0,golfer,2,#007cbf,,,,,,,,
golfer_group_36,38.027413840915024,-84.46370229052329,22800.0,golfer,3,#007cbf,,,,,,,,
golfer_group_36,38.02755613921936,-84.46339199540722,22860.0,golfer,3,#007cbf,,,,,,,,
golfer_group_36,38.02777631020529,-84.46314684598785,22920.0,golfer,3,#007cbf,,,,,,,,
golfer_group_36,38.027996481191224,-84.4629016965685,22980.0,golfer,3,#007cbf,,,,,,,,
golfer_group_36,38.028216652177164,-84.46265654714912,23040.0,golfer,3,#007cbf,,,,,,,,
golfer_group_36,38.0284368231631,-84.46241139772975,23100.0,golfer,3,#007cbf,,,,,,,,
golfer_group_36,38.02865699414903,-84.4621662483104,23160.0,golfer,3,#007cbf,,,,,,,,
golfer_group_36,38.02887716513497,-84.46192109889103,23220.0,golfer,3,#007cbf,,,,,,,,
golfer_group_36,38.029097336120905,-84.46167594947165,23280.0,golfer,3,#007cbf,,,,,,,,
golfer_group_36,38.02932048603734,-84.46143527844885,23340.0,golfer,3,#007cbf,,,,,,,,
golfer_group_36,38.02954781666501,-84.4612008925283,23400.0,golfer,3,#007cbf,,,,,,,,
golfer_group_36,38.029775147292675,-84.46096650660775,23460.0,golfer,3,#007cbf,,,,,,,,
golfer_group_36,38.03000247792034,-84.46073212068718,23520.0,golfer,3,#007cbf,,,,,,,,
golfer_group_36,38.03022980854801,-84.46049773476663,23580.0,golfer,3,#007cbf,,,,,,,,
golfer_group_36,38.03028198771919,-84.46029007968264,23640.0,golfer,3,#007cbf,,,,,,,,
golfer_group_36,38.030017377451664,-84.46013077159431,23700.0,golfer,4,#007cbf,,,,,,,,
golfer_group_36,38.02974997117584,-84.46003134117494,23760.0,golfer,4,#007cbf,,,,,,,,
golfer_group_36,38.029472388508275,-84.46014984237516,23820.0,golfer,4,#007cbf,,,,,,,,
golfer_group_36,38.02919480584071,-84.46026834357538,23880.0,golfer,4,#007cbf,,,,,,,,
golfer_group_36,38.02891722317315,-84.46038684477558,23940.0,golfer,4,#007cbf,,,,,,,,
golfer_group_36,38.02863964050559,-84.4605053459758,24000.0,golfer,4,#007cbf,,,,,,,,
golfer_group_36,38.02846819932939,-84.46074999771898,24060.0,golfer,4,#007cbf,,,,,,,,
golfer_group_36,38.028356651102726,-84.46108459413088,24120.0,golfer,4,#007cbf,,,,,,,,
golfer_group_36,38.028163251425084,-84.46136377382878,24180.0,golfer,4,#007cbf,,,,,,,,
golfer_group_36,38.02796985174745,-84.46164295352668,24240.0,golfer,4,#007cbf,,,,,,,,
golfer_group_36,38.02777645206981,-84.46192213322458,24300.0,golfer,4,#007cbf,,,,,,,,
golfer_group_36,38.027583052392174,-84.46220131292247,24360.0,golfer,4,#007cbf,,,,,,,,
golfer_group_36,38.02739313138997,-84.4624841808364,24420.0,golfer,4,#007cbf,,,,,,,,
golfer_group_36,38.02721114487077,-84.46277546117278,24480.0,golfer,4,#007cbf,,,,,,,,
golfer_group_36,38.02702915835156,-84.46306674150915,24540.0,golfer,4,#007cbf,,,,,,,,
golfer_group_36,38.02684717183235,-84.46335802184554,24600.0,golfer,4,#007cbf,,,,,,,,
golfer_group_36,38.027030664719845,-84.46345337202217,24660.0,golfer,4,#007cbf,,,,,,,,
golfer_group_36,38.02732202605173,-84.46349089491457,24720.0,golfer,3,#007cbf,,,,,,,,
golfer_group_36,38.02761338738361,-84.46352841780696,24780.0,golfer,3,#007cbf,,,,,,,,
golfer_group_36,38.02787761975422,-84.46365295047241,24840.0,golfer,4,#007cbf,,,,,,,,
golfer_group_36,38.02811027773896,-84.46387875056652,24900.0,golfer,4,#007cbf,,,,,,,,
golfer_group_36,38.02834293572369,-84.46410455066062,24960.0,golfer,4,#007cbf,,,,,,,,
golfer_group_36,38.028575593708425,-84.46433035075472,25020.0,golfer,4,#007cbf,,,,,,,,
golfer_group_36,38.028808251693164,-84.46455615084882,25080.0,golfer,4,#007cbf,,,,,,,,
golfer_group_36,38.029040909677896,-84.46478195094294,25140.0,golfer,4,#007cbf,,,,,,,,
golfer_group_36,38.02927356766263,-84.46500775103704,25200.0,golfer,4,#007cbf,,,,,,,,
golfer_group_36,38.02950622564737,-84.46523355113113,25260.0,golfer,4,#007cbf,,,,,,,,
golfer_group_36,38.02975350361947,-84.4654282954189,25320.0,golfer,4,#007cbf,,,,,,,,
golfer_group_36,38.030020352724144,-84.46558146666777,25380.0,golfer,4,#007cbf,,,,,,,,
golfer_group_36,38.03028720182882,-84.46573463791665,25440.0,golfer,4,#007cbf,,,,,,,,
golfer_group_36,38.030554050933496,-84.46588780916554,25500.0,golfer,4,#007cbf,,,,,,,,
golfer_group_36,38.0308144451061,-84.46601508231271,25560.0,golfer,4,#007cbf,,,,,,,,
golfer_group_36,38.03096331555731,-84.46569490649415,25620.0,golfer,4,#007cbf,,,,,,,,
golfer_group_36,38.03100160851583,-84.46532942233877,25680.0,golfer,4,#007cbf,,,,,,,,
golfer_group_36,38.03102825601745,-84.4649591665407,25740.0,golfer,4,#007cbf,,,,,,,,
golfer_group_36,38.03105490351906,-84.46458891074262,25800.0,golfer,4,#007cbf,,,,,,,,
golfer_group_36,38.031081551020684,-84.46421865494455,25860.0,golfer,4,#007cbf,,,,,,,,
golfer_group_36,38.031108198522304,-84.46384839914647,25920.0,golfer,4,#007cbf,,,,,,,,
golfer_group_36,38.03113484602392,-84.4634781433484,25980.0,golfer,4,#007cbf,,,,,,,,
golfer_group_36,38.03116149352554,-84.46310788755032,26040.0,golfer,4,#007cbf,,,,,,,,
golfer_group_36,38.031127268705696,-84.46274982308951,26100.0,golfer,4,#007cbf,,,,,,,,
golfer_group_36,38.031012137391194,-84.4624079623538,26160.0,golfer,4,#007cbf,,,,,,,,
golfer_group_36,38.03089700607669,-84.46206610161808,26220.0,golfer,4,#007cbf,,,,,,,,
golfer_group_36,38.0307818747622,-84.46172424088235,26280.0,golfer,4,#007cbf,,,,,,,,
golfer_group_36,38.030666743447696,-84.46138238014663,26340.0,golfer,4,#007cbf,,,,,,,,
golfer_group_36,38.030551612133195,-84.46104051941091,26400.0,golfer,4,#007cbf,,,,,,,,
golfer_group_36,38.03081531898336,-84.46091137688049,26460.0,golfer,4,#007cbf,,,,,,,,
golfer_group_36,38.0310279411826,-84.46098091912485,26520.0,golfer,4,#007cbf,,,,,,,,
golfer_group_36,38.03115090321037,-84.46131835889211,26580.0,golfer,4,#007cbf,,,,,,,,
golfer_group_36,38.031273865238134,-84.46165579865938,26640.0,golfer,4,#007cbf,,,,,,,,
golfer_group_36,38.03139682726591,-84.46199323842663,26700.0,golfer,4,#007cbf,,,,,,,,
golfer_group_36,38.031519789293675,-84.4623306781939,26760.0,golfer,4,#007cbf,,,,,,,,
golfer_group_36,38.03164275132144,-84.46266811796116,26820.0,golfer,4,#007cbf,,,,,,,,
golfer_group_36,38.03176571334921,-84.46300555772842,26880.0,golfer,4,#007cbf,,,,,,,,
golfer_group_36,38.031888675376976,-84.46334299749569,26940.0,golfer,4,#007cbf,,,,,,,,
golfer_group_36,38.031909837946635,-84.46368872876327,27000.0,golfer,4,#007cbf,,,,,,,,
golfer_group_36,38.03182184589159,-84.46404335060477,27060.0,golfer,4,#007cbf,,,,,,,,
golfer_group_36,38.03173385383655,-84.46439797244628,27120.0,golfer,4,#007cbf,,,,,,,,
golfer_group_36,38.031645861781506,-84.46475259428779,27180.0,golfer,4,#007cbf,,,,,,,,
golfer_group_36,38.03155786972646,-84.46510721612928,27240.0,golfer,4,#007cbf,,,,,,,,
golfer_group_36,38.03146987767142,-84.46546183797079,27300.0,golfer,4,#007cbf,,,,,,,,
golfer_group_36,38.03131864912918,-84.46576966145622,27360.0,golfer,4,#007cbf,,,,,,,,
golfer_group_36,38.0311189562348,-84.46604161874937,27420.0,golfer,4,#007cbf,,,,,,,,
golfer_group_36,38.030919263340415,-84.46631357604252,27480.0,golfer,4,#007cbf,,,,,,,,
golfer_group_36,38.030718115722834,-84.46658350967269,27540.0,golfer,4,#007cbf,,,,,,,,
golfer_group_36,38.0304866033238,-84.46681120290668,27600.0,golfer,4,#007cbf,,,,,,,,
golfer_group_36,38.030255090924776,-84.46703889614066,27660.0,golfer,4,#007cbf,,,,,,,,
golfer_group_36,38.03002357852575,-84.46726658937465,27720.0,golfer,4,#007cbf,,,,,,,,
golfer_group_36,38.02979206612672,-84.46749428260863,27780.0,golfer,4,#007cbf,,,,,,,,
golfer_group_36,38.02956055372769,-84.46772197584261,27840.0,golfer,4,#007cbf,,,,,,,,
golfer_group_36,38.02932904132866,-84.4679496690766,27900.0,golfer,4,#007cbf,,,,,,,,
golfer_group_36,38.02909752892963,-84.46817736231058,27960.0,golfer,4,#007cbf,,,,,,,,
golfer_group_36,38.0288660165306,-84.46840505554457,28020.0,golfer,4,#007cbf,,,,,,,,
golfer_group_36,38.02869804015225,-84.46870681462924,28080.0,golfer,4,#007cbf,,,,,,,,
golfer_group_36,38.028539024924726,-84.46901901999702,28140.0,golfer,4,#007cbf,,,,,,,,
golfer_group_36,38.0283800096972,-84.46933122536481,28200.0,golfer,4,#007cbf,,,,,,,,
golfer_group_36,38.028129065075696,-84.46949162304078,28260.0,golfer,4,#007cbf,,,,,,,,
golfer_group_36,38.02785052807789,-84.46960645602002,28320.0,golfer,1,#007cbf,,,,,,,,
golfer_group_36,38.027571991080094,-84.46972128899925,28380.0,golfer,1,#007cbf,,,,,,,,
golfer_group_36,38.02729345408229,-84.4698361219785,28440.0,golfer,4,#007cbf,,,,,,,,
golfer_group_36,38.027014917084486,-84.46995095495774,28500.0,golfer,4,#007cbf,,,,,,,,
golfer_group_36,38.02677219339408,-84.46990690842384,28560.0,golfer,4,#007cbf,,,,,,,,
golfer_group_36,38.026583670283,-84.46962241044099,28620.0,golfer,4,#007cbf,,,,,,,,
golfer_group_36,38.02639514717193,-84.46933791245814,28680.0,golfer,4,#007cbf,,,,,,,,
golfer_group_36,38.026206624060855,-84.4690534144753,28740.0,golfer,4,#007cbf,,,,,,,,
golfer_group_36,38.02601810094978,-84.46876891649245,28800.0,golfer,4,#007cbf,,,,,,,,
golfer_group_36,38.0258295778387,-84.4684844185096,28860.0,golfer,4,#007cbf,,,,,,,,
golfer_group_36,38.02564105472762,-84.46819992052676,28920.0,golfer,4,#007cbf,,,,,,,,
golfer_group_36,38.02539873776804,-84.4680332578427,28980.0,golfer,4,#007cbf,,,,,,,,
golfer_group_36,38.02511056304286,-84.46796704648648,29040.0,golfer,4,#007cbf,,,,,,,,
golfer_group_36,38.02482238831767,-84.46790083513027,29100.0,golfer,4,#007cbf,,,,,,,,
golfer_group_36,38.02466098715723,-84.46791926274804,29160.0,golfer,4,#007cbf,,,,,,,,
golfer_group_36,38.0248672597656,-84.46818316370741,29220.0,golfer,4,#007cbf,,,,,,,,
golfer_group_36,38.025073532373966,-84.46844706466678,29280.0,golfer,4,#007cbf,,,,,,,,
golfer_group_36,38.02498232223591,-84.46858500193528,29340.0,golfer,4,#007cbf,,,,,,,,
golfer_group_36,38.024692555469876,-84.46863886398934,29400.0,golfer,4,#007cbf,,,,,,,,
golfer_group_36,38.02440278870384,-84.4686927260434,29460.0,golfer,4,#007cbf,,,,,,,,
golfer_group_36,38.0241130219378,-84.46874658809746,29520.0,golfer,4,#007cbf,,,,,,,,
golfer_group_36,38.02382325517176,-84.46880045015152,29580.0,golfer,4,#007cbf,,,,,,,,
golfer_group_36,38.023533488405725,-84.46885431220558,29640.0,golfer,4,#007cbf,,,,,,,,
golfer_group_36,38.02325287292604,-84.46895459002404,29700.0,golfer,4,#007cbf,,,,,,,,
golfer_group_36,38.023120094224296,-84.46908677293466,29760.0,golfer,4,#007cbf,,,,,,,,
golfer_group_36,38.02338797984743,-84.46923698741324,29820.0,golfer,4,#007cbf,,,,,,,,
golfer_group_36,38.02365586547056,-84.46938720189182,29880.0,golfer,4,#007cbf,,,,,,,,
golfer_group_36,38.02392375109368,-84.4695374163704,29940.0,golfer,4,#007cbf,,,,,,,,
golfer_group_36,38.024191636716814,-84.46968763084898,30000.0,golfer,4,#007cbf,,,,,,,,
golfer_group_36,38.024459522339946,-84.46983784532756,30060.0,golfer,4,#007cbf,,,,,,,,
golfer_group_36,38.02472740796308,-84.46998805980614,30120.0,golfer,4,#007cbf,,,,,,,,
golfer_group_36,38.0249952935862,-84.47013827428472,30180.0,golfer,4,#007cbf,,,,,,,,
golfer_group_36,38.02526317920933,-84.4702884887633,30240.0,golfer,4,#007cbf,,,,,,,,
golfer_group_36,38.02549053793203,-84.47051685206469,30300.0,golfer,4,#007cbf,,,,,,,,
golfer_group_36,38.02570511747455,-84.47076985771169,30360.0,golfer,4,#007cbf,,,,,,,,
golfer_group_36,38.025919697017066,-84.4710228633587,30420.0,golfer,4,#007cbf,,,,,,,,
golfer_group_36,38.02613427655959,-84.4712758690057,30480.0,golfer,4,#007cbf,,,,,,,,
golfer_group_36,38.02634885610211,-84.4715288746527,30540.0,golfer,4,#ffe6cc,,,,,,,,
golfer_group_36,38.026563435644626,-84.4717818802997,30600.0,golfer,4,#ffe6cc,,,,,,,,
golfer_group_36,38.02678243981026,-84.47202860408251,30660.0,golfer,4,#ffe6cc,,,,,,,,
golfer_group_36,38.02668611647238,-84.47218057293104,30720.0,golfer,4,#ffe6cc,,,,,,,,
golfer_group_36,38.02640386024167,-84.4722796932027,30780.0,golfer,4,#ffe6cc,,,,,,,,
golfer_group_36,38.02612160401096,-84.47237881347434,30840.0,golfer,4,#ffe6cc,,,,,,,,
golfer_group_36,38.02583934778024,-84.47247793374599,30900.0,golfer,4,#ffe6cc,,,,,,,,
golfer_group_36,38.02555709154953,-84.47257705401765,30960.0,golfer,4,#ffe6cc,,,,,,,,
golfer_group_36,38.025278899056985,-84.47258808504574,31020.0,golfer,4,#ffe6cc,,,,,,,,
golfer_group_36,38.02505413568005,-84.47238241246707,31080.0,golfer,4,#ffe6cc,,,,,,,,
golfer_group_36,38.02491621232278,-84.47205445775451,31140.0,golfer,4,#ffcc99,,,,,,,,
golfer_group_36,38.02477828896551,-84.47172650304194,31200.0,golfer,4,#ffcc99,,,,,,,,
golfer_group_36,38.024640365608235,-84.47139854832938,31260.0,golfer,4,#ffcc99,,,,,,,,
golfer_group_36,38.02450244225096,-84.4710705936168,31320.0,golfer,4,#ffcc99,,,,,,,,
golfer_group_36,38.02436451889369,-84.47074263890424,31380.0,golfer,4,#ffcc99,,,,,,,,
golfer_group_36,38.02422659553642,-84.47041468419167,31440.0,golfer,4,#00b894,,,,,,,,
golfer_group_36,38.02408867217915,-84.4700867294791,31500.0,golfer,4,#00b894,,,,,,,,
golfer_group_36,38.023830177494666,-84.46991493651929,31560.0,golfer,4,#00b894,,,,,,,,
golfer_group_36,38.02356911857893,-84.46974646470437,31620.0,golfer,4,#00b894,,,,,,,,
golfer_group_36,38.0233080596632,-84.46957799288944,31680.0,golfer,4,#00b894,,,,,,,,
golfer_group_36,38.02304700074746,-84.46940952107451,31740.0,golfer,4,#00b894,,,,,,,,
golfer_group_36,38.0227847606833,-84.46924457405959,31800.0,golfer,4,#00b894,,,,,,,,
golfer_group_36,38.02250809559787,-84.46912267439926,31860.0,golfer,4,#00b894,,,,,,,,
golfer_group_36,38.022527943550884,-84.46893235209967,31920.0,golfer,4,#00b894,,,,,,,,
golfer_group_36,38.02275311404551,-84.46869465006165,31980.0,golfer,4,#00b894,,,,,,,,
golfer_group_36,38.02297828454014,-84.46845694802364,32040.0,golfer,4,#00b894,,,,,,,,
golfer_group_36,38.02320345503476,-84.46821924598564,32100.0,golfer,4,#00b894,,,,,,,,
golfer_group_36,38.023428625529384,-84.46798154394763,32160.0,golfer,4,#00b894,,,,,,,,
golfer_group_36,38.02365379602401,-84.46774384190961,32220.0,golfer,4,#00b894,,,,,,,,
golfer_group_36,38.02387896651864,-84.4675061398716,32280.0,golfer,4,#00b894,,,,,,,,
golfer_group_36,38.02410413701326,-84.4672684378336,32340.0,golfer,4,#00b894,,,,,,,,
golfer_group_36,38.024329307507884,-84.46703073579559,32400.0,golfer,4,#00b894,,,,,,,,
golfer_group_36,38.024516630016976,-84.46674714202182,32460.0,golfer,4,#00b894,,,,,,,,
golfer_group_36,38.02469334505099,-84.4664506863893,32520.0,golfer,4,#00b894,,,,,,,,
golfer_group_36,38.02487006008501,-84.46615423075679,32580.0,golfer,4,#00b894,,,,,,,,
golfer_group_36,38.02504677511902,-84.46585777512426,32640.0,golfer,4,#00b894,,,,,,,,
golfer_group_36,38.02525798622544,-84.46562593134438,32700.0,golfer,4,#00b894,,,,,,,,
golfer_group_36,38.025540368765746,-84.46552739312297,32760.0,golfer,4,#00b894,,,,,,,,
golfer_group_36,38.02582275130605,-84.46542885490156,32820.0,golfer,4,#00b894,,,,,,,,
golfer_group_36,38.02610513384636,-84.46533031668015,32880.0,golfer,4,#00b894,,,,,,,,
golfer_group_36,38.02637936666449,-84.46537020680762,32940.0,golfer,4,#00b894,,,,,,,,
golfer_group_36,38.02664707383,-84.4655209394031,33000.0,golfer,4,#00b894,,,,,,,,
golfer_group_36,38.026914780995504,-84.46567167199859,33060.0,golfer,4,#00b894,,,,,,,,
golfer_group_36,38.02718248816101,-84.46582240459409,33120.0,golfer,4,#00b894,,,,,,,,
golfer_group_36,38.027450195326516,-84.46597313718958,33180.0,golfer,4,#00b894,,,,,,,,
golfer_group_36,38.02771790249202,-84.46612386978506,33240.0,golfer,4,#00b894,,,,,,,,
golfer_group_36,38.027985609657534,-84.46627460238055,33300.0,golfer,4,#00b894,,,,,,,,
golfer_group_36,38.02825331682304,-84.46642533497604,33360.0,golfer,4,#00b894,,,,,,,,
golfer_group_36,38.02854411583699,-84.46643446747252,33420.0,golfer,4,#00b894,,,,,,,,
golfer_group_36,38.02883696025459,-84.46643105747557,33480.0,golfer,4,#00b894,,,,,,,,
golfer_group_36,38.02912980467218,-84.46642764747862,33540.0,golfer,4,#00b894,,,,,,,,
golfer_group_36,38.029422649089774,-84.46642423748168,33600.0,golfer,4,#00b894,,,,,,,,
golfer_group_36,38.029714660100595,-84.46640554510962,33660.0,golfer,4,#00b894,,,,,,,,
golfer_group_36,38.03000508074206,-84.46635768976212,33720.0,golfer,4,#00b894,,,,,,,,
golfer_group_36,38.03029550138352,-84.46630983441462,33780.0,golfer,4,#00b894,,,,,,,,
golfer_group_36,38.03034421537664,-84.46623396436489,33840.0,golfer,4,#00b894,,,,,,,,
golfer_group_36,38.0300654222068,-84.4661201350132,33900.0,golfer,4,#00b894,,,,,,,,
golfer_group_36,38.02978662903697,-84.46600630566151,33960.0,golfer,4,#00b894,,,,,,,,
golfer_group_36,38.02950783586713,-84.46589247630982,34020.0,golfer,4,#00b894,,,,,,,,
golfer_group_36,38.029229042697295,-84.46577864695813,34080.0,golfer,4,#00b894,,,,,,,,
golfer_group_36,38.02895024952746,-84.46566481760644,34140.0,golfer,4,#00b894,,,,,,,,
golfer_group_36,38.02867145635763,-84.46555098825475,34200.0,golfer,4,#00b894,,,,,,,,
golfer_group_36,38.02839266318779,-84.46543715890306,34260.0,golfer,4,#00b894,,,,,,,,
golfer_group_36,38.02811294382565,-84.46532834232956,34320.0,golfer,4,#00b894,,,,,,,,
golfer_group_36,38.02782336017175,-84.46527291370359,34380.0,golfer,4,#00b894,,,,,,,,
golfer_group_36,38.02753377651786,-84.46521748507763,34440.0,golfer,4,#00b894,,,,,,,,
golfer_group_36,38.027244192863975,-84.46516205645167,34500.0,golfer,4,#00b894,,,,,,,,
golfer_group_36,38.02695460921009,-84.46510662782572,34560.0,golfer,4,#00b894,,,,,,,,
golfer_group_36,38.02666502555619,-84.46505119919976,34620.0,golfer,4,#00b894,,,,,,,,
golfer_group_36,38.02637326063661,-84.4650346343973,34680.0,golfer,4,#00b894,,,,,,,,
golfer_group_36,38.02608041188864,-84.46503738027086,34740.0,golfer,4,#00b894,,,,,,,,
golfer_group_36,38.025787563140675,-84.46504012614442,34800.0,golfer,2,#00b894,,,,,,,,
golfer_group_36,38.025494714392714,-84.46504287201797,34860.0,golfer,4,#00b894,,,,,,,,
golfer_group_36,38.02556401049359,-84.4653626218534,34920.0,golfer,4,#00b894,,,,,,,,
golfer_group_36,38.025666096931715,-84.46571107475296,34980.0,golfer,4,#00b894,,,,,,,,
golfer_group_36,38.02576818336984,-84.46605952765252,35040.0,golfer,4,#00b894,,,,,,,,
golfer_group_36,38.02587026980797,-84.46640798055208,35100.0,golfer,4,#00b894,,,,,,,,
golfer_group_36,38.02597235624609,-84.46675643345164,35160.0,golfer,4,#00b894,,,,,,,,
golfer_group_36,38.02607444268422,-84.46710488635118,35220.0,golfer,4,#00b894,,,,,,,,
golfer_group_36,38.026176529122345,-84.46745333925074,35280.0,golfer,4,#00b894,,,,,,,,
golfer_group_36,38.02627861556047,-84.4678017921503,35340.0,golfer,4,#00b894,,,,,,,,
golfer_group_36,38.026391551516966,-84.46814347235242,35400.0,golfer,4,#00b894,,,,,,,,
golfer_group_36,38.0265466275618,-84.46845884704874,35460.0,golfer,4,#00b894,,,,,,,,
golfer_group_36,38.02670170360664,-84.46877422174504,35520.0,golfer,4,#00b894,,,,,,,,
golfer_group_36,38.02685677965148,-84.46908959644135,35580.0,golfer,4,#00b894,,,,,,,,
golfer_group_36,38.027011855696315,-84.46940497113766,35640.0,golfer,4,#00b894,,,,,,,,
golfer_group_36,38.027202562026105,-84.46967624119414,35700.0,golfer,4,#00b894,,,,,,,,
golfer_group_36,38.027447,-84.469881,35760.0,golfer,1,#00b894,,,,,,,,
golfer_group_37,38.027447,-84.469881,21960.0,golfer,1,#007cbf,,,,,,,,
golfer_group_37,38.02754627606764,-84.46962578282717,22020.0,golfer,1,#007cbf,,,,,,,,
golfer_group_37,38.02744283462056,-84.4692779685763,22080.0,golfer,1,#007cbf,,,,,,,,
golfer_group_37,38.02733939317348,-84.46893015432545,22140.0,golfer,1,#007cbf,,,,,,,,
golfer_group_37,38.0272359517264,-84.46858234007459,22200.0,golfer,1,#007cbf,,,,,,,,
golfer_group_37,38.027132510279316,-84.46823452582373,22260.0,golfer,1,#007cbf,,,,,,,,
golfer_group_37,38.027029068832235,-84.46788671157287,22320.0,golfer,1,#007cbf,,,,,,,,
golfer_group_37,38.026925627385154,-84.46753889732202,22380.0,golfer,1,#007cbf,,,,,,,,
golfer_group_37,38.02682218593807,-84.46719108307117,22440.0,golfer,1,#007cbf,,,,,,,,
golfer_group_37,38.026707885382585,-84.46684997010087,22500.0,golfer,1,#007cbf,,,,,,,,
golfer_group_37,38.0265563489919,-84.46653183579225,22560.0,golfer,1,#007cbf,,,,,,,,
golfer_group_37,38.02640481260122,-84.46621370148365,22620.0,golfer,1,#007cbf,,,,,,,,
golfer_group_37,38.02625327621054,-84.46589556717504,22680.0,golfer,1,#007cbf,,,,,,,,
golfer_group_37,38.026097865476636,-84.4655806681031,22740.0,golfer,1,#007cbf,,,,,,,,
golfer_group_37,38.02592778516153,-84.46527801873756,22800.0,golfer,4,#007cbf,,,,,,,,
golfer_group_37,38.02575770484643,-84.46497536937204,22860.0,golfer,2,#007cbf,,,,,,,,
golfer_group_37,38.02580429978306,-84.46478189846547,22920.0,golfer,2,#007cbf,,,,,,,,
golfer_group_37,38.02609158193444,-84.46470970518055,22980.0,golfer,2,#007cbf,,,,,,,,
golfer_group_37,38.02637886408582,-84.46463751189565,23040.0,golfer,2,#007cbf,,,,,,,,
golfer_group_37,38.0266661462372,-84.46456531861072,23100.0,golfer,2,#007cbf,,,,,,,,
golfer_group_37,38.02695342838857,-84.4644931253258,23160.0,golfer,2,#007cbf,,,,,,,,
golfer_group_37,38.02723262500985,-84.46440936561527,23220.0,golfer,2,#007cbf,,,,,,,,
golfer_group_37,38.02732323296244,-84.46405582806928,23280.0,golfer,2,#007cbf,,,,,,,,
golfer_group_37,38.027413840915024,-84.46370229052329,23340.0,golfer,3,#007cbf,,,,,,,,
golfer_group_37,38.02755613921936,-84.46339199540722,23400.0,golfer,3,#007cbf,,,,,,,,
golfer_group_37,38.02777631020529,-84.46314684598785,23460.0,golfer,3,#007cbf,,,,,,,,
golfer_group_37,38.027996481191224,-84.4629016965685,23520.0,golfer,3,#007cbf,,,,,,,,
golfer_group_37,38.028216652177164,-84.46265654714912,23580.0,golfer,3,#007cbf,,,,,,,,
golfer_group_37,38.0284368231631,-84.46241139772975,23640.0,golfer,3,#007cbf,,,,,,,,
golfer_group_37,38.02865699414903,-84.4621662483104,23700.0,golfer,3,#007cbf,,,,,,,,
golfer_group_37,38.02887716513497,-84.46192109889103,23760.0,golfer,3,#007cbf,,,,,,,,
golfer_group_37,38.029097336120905,-84.46167594947165,23820.0,golfer,3,#007cbf,,,,,,,,
golfer_group_37,38.02932048603734,-84.46143527844885,23880.0,golfer,3,#007cbf,,,,,,,,
golfer_group_37,38.02954781666501,-84.4612008925283,23940.0,golfer,3,#007cbf,,,,,,,,
golfer_group_37,38.029775147292675,-84.46096650660775,24000.0,golfer,3,#007cbf,,,,,,,,
golfer_group_37,38.03000247792034,-84.46073212068718,24060.0,golfer,3,#007cbf,,,,,,,,
golfer_group_37,38.03022980854801,-84.46049773476663,24120.0,golfer,3,#007cbf,,,,,,,,
golfer_group_37,38.03028198771919,-84.46029007968264,24180.0,golfer,3,#007cbf,,,,,,,,
golfer_group_37,38.030017377451664,-84.46013077159431,24240.0,golfer,4,#007cbf,,,,,,,,
golfer_group_37,38.02974997117584,-84.46003134117494,24300.0,golfer,4,#007cbf,,,,,,,,
golfer_group_37,38.029472388508275,-84.46014984237516,24360.0,golfer,4,#007cbf,,,,,,,,
golfer_group_37,38.02919480584071,-84.46026834357538,24420.0,golfer,4,#007cbf,,,,,,,,
golfer_group_37,38.02891722317315,-84.46038684477558,24480.0,golfer,4,#007cbf,,,,,,,,
golfer_group_37,38.02863964050559,-84.4605053459758,24540.0,golfer,4,#007cbf,,,,,,,,
golfer_group_37,38.02846819932939,-84.46074999771898,24600.0,golfer,4,#007cbf,,,,,,,,
golfer_group_37,38.028356651102726,-84.46108459413088,24660.0,golfer,4,#007cbf,,,,,,,,
golfer_group_37,38.028163251425084,-84.46136377382878,24720.0,golfer,4,#007cbf,,,,,,,,
golfer_group_37,38.02796985174745,-84.46164295352668,24780.0,golfer,4,#007cbf,,,,,,,,
golfer_group_37,38.02777645206981,-84.46192213322458,24840.0,golfer,4,#007cbf,,,,,,,,
golfer_group_37,38.027583052392174,-84.46220131292247,24900.0,golfer,4,#007cbf,,,,,,,,
golfer_group_37,38.02739313138997,-84.4624841808364,24960.0,golfer,4,#007cbf,,,,,,,,
golfer_group_37,38.02721114487077,-84.46277546117278,25020.0,golfer,4,#007cbf,,,,,,,,
golfer_group_37,38.02702915835156,-84.46306674150915,25080.0,golfer,4,#007cbf,,,,,,,,
golfer_group_37,38.02684717183235,-84.46335802184554,25140.0,golfer,4,#007cbf,,,,,,,,
golfer_group_37,38.027030664719845,-84.46345337202217,25200.0,golfer,4,#007cbf,,,,,,,,
golfer_group_37,38.02732202605173,-84.46349089491457,25260.0,golfer,3,#007cbf,,,,,,,,
golfer_group_37,38.02761338738361,-84.46352841780696,25320.0,golfer,3,#007cbf,,,,,,,,
golfer_group_37,38.02787761975422,-84.46365295047241,25380.0,golfer,4,#007cbf,,,,,,,,
golfer_group_37,38.02811027773896,-84.46387875056652,25440.0,golfer,4,#007cbf,,,,,,,,
golfer_group_37,38.02834293572369,-84.46410455066062,25500.0,golfer,4,#007cbf,,,,,,,,
golfer_group_37,38.028575593708425,-84.46433035075472,25560.0,golfer,4,#007cbf,,,,,,,,
golfer_group_37,38.028808251693164,-84.46455615084882,25620.0,golfer,4,#007cbf,,,,,,,,
golfer_group_37,38.029040909677896,-84.46478195094294,25680.0,golfer,4,#007cbf,,,,,,,,
golfer_group_37,38.02927356766263,-84.46500775103704,25740.0,golfer,4,#007cbf,,,,,,,,
golfer_group_37,38.02950622564737,-84.46523355113113,25800.0,golfer,4,#007cbf,,,,,,,,
golfer_group_37,38.02975350361947,-84.4654282954189,25860.0,golfer,4,#007cbf,,,,,,,,
golfer_group_37,38.030020352724144,-84.46558146666777,25920.0,golfer,4,#007cbf,,,,,,,,
golfer_group_37,38.03028720182882,-84.46573463791665,25980.0,golfer,4,#007cbf,,,,,,,,
golfer_group_37,38.030554050933496,-84.46588780916554,26040.0,golfer,4,#007cbf,,,,,,,,
golfer_group_37,38.0308144451061,-84.46601508231271,26100.0,golfer,4,#007cbf,,,,,,,,
golfer_group_37,38.03096331555731,-84.46569490649415,26160.0,golfer,4,#007cbf,,,,,,,,
golfer_group_37,38.03100160851583,-84.46532942233877,26220.0,golfer,4,#007cbf,,,,,,,,
golfer_group_37,38.03102825601745,-84.4649591665407,26280.0,golfer,4,#007cbf,,,,,,,,
golfer_group_37,38.03105490351906,-84.46458891074262,26340.0,golfer,4,#007cbf,,,,,,,,
golfer_group_37,38.031081551020684,-84.46421865494455,26400.0,golfer,4,#007cbf,,,,,,,,
golfer_group_37,38.031108198522304,-84.46384839914647,26460.0,golfer,4,#007cbf,,,,,,,,
golfer_group_37,38.03113484602392,-84.4634781433484,26520.0,golfer,4,#007cbf,,,,,,,,
golfer_group_37,38.03116149352554,-84.46310788755032,26580.0,golfer,4,#007cbf,,,,,,,,
golfer_group_37,38.031127268705696,-84.46274982308951,26640.0,golfer,4,#007cbf,,,,,,,,
golfer_group_37,38.031012137391194,-84.4624079623538,26700.0,golfer,4,#007cbf,,,,,,,,
golfer_group_37,38.03089700607669,-84.46206610161808,26760.0,golfer,4,#007cbf,,,,,,,,
golfer_group_37,38.0307818747622,-84.46172424088235,26820.0,golfer,4,#007cbf,,,,,,,,
golfer_group_37,38.030666743447696,-84.46138238014663,26880.0,golfer,4,#007cbf,,,,,,,,
golfer_group_37,38.030551612133195,-84.46104051941091,26940.0,golfer,4,#007cbf,,,,,,,,
golfer_group_37,38.03081531898336,-84.46091137688049,27000.0,golfer,4,#007cbf,,,,,,,,
golfer_group_37,38.0310279411826,-84.46098091912485,27060.0,golfer,4,#007cbf,,,,,,,,
golfer_group_37,38.03115090321037,-84.46131835889211,27120.0,golfer,4,#007cbf,,,,,,,,
golfer_group_37,38.031273865238134,-84.46165579865938,27180.0,golfer,4,#007cbf,,,,,,,,
golfer_group_37,38.03139682726591,-84.46199323842663,27240.0,golfer,4,#007cbf,,,,,,,,
golfer_group_37,38.031519789293675,-84.4623306781939,27300.0,golfer,4,#007cbf,,,,,,,,
golfer_group_37,38.03164275132144,-84.46266811796116,27360.0,golfer,4,#007cbf,,,,,,,,
golfer_group_37,38.03176571334921,-84.46300555772842,27420.0,golfer,4,#007cbf,,,,,,,,
golfer_group_37,38.031888675376976,-84.46334299749569,27480.0,golfer,4,#007cbf,,,,,,,,
golfer_group_37,38.031909837946635,-84.46368872876327,27540.0,golfer,4,#007cbf,,,,,,,,
golfer_group_37,38.03182184589159,-84.46404335060477,27600.0,golfer,4,#007cbf,,,,,,,,
golfer_group_37,38.03173385383655,-84.46439797244628,27660.0,golfer,4,#007cbf,,,,,,,,
golfer_group_37,38.031645861781506,-84.46475259428779,27720.0,golfer,4,#007cbf,,,,,,,,
golfer_group_37,38.03155786972646,-84.46510721612928,27780.0,golfer,4,#007cbf,,,,,,,,
golfer_group_37,38.03146987767142,-84.46546183797079,27840.0,golfer,4,#007cbf,,,,,,,,
golfer_group_37,38.03131864912918,-84.46576966145622,27900.0,golfer,4,#007cbf,,,,,,,,
golfer_group_37,38.0311189562348,-84.46604161874937,27960.0,golfer,4,#007cbf,,,,,,,,
golfer_group_37,38.030919263340415,-84.46631357604252,28020.0,golfer,4,#007cbf,,,,,,,,
golfer_group_37,38.030718115722834,-84.46658350967269,28080.0,golfer,4,#007cbf,,,,,,,,
golfer_group_37,38.0304866033238,-84.46681120290668,28140.0,golfer,4,#007cbf,,,,,,,,
golfer_group_37,38.030255090924776,-84.46703889614066,28200.0,golfer,4,#007cbf,,,,,,,,
golfer_group_37,38.03002357852575,-84.46726658937465,28260.0,golfer,4,#007cbf,,,,,,,,
golfer_group_37,38.02979206612672,-84.46749428260863,28320.0,golfer,4,#007cbf,,,,,,,,
golfer_group_37,38.02956055372769,-84.46772197584261,28380.0,golfer,4,#007cbf,,,,,,,,
golfer_group_37,38.02932904132866,-84.4679496690766,28440.0,golfer,4,#007cbf,,,,,,,,
golfer_group_37,38.02909752892963,-84.46817736231058,28500.0,golfer,4,#007cbf,,,,,,,,
golfer_group_37,38.0288660165306,-84.46840505554457,28560.0,golfer,4,#007cbf,,,,,,,,
golfer_group_37,38.02869804015225,-84.46870681462924,28620.0,golfer,4,#007cbf,,,,,,,,
golfer_group_37,38.028539024924726,-84.46901901999702,28680.0,golfer,4,#007cbf,,,,,,,,
golfer_group_37,38.0283800096972,-84.46933122536481,28740.0,golfer,4,#007cbf,,,,,,,,
golfer_group_37,38.028129065075696,-84.46949162304078,28800.0,golfer,4,#007cbf,,,,,,,,
golfer_group_37,38.02785052807789,-84.46960645602002,28860.0,golfer,1,#007cbf,,,,,,,,
golfer_group_37,38.027571991080094,-84.46972128899925,28920.0,golfer,1,#007cbf,,,,,,,,
golfer_group_37,38.02729345408229,-84.4698361219785,28980.0,golfer,4,#007cbf,,,,,,,,
golfer_group_37,38.027014917084486,-84.46995095495774,29040.0,golfer,4,#007cbf,,,,,,,,
golfer_group_37,38.02677219339408,-84.46990690842384,29100.0,golfer,4,#007cbf,,,,,,,,
golfer_group_37,38.026583670283,-84.46962241044099,29160.0,golfer,4,#007cbf,,,,,,,,
golfer_group_37,38.02639514717193,-84.46933791245814,29220.0,golfer,4,#007cbf,,,,,,,,
golfer_group_37,38.026206624060855,-84.4690534144753,29280.0,golfer,4,#007cbf,,,,,,,,
golfer_group_37,38.02601810094978,-84.46876891649245,29340.0,golfer,4,#007cbf,,,,,,,,
golfer_group_37,38.0258295778387,-84.4684844185096,29400.0,golfer,4,#007cbf,,,,,,,,
golfer_group_37,38.02564105472762,-84.46819992052676,29460.0,golfer,4,#007cbf,,,,,,,,
golfer_group_37,38.02539873776804,-84.4680332578427,29520.0,golfer,4,#007cbf,,,,,,,,
golfer_group_37,38.02511056304286,-84.46796704648648,29580.0,golfer,4,#007cbf,,,,,,,,
golfer_group_37,38.02482238831767,-84.46790083513027,29640.0,golfer,4,#007cbf,,,,,,,,
golfer_group_37,38.02466098715723,-84.46791926274804,29700.0,golfer,4,#007cbf,,,,,,,,
golfer_group_37,38.0248672597656,-84.46818316370741,29760.0,golfer,4,#007cbf,,,,,,,,
golfer_group_37,38.025073532373966,-84.46844706466678,29820.0,golfer,4,#007cbf,,,,,,,,
golfer_group_37,38.02498232223591,-84.46858500193528,29880.0,golfer,4,#007cbf,,,,,,,,
golfer_group_37,38.024692555469876,-84.46863886398934,29940.0,golfer,4,#007cbf,,,,,,,,
golfer_group_37,38.02440278870384,-84.4686927260434,30000.0,golfer,4,#007cbf,,,,,,,,
golfer_group_37,38.0241130219378,-84.46874658809746,30060.0,golfer,4,#007cbf,,,,,,,,
golfer_group_37,38.02382325517176,-84.46880045015152,30120.0,golfer,4,#007cbf,,,,,,,,
golfer_group_37,38.023533488405725,-84.46885431220558,30180.0,golfer,4,#007cbf,,,,,,,,
golfer_group_37,38.02325287292604,-84.46895459002404,30240.0,golfer,4,#007cbf,,,,,,,,
golfer_group_37,38.023120094224296,-84.46908677293466,30300.0,golfer,4,#007cbf,,,,,,,,
golfer_group_37,38.02338797984743,-84.46923698741324,30360.0,golfer,4,#007cbf,,,,,,,,
golfer_group_37,38.02365586547056,-84.46938720189182,30420.0,golfer,4,#007cbf,,,,,,,,
golfer_group_37,38.02392375109368,-84.4695374163704,30480.0,golfer,4,#007cbf,,,,,,,,
golfer_group_37,38.024191636716814,-84.46968763084898,30540.0,golfer,4,#007cbf,,,,,,,,
golfer_group_37,38.024459522339946,-84.46983784532756,30600.0,golfer,4,#007cbf,,,,,,,,
golfer_group_37,38.02472740796308,-84.46998805980614,30660.0,golfer,4,#007cbf,,,,,,,,
golfer_group_37,38.0249952935862,-84.47013827428472,30720.0,golfer,4,#007cbf,,,,,,,,
golfer_group_37,38.02526317920933,-84.4702884887633,30780.0,golfer,4,#007cbf,,,,,,,,
golfer_group_37,38.02549053793203,-84.47051685206469,30840.0,golfer,4,#007cbf,,,,,,,,
golfer_group_37,38.02570511747455,-84.47076985771169,30900.0,golfer,4,#007cbf,,,,,,,,
golfer_group_37,38.025919697017066,-84.4710228633587,30960.0,golfer,4,#007cbf,,,,,,,,
golfer_group_37,38.02613427655959,-84.4712758690057,31020.0,golfer,4,#007cbf,,,,,,,,
golfer_group_37,38.02634885610211,-84.4715288746527,31080.0,golfer,4,#007cbf,,,,,,,,
golfer_group_37,38.026563435644626,-84.4717818802997,31140.0,golfer,4,#007cbf,,,,,,,,
golfer_group_37,38.02678243981026,-84.47202860408251,31200.0,golfer,4,#007cbf,,,,,,,,
golfer_group_37,38.02668611647238,-84.47218057293104,31260.0,golfer,4,#007cbf,,,,,,,,
golfer_group_37,38.02640386024167,-84.4722796932027,31320.0,golfer,4,#007cbf,,,,,,,,
golfer_group_37,38.02612160401096,-84.47237881347434,31380.0,golfer,4,#007cbf,,,,,,,,
golfer_group_37,38.02583934778024,-84.47247793374599,31440.0,golfer,4,#007cbf,,,,,,,,
golfer_group_37,38.02555709154953,-84.47257705401765,31500.0,golfer,4,#007cbf,,,,,,,,
golfer_group_37,38.025278899056985,-84.47258808504574,31560.0,golfer,4,#007cbf,,,,,,,,
golfer_group_37,38.02505413568005,-84.47238241246707,31620.0,golfer,4,#007cbf,,,,,,,,
golfer_group_37,38.02491621232278,-84.47205445775451,31680.0,golfer,4,#007cbf,,,,,,,,
golfer_group_37,38.02477828896551,-84.47172650304194,31740.0,golfer,4,#007cbf,,,,,,,,
golfer_group_37,38.024640365608235,-84.47139854832938,31800.0,golfer,4,#007cbf,,,,,,,,
golfer_group_37,38.02450244225096,-84.4710705936168,31860.0,golfer,4,#007cbf,,,,,,,,
golfer_group_37,38.02436451889369,-84.47074263890424,31920.0,golfer,4,#007cbf,,,,,,,,
golfer_group_37,38.02422659553642,-84.47041468419167,31980.0,golfer,4,#007cbf,,,,,,,,
golfer_group_37,38.02408867217915,-84.4700867294791,32040.0,golfer,4,#007cbf,,,,,,,,
golfer_group_37,38.023830177494666,-84.46991493651929,32100.0,golfer,4,#007cbf,,,,,,,,
golfer_group_37,38.02356911857893,-84.46974646470437,32160.0,golfer,4,#007cbf,,,,,,,,
golfer_group_37,38.0233080596632,-84.46957799288944,32220.0,golfer,4,#007cbf,,,,,,,,
golfer_group_37,38.02304700074746,-84.46940952107451,32280.0,golfer,4,#007cbf,,,,,,,,
golfer_group_37,38.0227847606833,-84.46924457405959,32340.0,golfer,4,#007cbf,,,,,,,,
golfer_group_37,38.02250809559787,-84.46912267439926,32400.0,golfer,4,#007cbf,,,,,,,,
golfer_group_37,38.022527943550884,-84.46893235209967,32460.0,golfer,4,#007cbf,,,,,,,,
golfer_group_37,38.02275311404551,-84.46869465006165,32520.0,golfer,4,#007cbf,,,,,,,,
golfer_group_37,38.02297828454014,-84.46845694802364,32580.0,golfer,4,#007cbf,,,,,,,,
golfer_group_37,38.02320345503476,-84.46821924598564,32640.0,golfer,4,#007cbf,,,,,,,,
golfer_group_37,38.023428625529384,-84.46798154394763,32700.0,golfer,4,#007cbf,,,,,,,,
golfer_group_37,38.02365379602401,-84.46774384190961,32760.0,golfer,4,#007cbf,,,,,,,,
golfer_group_37,38.02387896651864,-84.4675061398716,32820.0,golfer,4,#007cbf,,,,,,,,
golfer_group_37,38.02410413701326,-84.4672684378336,32880.0,golfer,4,#007cbf,,,,,,,,
golfer_group_37,38.024329307507884,-84.46703073579559,32940.0,golfer,4,#007cbf,,,,,,,,
golfer_group_37,38.024516630016976,-84.46674714202182,33000.0,golfer,4,#007cbf,,,,,,,,
golfer_group_37,38.02469334505099,-84.4664506863893,33060.0,golfer,4,#007cbf,,,,,,,,
golfer_group_37,38.02487006008501,-84.46615423075679,33120.0,golfer,4,#007cbf,,,,,,,,
golfer_group_37,38.02504677511902,-84.46585777512426,33180.0,golfer,4,#007cbf,,,,,,,,
golfer_group_37,38.02525798622544,-84.46562593134438,33240.0,golfer,4,#007cbf,,,,,,,,
golfer_group_37,38.025540368765746,-84.46552739312297,33300.0,golfer,4,#007cbf,,,,,,,,
golfer_group_37,38.02582275130605,-84.46542885490156,33360.0,golfer,4,#007cbf,,,,,,,,
golfer_group_37,38.02610513384636,-84.46533031668015,33420.0,golfer,4,#007cbf,,,,,,,,
golfer_group_37,38.02637936666449,-84.46537020680762,33480.0,golfer,4,#007cbf,,,,,,,,
golfer_group_37,38.02664707383,-84.4655209394031,33540.0,golfer,4,#007cbf,,,,,,,,
golfer_group_37,38.026914780995504,-84.46567167199859,33600.0,golfer,4,#007cbf,,,,,,,,
golfer_group_37,38.02718248816101,-84.46582240459409,33660.0,golfer,4,#007cbf,,,,,,,,
golfer_group_37,38.027450195326516,-84.46597313718958,33720.0,golfer,4,#007cbf,,,,,,,,
golfer_group_37,38.02771790249202,-84.46612386978506,33780.0,golfer,4,#007cbf,,,,,,,,
golfer_group_37,38.027985609657534,-84.46627460238055,33840.0,golfer,4,#007cbf,,,,,,,,
golfer_group_37,38.02825331682304,-84.46642533497604,33900.0,golfer,4,#007cbf,,,,,,,,
golfer_group_37,38.02854411583699,-84.46643446747252,33960.0,golfer,4,#007cbf,,,,,,,,
golfer_group_37,38.02883696025459,-84.46643105747557,34020.0,golfer,4,#007cbf,,,,,,,,
golfer_group_37,38.02912980467218,-84.46642764747862,34080.0,golfer,4,#007cbf,,,,,,,,
golfer_group_37,38.029422649089774,-84.46642423748168,34140.0,golfer,4,#007cbf,,,,,,,,
golfer_group_37,38.029714660100595,-84.46640554510962,34200.0,golfer,4,#007cbf,,,,,,,,
golfer_group_37,38.03000508074206,-84.46635768976212,34260.0,golfer,4,#007cbf,,,,,,,,
golfer_group_37,38.03029550138352,-84.46630983441462,34320.0,golfer,4,#007cbf,,,,,,,,
golfer_group_37,38.03034421537664,-84.46623396436489,34380.0,golfer,4,#007cbf,,,,,,,,
golfer_group_37,38.0300654222068,-84.4661201350132,34440.0,golfer,4,#007cbf,,,,,,,,
golfer_group_37,38.02978662903697,-84.46600630566151,34500.0,golfer,4,#007cbf,,,,,,,,
golfer_group_37,38.02950783586713,-84.46589247630982,34560.0,golfer,4,#007cbf,,,,,,,,
golfer_group_37,38.029229042697295,-84.46577864695813,34620.0,golfer,4,#007cbf,,,,,,,,
golfer_group_37,38.02895024952746,-84.46566481760644,34680.0,golfer,4,#007cbf,,,,,,,,
golfer_group_37,38.02867145635763,-84.46555098825475,34740.0,golfer,4,#007cbf,,,,,,,,
golfer_group_37,38.02839266318779,-84.46543715890306,34800.0,golfer,4,#007cbf,,,,,,,,
golfer_group_37,38.02811294382565,-84.46532834232956,34860.0,golfer,4,#007cbf,,,,,,,,
golfer_group_37,38.02782336017175,-84.46527291370359,34920.0,golfer,4,#007cbf,,,,,,,,
golfer_group_37,38.02753377651786,-84.46521748507763,34980.0,golfer,4,#007cbf,,,,,,,,
golfer_group_37,38.027244192863975,-84.46516205645167,35040.0,golfer,4,#007cbf,,,,,,,,
golfer_group_37,38.02695460921009,-84.46510662782572,35100.0,golfer,4,#007cbf,,,,,,,,
golfer_group_37,38.02666502555619,-84.46505119919976,35160.0,golfer,4,#007cbf,,,,,,,,
golfer_group_37,38.02637326063661,-84.4650346343973,35220.0,golfer,4,#007cbf,,,,,,,,
golfer_group_37,38.02608041188864,-84.46503738027086,35280.0,golfer,4,#007cbf,,,,,,,,
golfer_group_37,38.025787563140675,-84.46504012614442,35340.0,golfer,2,#007cbf,,,,,,,,
golfer_group_37,38.025494714392714,-84.46504287201797,35400.0,golfer,4,#007cbf,,,,,,,,
golfer_group_37,38.02556401049359,-84.4653626218534,35460.0,golfer,4,#007cbf,,,,,,,,
golfer_group_37,38.025666096931715,-84.46571107475296,35520.0,golfer,4,#007cbf,,,,,,,,
golfer_group_37,38.02576818336984,-84.46605952765252,35580.0,golfer,4,#007cbf,,,,,,,,
golfer_group_37,38.02587026980797,-84.46640798055208,35640.0,golfer,4,#007cbf,,,,,,,,
golfer_group_37,38.02597235624609,-84.46675643345164,35700.0,golfer,4,#007cbf,,,,,,,,
golfer_group_37,38.02607444268422,-84.46710488635118,35760.0,golfer,4,#007cbf,,,,,,,,
golfer_group_37,38.026176529122345,-84.46745333925074,35820.0,golfer,4,#007cbf,,,,,,,,
golfer_group_37,38.02627861556047,-84.4678017921503,35880.0,golfer,4,#007cbf,,,,,,,,
golfer_group_37,38.026391551516966,-84.46814347235242,35940.0,golfer,4,#007cbf,,,,,,,,
golfer_group_37,38.0265466275618,-84.46845884704874,36000.0,golfer,4,#007cbf,,,,,,,,
golfer_group_37,38.02670170360664,-84.46877422174504,36060.0,golfer,4,#007cbf,,,,,,,,
golfer_group_37,38.02685677965148,-84.46908959644135,36120.0,golfer,4,#007cbf,,,,,,,,
golfer_group_37,38.027011855696315,-84.46940497113766,36180.0,golfer,4,#007cbf,,,,,,,,
golfer_group_37,38.027202562026105,-84.46967624119414,36240.0,golfer,4,#007cbf,,,,,,,,
golfer_group_37,38.027447,-84.469881,36300.0,golfer,1,#007cbf,,,,,,,,
golfer_group_38,38.027447,-84.469881,22500.0,golfer,1,#007cbf,,,,,,,,
golfer_group_38,38.02754627606764,-84.46962578282717,22560.0,golfer,1,#007cbf,,,,,,,,
golfer_group_38,38.02744283462056,-84.4692779685763,22620.0,golfer,1,#007cbf,,,,,,,,
golfer_group_38,38.02733939317348,-84.46893015432545,22680.0,golfer,1,#007cbf,,,,,,,,
golfer_group_38,38.0272359517264,-84.46858234007459,22740.0,golfer,1,#007cbf,,,,,,,,
golfer_group_38,38.027132510279316,-84.46823452582373,22800.0,golfer,1,#007cbf,,,,,,,,
golfer_group_38,38.027029068832235,-84.46788671157287,22860.0,golfer,1,#007cbf,,,,,,,,
golfer_group_38,38.026925627385154,-84.46753889732202,22920.0,golfer,1,#007cbf,,,,,,,,
golfer_group_38,38.02682218593807,-84.46719108307117,22980.0,golfer,1,#007cbf,,,,,,,,
golfer_group_38,38.026707885382585,-84.46684997010087,23040.0,golfer,1,#007cbf,,,,,,,,
golfer_group_38,38.0265563489919,-84.46653183579225,23100.0,golfer,1,#007cbf,,,,,,,,
golfer_group_38,38.02640481260122,-84.46621370148365,23160.0,golfer,1,#007cbf,,,,,,,,
golfer_group_38,38.02625327621054,-84.46589556717504,23220.0,golfer,1,#007cbf,,,,,,,,
golfer_group_38,38.026097865476636,-84.4655806681031,23280.0,golfer,1,#007cbf,,,,,,,,
golfer_group_38,38.02592778516153,-84.46527801873756,23340.0,golfer,4,#007cbf,,,,,,,,
golfer_group_38,38.02575770484643,-84.46497536937204,23400.0,golfer,2,#007cbf,,,,,,,,
golfer_group_38,38.02580429978306,-84.46478189846547,23460.0,golfer,2,#007cbf,,,,,,,,
golfer_group_38,38.02609158193444,-84.46470970518055,23520.0,golfer,2,#007cbf,,,,,,,,
golfer_group_38,38.02637886408582,-84.46463751189565,23580.0,golfer,2,#007cbf,,,,,,,,
golfer_group_38,38.0266661462372,-84.46456531861072,23640.0,golfer,2,#007cbf,,,,,,,,
golfer_group_38,38.02695342838857,-84.4644931253258,23700.0,golfer,2,#007cbf,,,,,,,,
golfer_group_38,38.02723262500985,-84.46440936561527,23760.0,golfer,2,#007cbf,,,,,,,,
golfer_group_38,38.02732323296244,-84.46405582806928,23820.0,golfer,2,#007cbf,,,,,,,,
golfer_group_38,38.027413840915024,-84.46370229052329,23880.0,golfer,3,#007cbf,,,,,,,,
golfer_group_38,38.02755613921936,-84.46339199540722,23940.0,golfer,3,#007cbf,,,,,,,,
golfer_group_38,38.02777631020529,-84.46314684598785,24000.0,golfer,3,#007cbf,,,,,,,,
golfer_group_38,38.027996481191224,-84.4629016965685,24060.0,golfer,3,#007cbf,,,,,,,,
golfer_group_38,38.028216652177164,-84.46265654714912,24120.0,golfer,3,#007cbf,,,,,,,,
golfer_group_38,38.0284368231631,-84.46241139772975,24180.0,golfer,3,#007cbf,,,,,,,,
golfer_group_38,38.02865699414903,-84.4621662483104,24240.0,golfer,3,#007cbf,,,,,,,,
golfer_group_38,38.02887716513497,-84.46192109889103,24300.0,golfer,3,#007cbf,,,,,,,,
golfer_group_38,38.029097336120905,-84.46167594947165,24360.0,golfer,3,#007cbf,,,,,,,,
golfer_group_38,38.02932048603734,-84.46143527844885,24420.0,golfer,3,#007cbf,,,,,,,,
golfer_group_38,38.02954781666501,-84.4612008925283,24480.0,golfer,3,#007cbf,,,,,,,,
golfer_group_38,38.029775147292675,-84.46096650660775,24540.0,golfer,3,#007cbf,,,,,,,,
golfer_group_38,38.03000247792034,-84.46073212068718,24600.0,golfer,3,#007cbf,,,,,,,,
golfer_group_38,38.03022980854801,-84.46049773476663,24660.0,golfer,3,#007cbf,,,,,,,,
golfer_group_38,38.03028198771919,-84.46029007968264,24720.0,golfer,3,#007cbf,,,,,,,,
golfer_group_38,38.030017377451664,-84.46013077159431,24780.0,golfer,4,#007cbf,,,,,,,,
golfer_group_38,38.02974997117584,-84.46003134117494,24840.0,golfer,4,#007cbf,,,,,,,,
golfer_group_38,38.029472388508275,-84.46014984237516,24900.0,golfer,4,#007cbf,,,,,,,,
golfer_group_38,38.02919480584071,-84.46026834357538,24960.0,golfer,4,#007cbf,,,,,,,,
golfer_group_38,38.02891722317315,-84.46038684477558,25020.0,golfer,4,#007cbf,,,,,,,,
golfer_group_38,38.02863964050559,-84.4605053459758,25080.0,golfer,4,#007cbf,,,,,,,,
golfer_group_38,38.02846819932939,-84.46074999771898,25140.0,golfer,4,#007cbf,,,,,,,,
golfer_group_38,38.028356651102726,-84.46108459413088,25200.0,golfer,4,#007cbf,,,,,,,,
golfer_group_38,38.028163251425084,-84.46136377382878,25260.0,golfer,4,#007cbf,,,,,,,,
golfer_group_38,38.02796985174745,-84.46164295352668,25320.0,golfer,4,#007cbf,,,,,,,,
golfer_group_38,38.02777645206981,-84.46192213322458,25380.0,golfer,4,#007cbf,,,,,,,,
golfer_group_38,38.027583052392174,-84.46220131292247,25440.0,golfer,4,#007cbf,,,,,,,,
golfer_group_38,38.02739313138997,-84.4624841808364,25500.0,golfer,4,#007cbf,,,,,,,,
golfer_group_38,38.02721114487077,-84.46277546117278,25560.0,golfer,4,#007cbf,,,,,,,,
golfer_group_38,38.02702915835156,-84.46306674150915,25620.0,golfer,4,#007cbf,,,,,,,,
golfer_group_38,38.02684717183235,-84.46335802184554,25680.0,golfer,4,#007cbf,,,,,,,,
golfer_group_38,38.027030664719845,-84.46345337202217,25740.0,golfer,4,#ffe6cc,,,,,,,,
golfer_group_38,38.02732202605173,-84.46349089491457,25800.0,golfer,3,#ffe6cc,,,,,,,,
golfer_group_38,38.02761338738361,-84.46352841780696,25860.0,golfer,3,#ffe6cc,,,,,,,,
golfer_group_38,38.02787761975422,-84.46365295047241,25920.0,golfer,4,#ffe6cc,,,,,,,,
golfer_group_38,38.02811027773896,-84.46387875056652,25980.0,golfer,4,#ffe6cc,,,,,,,,
golfer_group_38,38.02834293572369,-84.46410455066062,26040.0,golfer,4,#ffe6cc,,,,,,,,
golfer_group_38,38.028575593708425,-84.46433035075472,26100.0,golfer,4,#ffe6cc,,,,,,,,
golfer_group_38,38.028808251693164,-84.46455615084882,26160.0,golfer,4,#ffe6cc,,,,,,,,
golfer_group_38,38.029040909677896,-84.46478195094294,26220.0,golfer,4,#ffe6cc,,,,,,,,
golfer_group_38,38.02927356766263,-84.46500775103704,26280.0,golfer,4,#ffe6cc,,,,,,,,
golfer_group_38,38.02950622564737,-84.46523355113113,26340.0,golfer,4,#ffcc99,,,,,,,,
golfer_group_38,38.02975350361947,-84.4654282954189,26400.0,golfer,4,#ffcc99,,,,,,,,
golfer_group_38,38.030020352724144,-84.46558146666777,26460.0,golfer,4,#ffcc99,,,,,,,,
golfer_group_38,38.03028720182882,-84.46573463791665,26520.0,golfer,4,#ffcc99,,,,,,,,
golfer_group_38,38.030554050933496,-84.46588780916554,26580.0,golfer,4,#ffcc99,,,,,,,,
golfer_group_38,38.0308144451061,-84.46601508231271,26640.0,golfer,4,#ffcc99,,,,,,,,
golfer_group_38,38.03096331555731,-84.46569490649415,26700.0,golfer,4,#ffcc99,,,,,,,,
golfer_group_38,38.03100160851583,-84.46532942233877,26760.0,golfer,4,#ffcc99,,,,,,,,
golfer_group_38,38.03102825601745,-84.4649591665407,26820.0,golfer,4,#ffcc99,,,,,,,,
golfer_group_38,38.03105490351906,-84.46458891074262,26880.0,golfer,4,#ffcc99,,,,,,,,
golfer_group_38,38.031081551020684,-84.46421865494455,26940.0,golfer,4,#ffb366,,,,,,,,
golfer_group_38,38.031108198522304,-84.46384839914647,27000.0,golfer,4,#ffb366,,,,,,,,
golfer_group_38,38.03113484602392,-84.4634781433484,27060.0,golfer,4,#ffb366,,,,,,,,
golfer_group_38,38.03116149352554,-84.46310788755032,27120.0,golfer,4,#ffb366,,,,,,,,
golfer_group_38,38.031127268705696,-84.46274982308951,27180.0,golfer,4,#ffb366,,,,,,,,
golfer_group_38,38.031012137391194,-84.4624079623538,27240.0,golfer,4,#ffb366,,,,,,,,
golfer_group_38,38.03089700607669,-84.46206610161808,27300.0,golfer,4,#ffb366,,,,,,,,
golfer_group_38,38.0307818747622,-84.46172424088235,27360.0,golfer,4,#00b894,,,,,,,,
golfer_group_38,38.030666743447696,-84.46138238014663,27420.0,golfer,4,#00b894,,,,,,,,
golfer_group_38,38.030551612133195,-84.46104051941091,27480.0,golfer,4,#00b894,,,,,,,,
golfer_group_38,38.03081531898336,-84.46091137688049,27540.0,golfer,4,#00b894,,,,,,,,
golfer_group_38,38.0310279411826,-84.46098091912485,27600.0,golfer,4,#00b894,,,,,,,,
golfer_group_38,38.03115090321037,-84.46131835889211,27660.0,golfer,4,#00b894,,,,,,,,
golfer_group_38,38.031273865238134,-84.46165579865938,27720.0,golfer,4,#00b894,,,,,,,,
golfer_group_38,38.03139682726591,-84.46199323842663,27780.0,golfer,4,#00b894,,,,,,,,
golfer_group_38,38.031519789293675,-84.4623306781939,27840.0,golfer,4,#00b894,,,,,,,,
golfer_group_38,38.03164275132144,-84.46266811796116,27900.0,golfer,4,#00b894,,,,,,,,
golfer_group_38,38.03176571334921,-84.46300555772842,27960.0,golfer,4,#00b894,,,,,,,,
golfer_group_38,38.031888675376976,-84.46334299749569,28020.0,golfer,4,#00b894,,,,,,,,
golfer_group_38,38.031909837946635,-84.46368872876327,28080.0,golfer,4,#00b894,,,,,,,,
golfer_group_38,38.03182184589159,-84.46404335060477,28140.0,golfer,4,#00b894,,,,,,,,
golfer_group_38,38.03173385383655,-84.46439797244628,28200.0,golfer,4,#00b894,,,,,,,,
golfer_group_38,38.031645861781506,-84.46475259428779,28260.0,golfer,4,#00b894,,,,,,,,
golfer_group_38,38.03155786972646,-84.46510721612928,28320.0,golfer,4,#00b894,,,,,,,,
golfer_group_38,38.03146987767142,-84.46546183797079,28380.0,golfer,4,#00b894,,,,,,,,
golfer_group_38,38.03131864912918,-84.46576966145622,28440.0,golfer,4,#00b894,,,,,,,,
golfer_group_38,38.0311189562348,-84.46604161874937,28500.0,golfer,4,#00b894,,,,,,,,
golfer_group_38,38.030919263340415,-84.46631357604252,28560.0,golfer,4,#00b894,,,,,,,,
golfer_group_38,38.030718115722834,-84.46658350967269,28620.0,golfer,4,#00b894,,,,,,,,
golfer_group_38,38.0304866033238,-84.46681120290668,28680.0,golfer,4,#00b894,,,,,,,,
golfer_group_38,38.030255090924776,-84.46703889614066,28740.0,golfer,4,#00b894,,,,,,,,
golfer_group_38,38.03002357852575,-84.46726658937465,28800.0,golfer,4,#00b894,,,,,,,,
golfer_group_38,38.02979206612672,-84.46749428260863,28860.0,golfer,4,#00b894,,,,,,,,
golfer_group_38,38.02956055372769,-84.46772197584261,28920.0,golfer,4,#00b894,,,,,,,,
golfer_group_38,38.02932904132866,-84.4679496690766,28980.0,golfer,4,#00b894,,,,,,,,
golfer_group_38,38.02909752892963,-84.46817736231058,29040.0,golfer,4,#00b894,,,,,,,,
golfer_group_38,38.0288660165306,-84.46840505554457,29100.0,golfer,4,#00b894,,,,,,,,
golfer_group_38,38.02869804015225,-84.46870681462924,29160.0,golfer,4,#00b894,,,,,,,,
golfer_group_38,38.028539024924726,-84.46901901999702,29220.0,golfer,4,#00b894,,,,,,,,
golfer_group_38,38.0283800096972,-84.46933122536481,29280.0,golfer,4,#00b894,,,,,,,,
golfer_group_38,38.028129065075696,-84.46949162304078,29340.0,golfer,4,#00b894,,,,,,,,
golfer_group_38,38.02785052807789,-84.46960645602002,29400.0,golfer,1,#00b894,,,,,,,,
golfer_group_38,38.027571991080094,-84.46972128899925,29460.0,golfer,1,#00b894,,,,,,,,
golfer_group_38,38.02729345408229,-84.4698361219785,29520.0,golfer,4,#00b894,,,,,,,,
golfer_group_38,38.027014917084486,-84.46995095495774,29580.0,golfer,4,#00b894,,,,,,,,
golfer_group_38,38.02677219339408,-84.46990690842384,29640.0,golfer,4,#00b894,,,,,,,,
golfer_group_38,38.026583670283,-84.46962241044099,29700.0,golfer,4,#00b894,,,,,,,,
golfer_group_38,38.02639514717193,-84.46933791245814,29760.0,golfer,4,#00b894,,,,,,,,
golfer_group_38,38.026206624060855,-84.4690534144753,29820.0,golfer,4,#00b894,,,,,,,,
golfer_group_38,38.02601810094978,-84.46876891649245,29880.0,golfer,4,#00b894,,,,,,,,
golfer_group_38,38.0258295778387,-84.4684844185096,29940.0,golfer,4,#00b894,,,,,,,,
golfer_group_38,38.02564105472762,-84.46819992052676,30000.0,golfer,4,#00b894,,,,,,,,
golfer_group_38,38.02539873776804,-84.4680332578427,30060.0,golfer,4,#00b894,,,,,,,,
golfer_group_38,38.02511056304286,-84.46796704648648,30120.0,golfer,4,#00b894,,,,,,,,
golfer_group_38,38.02482238831767,-84.46790083513027,30180.0,golfer,4,#00b894,,,,,,,,
golfer_group_38,38.02466098715723,-84.46791926274804,30240.0,golfer,4,#00b894,,,,,,,,
golfer_group_38,38.0248672597656,-84.46818316370741,30300.0,golfer,4,#00b894,,,,,,,,
golfer_group_38,38.025073532373966,-84.46844706466678,30360.0,golfer,4,#00b894,,,,,,,,
golfer_group_38,38.02498232223591,-84.46858500193528,30420.0,golfer,4,#00b894,,,,,,,,
golfer_group_38,38.024692555469876,-84.46863886398934,30480.0,golfer,4,#00b894,,,,,,,,
golfer_group_38,38.02440278870384,-84.4686927260434,30540.0,golfer,4,#00b894,,,,,,,,
golfer_group_38,38.0241130219378,-84.46874658809746,30600.0,golfer,4,#00b894,,,,,,,,
golfer_group_38,38.02382325517176,-84.46880045015152,30660.0,golfer,4,#00b894,,,,,,,,
golfer_group_38,38.023533488405725,-84.46885431220558,30720.0,golfer,4,#00b894,,,,,,,,
golfer_group_38,38.02325287292604,-84.46895459002404,30780.0,golfer,4,#00b894,,,,,,,,
golfer_group_38,38.023120094224296,-84.46908677293466,30840.0,golfer,4,#00b894,,,,,,,,
golfer_group_38,38.02338797984743,-84.46923698741324,30900.0,golfer,4,#00b894,,,,,,,,
golfer_group_38,38.02365586547056,-84.46938720189182,30960.0,golfer,4,#00b894,,,,,,,,
golfer_group_38,38.02392375109368,-84.4695374163704,31020.0,golfer,4,#00b894,,,,,,,,
golfer_group_38,38.024191636716814,-84.46968763084898,31080.0,golfer,4,#00b894,,,,,,,,
golfer_group_38,38.024459522339946,-84.46983784532756,31140.0,golfer,4,#00b894,,,,,,,,
golfer_group_38,38.02472740796308,-84.46998805980614,31200.0,golfer,4,#00b894,,,,,,,,
golfer_group_38,38.0249952935862,-84.47013827428472,31260.0,golfer,4,#00b894,,,,,,,,
golfer_group_38,38.02526317920933,-84.4702884887633,31320.0,golfer,4,#00b894,,,,,,,,
golfer_group_38,38.02549053793203,-84.47051685206469,31380.0,golfer,4,#00b894,,,,,,,,
golfer_group_38,38.02570511747455,-84.47076985771169,31440.0,golfer,4,#00b894,,,,,,,,
golfer_group_38,38.025919697017066,-84.4710228633587,31500.0,golfer,4,#00b894,,,,,,,,
golfer_group_38,38.02613427655959,-84.4712758690057,31560.0,golfer,4,#00b894,,,,,,,,
golfer_group_38,38.02634885610211,-84.4715288746527,31620.0,golfer,4,#00b894,,,,,,,,
golfer_group_38,38.026563435644626,-84.4717818802997,31680.0,golfer,4,#00b894,,,,,,,,
golfer_group_38,38.02678243981026,-84.47202860408251,31740.0,golfer,4,#00b894,,,,,,,,
golfer_group_38,38.02668611647238,-84.47218057293104,31800.0,golfer,4,#00b894,,,,,,,,
golfer_group_38,38.02640386024167,-84.4722796932027,31860.0,golfer,4,#00b894,,,,,,,,
golfer_group_38,38.02612160401096,-84.47237881347434,31920.0,golfer,4,#00b894,,,,,,,,
golfer_group_38,38.02583934778024,-84.47247793374599,31980.0,golfer,4,#00b894,,,,,,,,
golfer_group_38,38.02555709154953,-84.47257705401765,32040.0,golfer,4,#00b894,,,,,,,,
golfer_group_38,38.025278899056985,-84.47258808504574,32100.0,golfer,4,#00b894,,,,,,,,
golfer_group_38,38.02505413568005,-84.47238241246707,32160.0,golfer,4,#00b894,,,,,,,,
golfer_group_38,38.02491621232278,-84.47205445775451,32220.0,golfer,4,#00b894,,,,,,,,
golfer_group_38,38.02477828896551,-84.47172650304194,32280.0,golfer,4,#00b894,,,,,,,,
golfer_group_38,38.024640365608235,-84.47139854832938,32340.0,golfer,4,#00b894,,,,,,,,
golfer_group_38,38.02450244225096,-84.4710705936168,32400.0,golfer,4,#00b894,,,,,,,,
golfer_group_38,38.02436451889369,-84.47074263890424,32460.0,golfer,4,#00b894,,,,,,,,
golfer_group_38,38.02422659553642,-84.47041468419167,32520.0,golfer,4,#00b894,,,,,,,,
golfer_group_38,38.02408867217915,-84.4700867294791,32580.0,golfer,4,#00b894,,,,,,,,
golfer_group_38,38.023830177494666,-84.46991493651929,32640.0,golfer,4,#00b894,,,,,,,,
golfer_group_38,38.02356911857893,-84.46974646470437,32700.0,golfer,4,#00b894,,,,,,,,
golfer_group_38,38.0233080596632,-84.46957799288944,32760.0,golfer,4,#00b894,,,,,,,,
golfer_group_38,38.02304700074746,-84.46940952107451,32820.0,golfer,4,#00b894,,,,,,,,
golfer_group_38,38.0227847606833,-84.46924457405959,32880.0,golfer,4,#00b894,,,,,,,,
golfer_group_38,38.02250809559787,-84.46912267439926,32940.0,golfer,4,#00b894,,,,,,,,
golfer_group_38,38.022527943550884,-84.46893235209967,33000.0,golfer,4,#00b894,,,,,,,,
golfer_group_38,38.02275311404551,-84.46869465006165,33060.0,golfer,4,#00b894,,,,,,,,
golfer_group_38,38.02297828454014,-84.46845694802364,33120.0,golfer,4,#00b894,,,,,,,,
golfer_group_38,38.02320345503476,-84.46821924598564,33180.0,golfer,4,#00b894,,,,,,,,
golfer_group_38,38.023428625529384,-84.46798154394763,33240.0,golfer,4,#00b894,,,,,,,,
golfer_group_38,38.02365379602401,-84.46774384190961,33300.0,golfer,4,#00b894,,,,,,,,
golfer_group_38,38.02387896651864,-84.4675061398716,33360.0,golfer,4,#00b894,,,,,,,,
golfer_group_38,38.02410413701326,-84.4672684378336,33420.0,golfer,4,#00b894,,,,,,,,
golfer_group_38,38.024329307507884,-84.46703073579559,33480.0,golfer,4,#00b894,,,,,,,,
golfer_group_38,38.024516630016976,-84.46674714202182,33540.0,golfer,4,#00b894,,,,,,,,
golfer_group_38,38.02469334505099,-84.4664506863893,33600.0,golfer,4,#00b894,,,,,,,,
golfer_group_38,38.02487006008501,-84.46615423075679,33660.0,golfer,4,#00b894,,,,,,,,
golfer_group_38,38.02504677511902,-84.46585777512426,33720.0,golfer,4,#00b894,,,,,,,,
golfer_group_38,38.02525798622544,-84.46562593134438,33780.0,golfer,4,#00b894,,,,,,,,
golfer_group_38,38.025540368765746,-84.46552739312297,33840.0,golfer,4,#00b894,,,,,,,,
golfer_group_38,38.02582275130605,-84.46542885490156,33900.0,golfer,4,#00b894,,,,,,,,
golfer_group_38,38.02610513384636,-84.46533031668015,33960.0,golfer,4,#00b894,,,,,,,,
golfer_group_38,38.02637936666449,-84.46537020680762,34020.0,golfer,4,#00b894,,,,,,,,
golfer_group_38,38.02664707383,-84.4655209394031,34080.0,golfer,4,#00b894,,,,,,,,
golfer_group_38,38.026914780995504,-84.46567167199859,34140.0,golfer,4,#00b894,,,,,,,,
golfer_group_38,38.02718248816101,-84.46582240459409,34200.0,golfer,4,#00b894,,,,,,,,
golfer_group_38,38.027450195326516,-84.46597313718958,34260.0,golfer,4,#00b894,,,,,,,,
golfer_group_38,38.02771790249202,-84.46612386978506,34320.0,golfer,4,#00b894,,,,,,,,
golfer_group_38,38.027985609657534,-84.46627460238055,34380.0,golfer,4,#00b894,,,,,,,,
golfer_group_38,38.02825331682304,-84.46642533497604,34440.0,golfer,4,#00b894,,,,,,,,
golfer_group_38,38.02854411583699,-84.46643446747252,34500.0,golfer,4,#00b894,,,,,,,,
golfer_group_38,38.02883696025459,-84.46643105747557,34560.0,golfer,4,#00b894,,,,,,,,
golfer_group_38,38.02912980467218,-84.46642764747862,34620.0,golfer,4,#00b894,,,,,,,,
golfer_group_38,38.029422649089774,-84.46642423748168,34680.0,golfer,4,#00b894,,,,,,,,
golfer_group_38,38.029714660100595,-84.46640554510962,34740.0,golfer,4,#00b894,,,,,,,,
golfer_group_38,38.03000508074206,-84.46635768976212,34800.0,golfer,4,#00b894,,,,,,,,
golfer_group_38,38.03029550138352,-84.46630983441462,34860.0,golfer,4,#00b894,,,,,,,,
golfer_group_38,38.03034421537664,-84.46623396436489,34920.0,golfer,4,#00b894,,,,,,,,
golfer_group_38,38.0300654222068,-84.4661201350132,34980.0,golfer,4,#00b894,,,,,,,,
golfer_group_38,38.02978662903697,-84.46600630566151,35040.0,golfer,4,#00b894,,,,,,,,
golfer_group_38,38.02950783586713,-84.46589247630982,35100.0,golfer,4,#00b894,,,,,,,,
golfer_group_38,38.029229042697295,-84.46577864695813,35160.0,golfer,4,#00b894,,,,,,,,
golfer_group_38,38.02895024952746,-84.46566481760644,35220.0,golfer,4,#00b894,,,,,,,,
golfer_group_38,38.02867145635763,-84.46555098825475,35280.0,golfer,4,#00b894,,,,,,,,
golfer_group_38,38.02839266318779,-84.46543715890306,35340.0,golfer,4,#00b894,,,,,,,,
golfer_group_38,38.02811294382565,-84.46532834232956,35400.0,golfer,4,#00b894,,,,,,,,
golfer_group_38,38.02782336017175,-84.46527291370359,35460.0,golfer,4,#00b894,,,,,,,,
golfer_group_38,38.02753377651786,-84.46521748507763,35520.0,golfer,4,#00b894,,,,,,,,
golfer_group_38,38.027244192863975,-84.46516205645167,35580.0,golfer,4,#00b894,,,,,,,,
golfer_group_38,38.02695460921009,-84.46510662782572,35640.0,golfer,4,#00b894,,,,,,,,
golfer_group_38,38.02666502555619,-84.46505119919976,35700.0,golfer,4,#00b894,,,,,,,,
golfer_group_38,38.02637326063661,-84.4650346343973,35760.0,golfer,4,#00b894,,,,,,,,
golfer_group_38,38.02608041188864,-84.46503738027086,35820.0,golfer,4,#00b894,,,,,,,,
golfer_group_38,38.025787563140675,-84.46504012614442,35880.0,golfer,2,#00b894,,,,,,,,
golfer_group_38,38.025494714392714,-84.46504287201797,35940.0,golfer,4,#00b894,,,,,,,,
golfer_group_38,38.02556401049359,-84.4653626218534,36000.0,golfer,4,#00b894,,,,,,,,
golfer_group_38,38.025666096931715,-84.46571107475296,36060.0,golfer,4,#00b894,,,,,,,,
golfer_group_38,38.02576818336984,-84.46605952765252,36120.0,golfer,4,#00b894,,,,,,,,
golfer_group_38,38.02587026980797,-84.46640798055208,36180.0,golfer,4,#00b894,,,,,,,,
golfer_group_38,38.02597235624609,-84.46675643345164,36240.0,golfer,4,#00b894,,,,,,,,
golfer_group_38,38.02607444268422,-84.46710488635118,36300.0,golfer,4,#00b894,,,,,,,,
golfer_group_38,38.026176529122345,-84.46745333925074,36360.0,golfer,4,#00b894,,,,,,,,
golfer_group_38,38.02627861556047,-84.4678017921503,36420.0,golfer,4,#00b894,,,,,,,,
golfer_group_38,38.026391551516966,-84.46814347235242,36480.0,golfer,4,#00b894,,,,,,,,
golfer_group_38,38.0265466275618,-84.46845884704874,36540.0,golfer,4,#00b894,,,,,,,,
golfer_group_38,38.02670170360664,-84.46877422174504,36600.0,golfer,4,#00b894,,,,,,,,
golfer_group_38,38.02685677965148,-84.46908959644135,36660.0,golfer,4,#00b894,,,,,,,,
golfer_group_38,38.027011855696315,-84.46940497113766,36720.0,golfer,4,#00b894,,,,,,,,
golfer_group_38,38.027202562026105,-84.46967624119414,36780.0,golfer,4,#00b894,,,,,,,,
golfer_group_38,38.027447,-84.469881,36840.0,golfer,1,#00b894,,,,,,,,
golfer_group_39,38.027447,-84.469881,23040.0,golfer,1,#007cbf,,,,,,,,
golfer_group_39,38.02754627606764,-84.46962578282717,23100.0,golfer,1,#007cbf,,,,,,,,
golfer_group_39,38.02744283462056,-84.4692779685763,23160.0,golfer,1,#007cbf,,,,,,,,
golfer_group_39,38.02733939317348,-84.46893015432545,23220.0,golfer,1,#007cbf,,,,,,,,
golfer_group_39,38.0272359517264,-84.46858234007459,23280.0,golfer,1,#007cbf,,,,,,,,
golfer_group_39,38.027132510279316,-84.46823452582373,23340.0,golfer,1,#007cbf,,,,,,,,
golfer_group_39,38.027029068832235,-84.46788671157287,23400.0,golfer,1,#007cbf,,,,,,,,
golfer_group_39,38.026925627385154,-84.46753889732202,23460.0,golfer,1,#007cbf,,,,,,,,
golfer_group_39,38.02682218593807,-84.46719108307117,23520.0,golfer,1,#007cbf,,,,,,,,
golfer_group_39,38.026707885382585,-84.46684997010087,23580.0,golfer,1,#007cbf,,,,,,,,
golfer_group_39,38.0265563489919,-84.46653183579225,23640.0,golfer,1,#007cbf,,,,,,,,
golfer_group_39,38.02640481260122,-84.46621370148365,23700.0,golfer,1,#007cbf,,,,,,,,
golfer_group_39,38.02625327621054,-84.46589556717504,23760.0,golfer,1,#007cbf,,,,,,,,
golfer_group_39,38.026097865476636,-84.4655806681031,23820.0,golfer,1,#007cbf,,,,,,,,
golfer_group_39,38.02592778516153,-84.46527801873756,23880.0,golfer,4,#007cbf,,,,,,,,
golfer_group_39,38.02575770484643,-84.46497536937204,23940.0,golfer,2,#007cbf,,,,,,,,
golfer_group_39,38.02580429978306,-84.46478189846547,24000.0,golfer,2,#007cbf,,,,,,,,
golfer_group_39,38.02609158193444,-84.46470970518055,24060.0,golfer,2,#007cbf,,,,,,,,
golfer_group_39,38.02637886408582,-84.46463751189565,24120.0,golfer,2,#007cbf,,,,,,,,
golfer_group_39,38.0266661462372,-84.46456531861072,24180.0,golfer,2,#007cbf,,,,,,,,
golfer_group_39,38.02695342838857,-84.4644931253258,24240.0,golfer,2,#007cbf,,,,,,,,
golfer_group_39,38.02723262500985,-84.46440936561527,24300.0,golfer,2,#007cbf,,,,,,,,
golfer_group_39,38.02732323296244,-84.46405582806928,24360.0,golfer,2,#007cbf,,,,,,,,
golfer_group_39,38.027413840915024,-84.46370229052329,24420.0,golfer,3,#007cbf,,,,,,,,
golfer_group_39,38.02755613921936,-84.46339199540722,24480.0,golfer,3,#007cbf,,,,,,,,
golfer_group_39,38.02777631020529,-84.46314684598785,24540.0,golfer,3,#007cbf,,,,,,,,
golfer_group_39,38.027996481191224,-84.4629016965685,24600.0,golfer,3,#007cbf,,,,,,,,
golfer_group_39,38.028216652177164,-84.46265654714912,24660.0,golfer,3,#007cbf,,,,,,,,
golfer_group_39,38.0284368231631,-84.46241139772975,24720.0,golfer,3,#007cbf,,,,,,,,
golfer_group_39,38.02865699414903,-84.4621662483104,24780.0,golfer,3,#007cbf,,,,,,,,
golfer_group_39,38.02887716513497,-84.46192109889103,24840.0,golfer,3,#007cbf,,,,,,,,
golfer_group_39,38.029097336120905,-84.46167594947165,24900.0,golfer,3,#007cbf,,,,,,,,
golfer_group_39,38.02932048603734,-84.46143527844885,24960.0,golfer,3,#007cbf,,,,,,,,
golfer_group_39,38.02954781666501,-84.4612008925283,25020.0,golfer,3,#007cbf,,,,,,,,
golfer_group_39,38.029775147292675,-84.46096650660775,25080.0,golfer,3,#007cbf,,,,,,,,
golfer_group_39,38.03000247792034,-84.46073212068718,25140.0,golfer,3,#007cbf,,,,,,,,
golfer_group_39,38.03022980854801,-84.46049773476663,25200.0,golfer,3,#007cbf,,,,,,,,
golfer_group_39,38.03028198771919,-84.46029007968264,25260.0,golfer,3,#007cbf,,,,,,,,
golfer_group_39,38.030017377451664,-84.46013077159431,25320.0,golfer,4,#007cbf,,,,,,,,
golfer_group_39,38.02974997117584,-84.46003134117494,25380.0,golfer,4,#007cbf,,,,,,,,
golfer_group_39,38.029472388508275,-84.46014984237516,25440.0,golfer,4,#007cbf,,,,,,,,
golfer_group_39,38.02919480584071,-84.46026834357538,25500.0,golfer,4,#007cbf,,,,,,,,
golfer_group_39,38.02891722317315,-84.46038684477558,25560.0,golfer,4,#007cbf,,,,,,,,
golfer_group_39,38.02863964050559,-84.4605053459758,25620.0,golfer,4,#007cbf,,,,,,,,
golfer_group_39,38.02846819932939,-84.46074999771898,25680.0,golfer,4,#007cbf,,,,,,,,
golfer_group_39,38.028356651102726,-84.46108459413088,25740.0,golfer,4,#007cbf,,,,,,,,
golfer_group_39,38.028163251425084,-84.46136377382878,25800.0,golfer,4,#007cbf,,,,,,,,
golfer_group_39,38.02796985174745,-84.46164295352668,25860.0,golfer,4,#007cbf,,,,,,,,
golfer_group_39,38.02777645206981,-84.46192213322458,25920.0,golfer,4,#007cbf,,,,,,,,
golfer_group_39,38.027583052392174,-84.46220131292247,25980.0,golfer,4,#007cbf,,,,,,,,
golfer_group_39,38.02739313138997,-84.4624841808364,26040.0,golfer,4,#007cbf,,,,,,,,
golfer_group_39,38.02721114487077,-84.46277546117278,26100.0,golfer,4,#007cbf,,,,,,,,
golfer_group_39,38.02702915835156,-84.46306674150915,26160.0,golfer,4,#007cbf,,,,,,,,
golfer_group_39,38.02684717183235,-84.46335802184554,26220.0,golfer,4,#007cbf,,,,,,,,
golfer_group_39,38.027030664719845,-84.46345337202217,26280.0,golfer,4,#007cbf,,,,,,,,
golfer_group_39,38.02732202605173,-84.46349089491457,26340.0,golfer,3,#007cbf,,,,,,,,
golfer_group_39,38.02761338738361,-84.46352841780696,26400.0,golfer,3,#007cbf,,,,,,,,
golfer_group_39,38.02787761975422,-84.46365295047241,26460.0,golfer,4,#007cbf,,,,,,,,
golfer_group_39,38.02811027773896,-84.46387875056652,26520.0,golfer,4,#007cbf,,,,,,,,
golfer_group_39,38.02834293572369,-84.46410455066062,26580.0,golfer,4,#007cbf,,,,,,,,
golfer_group_39,38.028575593708425,-84.46433035075472,26640.0,golfer,4,#007cbf,,,,,,,,
golfer_group_39,38.028808251693164,-84.46455615084882,26700.0,golfer,4,#007cbf,,,,,,,,
golfer_group_39,38.029040909677896,-84.46478195094294,26760.0,golfer,4,#007cbf,,,,,,,,
golfer_group_39,38.02927356766263,-84.46500775103704,26820.0,golfer,4,#007cbf,,,,,,,,
golfer_group_39,38.02950622564737,-84.46523355113113,26880.0,golfer,4,#007cbf,,,,,,,,
golfer_group_39,38.02975350361947,-84.4654282954189,26940.0,golfer,4,#007cbf,,,,,,,,
golfer_group_39,38.030020352724144,-84.46558146666777,27000.0,golfer,4,#007cbf,,,,,,,,
golfer_group_39,38.03028720182882,-84.46573463791665,27060.0,golfer,4,#007cbf,,,,,,,,
golfer_group_39,38.030554050933496,-84.46588780916554,27120.0,golfer,4,#007cbf,,,,,,,,
golfer_group_39,38.0308144451061,-84.46601508231271,27180.0,golfer,4,#007cbf,,,,,,,,
golfer_group_39,38.03096331555731,-84.46569490649415,27240.0,golfer,4,#007cbf,,,,,,,,
golfer_group_39,38.03100160851583,-84.46532942233877,27300.0,golfer,4,#007cbf,,,,,,,,
golfer_group_39,38.03102825601745,-84.4649591665407,27360.0,golfer,4,#007cbf,,,,,,,,
golfer_group_39,38.03105490351906,-84.46458891074262,27420.0,golfer,4,#007cbf,,,,,,,,
golfer_group_39,38.031081551020684,-84.46421865494455,27480.0,golfer,4,#007cbf,,,,,,,,
golfer_group_39,38.031108198522304,-84.46384839914647,27540.0,golfer,4,#007cbf,,,,,,,,
golfer_group_39,38.03113484602392,-84.4634781433484,27600.0,golfer,4,#007cbf,,,,,,,,
golfer_group_39,38.03116149352554,-84.46310788755032,27660.0,golfer,4,#007cbf,,,,,,,,
golfer_group_39,38.031127268705696,-84.46274982308951,27720.0,golfer,4,#007cbf,,,,,,,,
golfer_group_39,38.031012137391194,-84.4624079623538,27780.0,golfer,4,#007cbf,,,,,,,,
golfer_group_39,38.03089700607669,-84.46206610161808,27840.0,golfer,4,#007cbf,,,,,,,,
golfer_group_39,38.0307818747622,-84.46172424088235,27900.0,golfer,4,#007cbf,,,,,,,,
golfer_group_39,38.030666743447696,-84.46138238014663,27960.0,golfer,4,#007cbf,,,,,,,,
golfer_group_39,38.030551612133195,-84.46104051941091,28020.0,golfer,4,#007cbf,,,,,,,,
golfer_group_39,38.03081531898336,-84.46091137688049,28080.0,golfer,4,#007cbf,,,,,,,,
golfer_group_39,38.0310279411826,-84.46098091912485,28140.0,golfer,4,#007cbf,,,,,,,,
golfer_group_39,38.03115090321037,-84.46131835889211,28200.0,golfer,4,#007cbf,,,,,,,,
golfer_group_39,38.031273865238134,-84.46165579865938,28260.0,golfer,4,#007cbf,,,,,,,,
golfer_group_39,38.03139682726591,-84.46199323842663,28320.0,golfer,4,#007cbf,,,,,,,,
golfer_group_39,38.031519789293675,-84.4623306781939,28380.0,golfer,4,#007cbf,,,,,,,,
golfer_group_39,38.03164275132144,-84.46266811796116,28440.0,golfer,4,#007cbf,,,,,,,,
golfer_group_39,38.03176571334921,-84.46300555772842,28500.0,golfer,4,#007cbf,,,,,,,,
golfer_group_39,38.031888675376976,-84.46334299749569,28560.0,golfer,4,#007cbf,,,,,,,,
golfer_group_39,38.031909837946635,-84.46368872876327,28620.0,golfer,4,#007cbf,,,,,,,,
golfer_group_39,38.03182184589159,-84.46404335060477,28680.0,golfer,4,#007cbf,,,,,,,,
golfer_group_39,38.03173385383655,-84.46439797244628,28740.0,golfer,4,#007cbf,,,,,,,,
golfer_group_39,38.031645861781506,-84.46475259428779,28800.0,golfer,4,#007cbf,,,,,,,,
golfer_group_39,38.03155786972646,-84.46510721612928,28860.0,golfer,4,#007cbf,,,,,,,,
golfer_group_39,38.03146987767142,-84.46546183797079,28920.0,golfer,4,#007cbf,,,,,,,,
golfer_group_39,38.03131864912918,-84.46576966145622,28980.0,golfer,4,#007cbf,,,,,,,,
golfer_group_39,38.0311189562348,-84.46604161874937,29040.0,golfer,4,#007cbf,,,,,,,,
golfer_group_39,38.030919263340415,-84.46631357604252,29100.0,golfer,4,#007cbf,,,,,,,,
golfer_group_39,38.030718115722834,-84.46658350967269,29160.0,golfer,4,#007cbf,,,,,,,,
golfer_group_39,38.0304866033238,-84.46681120290668,29220.0,golfer,4,#007cbf,,,,,,,,
golfer_group_39,38.030255090924776,-84.46703889614066,29280.0,golfer,4,#007cbf,,,,,,,,
golfer_group_39,38.03002357852575,-84.46726658937465,29340.0,golfer,4,#007cbf,,,,,,,,
golfer_group_39,38.02979206612672,-84.46749428260863,29400.0,golfer,4,#007cbf,,,,,,,,
golfer_group_39,38.02956055372769,-84.46772197584261,29460.0,golfer,4,#007cbf,,,,,,,,
golfer_group_39,38.02932904132866,-84.4679496690766,29520.0,golfer,4,#007cbf,,,,,,,,
golfer_group_39,38.02909752892963,-84.46817736231058,29580.0,golfer,4,#007cbf,,,,,,,,
golfer_group_39,38.0288660165306,-84.46840505554457,29640.0,golfer,4,#007cbf,,,,,,,,
golfer_group_39,38.02869804015225,-84.46870681462924,29700.0,golfer,4,#007cbf,,,,,,,,
golfer_group_39,38.028539024924726,-84.46901901999702,29760.0,golfer,4,#007cbf,,,,,,,,
golfer_group_39,38.0283800096972,-84.46933122536481,29820.0,golfer,4,#007cbf,,,,,,,,
golfer_group_39,38.028129065075696,-84.46949162304078,29880.0,golfer,4,#007cbf,,,,,,,,
golfer_group_39,38.02785052807789,-84.46960645602002,29940.0,golfer,1,#007cbf,,,,,,,,
golfer_group_39,38.027571991080094,-84.46972128899925,30000.0,golfer,1,#007cbf,,,,,,,,
golfer_group_39,38.02729345408229,-84.4698361219785,30060.0,golfer,4,#007cbf,,,,,,,,
golfer_group_39,38.027014917084486,-84.46995095495774,30120.0,golfer,4,#007cbf,,,,,,,,
golfer_group_39,38.02677219339408,-84.46990690842384,30180.0,golfer,4,#007cbf,,,,,,,,
golfer_group_39,38.026583670283,-84.46962241044099,30240.0,golfer,4,#007cbf,,,,,,,,
golfer_group_39,38.02639514717193,-84.46933791245814,30300.0,golfer,4,#007cbf,,,,,,,,
golfer_group_39,38.026206624060855,-84.4690534144753,30360.0,golfer,4,#007cbf,,,,,,,,
golfer_group_39,38.02601810094978,-84.46876891649245,30420.0,golfer,4,#007cbf,,,,,,,,
golfer_group_39,38.0258295778387,-84.4684844185096,30480.0,golfer,4,#007cbf,,,,,,,,
golfer_group_39,38.02564105472762,-84.46819992052676,30540.0,golfer,4,#007cbf,,,,,,,,
golfer_group_39,38.02539873776804,-84.4680332578427,30600.0,golfer,4,#007cbf,,,,,,,,
golfer_group_39,38.02511056304286,-84.46796704648648,30660.0,golfer,4,#007cbf,,,,,,,,
golfer_group_39,38.02482238831767,-84.46790083513027,30720.0,golfer,4,#007cbf,,,,,,,,
golfer_group_39,38.02466098715723,-84.46791926274804,30780.0,golfer,4,#007cbf,,,,,,,,
golfer_group_39,38.0248672597656,-84.46818316370741,30840.0,golfer,4,#007cbf,,,,,,,,
golfer_group_39,38.025073532373966,-84.46844706466678,30900.0,golfer,4,#007cbf,,,,,,,,
golfer_group_39,38.02498232223591,-84.46858500193528,30960.0,golfer,4,#007cbf,,,,,,,,
golfer_group_39,38.024692555469876,-84.46863886398934,31020.0,golfer,4,#007cbf,,,,,,,,
golfer_group_39,38.02440278870384,-84.4686927260434,31080.0,golfer,4,#007cbf,,,,,,,,
golfer_group_39,38.0241130219378,-84.46874658809746,31140.0,golfer,4,#007cbf,,,,,,,,
golfer_group_39,38.02382325517176,-84.46880045015152,31200.0,golfer,4,#007cbf,,,,,,,,
golfer_group_39,38.023533488405725,-84.46885431220558,31260.0,golfer,4,#007cbf,,,,,,,,
golfer_group_39,38.02325287292604,-84.46895459002404,31320.0,golfer,4,#007cbf,,,,,,,,
golfer_group_39,38.023120094224296,-84.46908677293466,31380.0,golfer,4,#007cbf,,,,,,,,
golfer_group_39,38.02338797984743,-84.46923698741324,31440.0,golfer,4,#007cbf,,,,,,,,
golfer_group_39,38.02365586547056,-84.46938720189182,31500.0,golfer,4,#007cbf,,,,,,,,
golfer_group_39,38.02392375109368,-84.4695374163704,31560.0,golfer,4,#007cbf,,,,,,,,
golfer_group_39,38.024191636716814,-84.46968763084898,31620.0,golfer,4,#007cbf,,,,,,,,
golfer_group_39,38.024459522339946,-84.46983784532756,31680.0,golfer,4,#007cbf,,,,,,,,
golfer_group_39,38.02472740796308,-84.46998805980614,31740.0,golfer,4,#007cbf,,,,,,,,
golfer_group_39,38.0249952935862,-84.47013827428472,31800.0,golfer,4,#007cbf,,,,,,,,
golfer_group_39,38.02526317920933,-84.4702884887633,31860.0,golfer,4,#007cbf,,,,,,,,
golfer_group_39,38.02549053793203,-84.47051685206469,31920.0,golfer,4,#007cbf,,,,,,,,
golfer_group_39,38.02570511747455,-84.47076985771169,31980.0,golfer,4,#007cbf,,,,,,,,
golfer_group_39,38.025919697017066,-84.4710228633587,32040.0,golfer,4,#007cbf,,,,,,,,
golfer_group_39,38.02613427655959,-84.4712758690057,32100.0,golfer,4,#007cbf,,,,,,,,
golfer_group_39,38.02634885610211,-84.4715288746527,32160.0,golfer,4,#007cbf,,,,,,,,
golfer_group_39,38.026563435644626,-84.4717818802997,32220.0,golfer,4,#007cbf,,,,,,,,
golfer_group_39,38.02678243981026,-84.47202860408251,32280.0,golfer,4,#007cbf,,,,,,,,
golfer_group_39,38.02668611647238,-84.47218057293104,32340.0,golfer,4,#007cbf,,,,,,,,
golfer_group_39,38.02640386024167,-84.4722796932027,32400.0,golfer,4,#007cbf,,,,,,,,
golfer_group_39,38.02612160401096,-84.47237881347434,32460.0,golfer,4,#007cbf,,,,,,,,
golfer_group_39,38.02583934778024,-84.47247793374599,32520.0,golfer,4,#007cbf,,,,,,,,
golfer_group_39,38.02555709154953,-84.47257705401765,32580.0,golfer,4,#007cbf,,,,,,,,
golfer_group_39,38.025278899056985,-84.47258808504574,32640.0,golfer,4,#007cbf,,,,,,,,
golfer_group_39,38.02505413568005,-84.47238241246707,32700.0,golfer,4,#007cbf,,,,,,,,
golfer_group_39,38.02491621232278,-84.47205445775451,32760.0,golfer,4,#007cbf,,,,,,,,
golfer_group_39,38.02477828896551,-84.47172650304194,32820.0,golfer,4,#007cbf,,,,,,,,
golfer_group_39,38.024640365608235,-84.47139854832938,32880.0,golfer,4,#007cbf,,,,,,,,
golfer_group_39,38.02450244225096,-84.4710705936168,32940.0,golfer,4,#007cbf,,,,,,,,
golfer_group_39,38.02436451889369,-84.47074263890424,33000.0,golfer,4,#007cbf,,,,,,,,
golfer_group_39,38.02422659553642,-84.47041468419167,33060.0,golfer,4,#007cbf,,,,,,,,
golfer_group_39,38.02408867217915,-84.4700867294791,33120.0,golfer,4,#007cbf,,,,,,,,
golfer_group_39,38.023830177494666,-84.46991493651929,33180.0,golfer,4,#007cbf,,,,,,,,
golfer_group_39,38.02356911857893,-84.46974646470437,33240.0,golfer,4,#007cbf,,,,,,,,
golfer_group_39,38.0233080596632,-84.46957799288944,33300.0,golfer,4,#007cbf,,,,,,,,
golfer_group_39,38.02304700074746,-84.46940952107451,33360.0,golfer,4,#007cbf,,,,,,,,
golfer_group_39,38.0227847606833,-84.46924457405959,33420.0,golfer,4,#007cbf,,,,,,,,
golfer_group_39,38.02250809559787,-84.46912267439926,33480.0,golfer,4,#007cbf,,,,,,,,
golfer_group_39,38.022527943550884,-84.46893235209967,33540.0,golfer,4,#007cbf,,,,,,,,
golfer_group_39,38.02275311404551,-84.46869465006165,33600.0,golfer,4,#007cbf,,,,,,,,
golfer_group_39,38.02297828454014,-84.46845694802364,33660.0,golfer,4,#007cbf,,,,,,,,
golfer_group_39,38.02320345503476,-84.46821924598564,33720.0,golfer,4,#007cbf,,,,,,,,
golfer_group_39,38.023428625529384,-84.46798154394763,33780.0,golfer,4,#007cbf,,,,,,,,
golfer_group_39,38.02365379602401,-84.46774384190961,33840.0,golfer,4,#007cbf,,,,,,,,
golfer_group_39,38.02387896651864,-84.4675061398716,33900.0,golfer,4,#007cbf,,,,,,,,
golfer_group_39,38.02410413701326,-84.4672684378336,33960.0,golfer,4,#007cbf,,,,,,,,
golfer_group_39,38.024329307507884,-84.46703073579559,34020.0,golfer,4,#007cbf,,,,,,,,
golfer_group_39,38.024516630016976,-84.46674714202182,34080.0,golfer,4,#007cbf,,,,,,,,
golfer_group_39,38.02469334505099,-84.4664506863893,34140.0,golfer,4,#007cbf,,,,,,,,
golfer_group_39,38.02487006008501,-84.46615423075679,34200.0,golfer,4,#007cbf,,,,,,,,
golfer_group_39,38.02504677511902,-84.46585777512426,34260.0,golfer,4,#007cbf,,,,,,,,
golfer_group_39,38.02525798622544,-84.46562593134438,34320.0,golfer,4,#007cbf,,,,,,,,
golfer_group_39,38.025540368765746,-84.46552739312297,34380.0,golfer,4,#007cbf,,,,,,,,
golfer_group_39,38.02582275130605,-84.46542885490156,34440.0,golfer,4,#007cbf,,,,,,,,
golfer_group_39,38.02610513384636,-84.46533031668015,34500.0,golfer,4,#007cbf,,,,,,,,
golfer_group_39,38.02637936666449,-84.46537020680762,34560.0,golfer,4,#007cbf,,,,,,,,
golfer_group_39,38.02664707383,-84.4655209394031,34620.0,golfer,4,#007cbf,,,,,,,,
golfer_group_39,38.026914780995504,-84.46567167199859,34680.0,golfer,4,#007cbf,,,,,,,,
golfer_group_39,38.02718248816101,-84.46582240459409,34740.0,golfer,4,#007cbf,,,,,,,,
golfer_group_39,38.027450195326516,-84.46597313718958,34800.0,golfer,4,#007cbf,,,,,,,,
golfer_group_39,38.02771790249202,-84.46612386978506,34860.0,golfer,4,#007cbf,,,,,,,,
golfer_group_39,38.027985609657534,-84.46627460238055,34920.0,golfer,4,#007cbf,,,,,,,,
golfer_group_39,38.02825331682304,-84.46642533497604,34980.0,golfer,4,#007cbf,,,,,,,,
golfer_group_39,38.02854411583699,-84.46643446747252,35040.0,golfer,4,#007cbf,,,,,,,,
golfer_group_39,38.02883696025459,-84.46643105747557,35100.0,golfer,4,#007cbf,,,,,,,,
golfer_group_39,38.02912980467218,-84.46642764747862,35160.0,golfer,4,#007cbf,,,,,,,,
golfer_group_39,38.029422649089774,-84.46642423748168,35220.0,golfer,4,#007cbf,,,,,,,,
golfer_group_39,38.029714660100595,-84.46640554510962,35280.0,golfer,4,#007cbf,,,,,,,,
golfer_group_39,38.03000508074206,-84.46635768976212,35340.0,golfer,4,#007cbf,,,,,,,,
golfer_group_39,38.03029550138352,-84.46630983441462,35400.0,golfer,4,#007cbf,,,,,,,,
golfer_group_39,38.03034421537664,-84.46623396436489,35460.0,golfer,4,#007cbf,,,,,,,,
golfer_group_39,38.0300654222068,-84.4661201350132,35520.0,golfer,4,#007cbf,,,,,,,,
golfer_group_39,38.02978662903697,-84.46600630566151,35580.0,golfer,4,#007cbf,,,,,,,,
golfer_group_39,38.02950783586713,-84.46589247630982,35640.0,golfer,4,#007cbf,,,,,,,,
golfer_group_39,38.029229042697295,-84.46577864695813,35700.0,golfer,4,#007cbf,,,,,,,,
golfer_group_39,38.02895024952746,-84.46566481760644,35760.0,golfer,4,#007cbf,,,,,,,,
golfer_group_39,38.02867145635763,-84.46555098825475,35820.0,golfer,4,#007cbf,,,,,,,,
golfer_group_39,38.02839266318779,-84.46543715890306,35880.0,golfer,4,#007cbf,,,,,,,,
golfer_group_39,38.02811294382565,-84.46532834232956,35940.0,golfer,4,#007cbf,,,,,,,,
golfer_group_39,38.02782336017175,-84.46527291370359,36000.0,golfer,4,#007cbf,,,,,,,,
golfer_group_39,38.02753377651786,-84.46521748507763,36060.0,golfer,4,#007cbf,,,,,,,,
golfer_group_39,38.027244192863975,-84.46516205645167,36120.0,golfer,4,#007cbf,,,,,,,,
golfer_group_39,38.02695460921009,-84.46510662782572,36180.0,golfer,4,#007cbf,,,,,,,,
golfer_group_39,38.02666502555619,-84.46505119919976,36240.0,golfer,4,#007cbf,,,,,,,,
golfer_group_39,38.02637326063661,-84.4650346343973,36300.0,golfer,4,#007cbf,,,,,,,,
golfer_group_39,38.02608041188864,-84.46503738027086,36360.0,golfer,4,#007cbf,,,,,,,,
golfer_group_39,38.025787563140675,-84.46504012614442,36420.0,golfer,2,#007cbf,,,,,,,,
golfer_group_39,38.025494714392714,-84.46504287201797,36480.0,golfer,4,#007cbf,,,,,,,,
golfer_group_39,38.02556401049359,-84.4653626218534,36540.0,golfer,4,#007cbf,,,,,,,,
golfer_group_39,38.025666096931715,-84.46571107475296,36600.0,golfer,4,#007cbf,,,,,,,,
golfer_group_39,38.02576818336984,-84.46605952765252,36660.0,golfer,4,#007cbf,,,,,,,,
golfer_group_39,38.02587026980797,-84.46640798055208,36720.0,golfer,4,#007cbf,,,,,,,,
golfer_group_39,38.02597235624609,-84.46675643345164,36780.0,golfer,4,#007cbf,,,,,,,,
golfer_group_39,38.02607444268422,-84.46710488635118,36840.0,golfer,4,#007cbf,,,,,,,,
golfer_group_39,38.026176529122345,-84.46745333925074,36900.0,golfer,4,#007cbf,,,,,,,,
golfer_group_39,38.02627861556047,-84.4678017921503,36960.0,golfer,4,#007cbf,,,,,,,,
golfer_group_39,38.026391551516966,-84.46814347235242,37020.0,golfer,4,#007cbf,,,,,,,,
golfer_group_39,38.0265466275618,-84.46845884704874,37080.0,golfer,4,#007cbf,,,,,,,,
golfer_group_39,38.02670170360664,-84.46877422174504,37140.0,golfer,4,#007cbf,,,,,,,,
golfer_group_39,38.02685677965148,-84.46908959644135,37200.0,golfer,4,#007cbf,,,,,,,,
golfer_group_39,38.027011855696315,-84.46940497113766,37260.0,golfer,4,#007cbf,,,,,,,,
golfer_group_39,38.027202562026105,-84.46967624119414,37320.0,golfer,4,#007cbf,,,,,,,,
golfer_group_39,38.027447,-84.469881,37380.0,golfer,1,#007cbf,,,,,,,,
golfer_group_4,38.027447,-84.469881,4140.0,golfer,1,#007cbf,,,,,,,,
golfer_group_4,38.02754627606764,-84.46962578282717,4200.0,golfer,1,#007cbf,,,,,,,,
golfer_group_4,38.02744283462056,-84.4692779685763,4260.0,golfer,1,#007cbf,,,,,,,,
golfer_group_4,38.02733939317348,-84.46893015432545,4320.0,golfer,1,#007cbf,,,,,,,,
golfer_group_4,38.0272359517264,-84.46858234007459,4380.0,golfer,1,#007cbf,,,,,,,,
golfer_group_4,38.027132510279316,-84.46823452582373,4440.0,golfer,1,#007cbf,,,,,,,,
golfer_group_4,38.027029068832235,-84.46788671157287,4500.0,golfer,1,#007cbf,,,,,,,,
golfer_group_4,38.026925627385154,-84.46753889732202,4560.0,golfer,1,#007cbf,,,,,,,,
golfer_group_4,38.02682218593807,-84.46719108307117,4620.0,golfer,1,#007cbf,,,,,,,,
golfer_group_4,38.026707885382585,-84.46684997010087,4680.0,golfer,1,#007cbf,,,,,,,,
golfer_group_4,38.0265563489919,-84.46653183579225,4740.0,golfer,1,#007cbf,,,,,,,,
golfer_group_4,38.02640481260122,-84.46621370148365,4800.0,golfer,1,#007cbf,,,,,,,,
golfer_group_4,38.02625327621054,-84.46589556717504,4860.0,golfer,1,#007cbf,,,,,,,,
golfer_group_4,38.026097865476636,-84.4655806681031,4920.0,golfer,1,#007cbf,,,,,,,,
golfer_group_4,38.02592778516153,-84.46527801873756,4980.0,golfer,4,#007cbf,,,,,,,,
golfer_group_4,38.02575770484643,-84.46497536937204,5040.0,golfer,2,#007cbf,,,,,,,,
golfer_group_4,38.02580429978306,-84.46478189846547,5100.0,golfer,2,#007cbf,,,,,,,,
golfer_group_4,38.02609158193444,-84.46470970518055,5160.0,golfer,2,#007cbf,,,,,,,,
golfer_group_4,38.02637886408582,-84.46463751189565,5220.0,golfer,2,#007cbf,,,,,,,,
golfer_group_4,38.0266661462372,-84.46456531861072,5280.0,golfer,2,#007cbf,,,,,,,,
golfer_group_4,38.02695342838857,-84.4644931253258,5340.0,golfer,2,#007cbf,,,,,,,,
golfer_group_4,38.02723262500985,-84.46440936561527,5400.0,golfer,2,#007cbf,,,,,,,,
golfer_group_4,38.02732323296244,-84.46405582806928,5460.0,golfer,2,#007cbf,,,,,,,,
golfer_group_4,38.027413840915024,-84.46370229052329,5520.0,golfer,3,#007cbf,,,,,,,,
golfer_group_4,38.02755613921936,-84.46339199540722,5580.0,golfer,3,#007cbf,,,,,,,,
golfer_group_4,38.02777631020529,-84.46314684598785,5640.0,golfer,3,#007cbf,,,,,,,,
golfer_group_4,38.027996481191224,-84.4629016965685,5700.0,golfer,3,#007cbf,,,,,,,,
golfer_group_4,38.028216652177164,-84.46265654714912,5760.0,golfer,3,#007cbf,,,,,,,,
golfer_group_4,38.0284368231631,-84.46241139772975,5820.0,golfer,3,#007cbf,,,,,,,,
golfer_group_4,38.02865699414903,-84.4621662483104,5880.0,golfer,3,#007cbf,,,,,,,,
golfer_group_4,38.02887716513497,-84.46192109889103,5940.0,golfer,3,#007cbf,,,,,,,,
golfer_group_4,38.029097336120905,-84.46167594947165,6000.0,golfer,3,#007cbf,,,,,,,,
golfer_group_4,38.02932048603734,-84.46143527844885,6060.0,golfer,3,#007cbf,,,,,,,,
golfer_group_4,38.02954781666501,-84.4612008925283,6120.0,golfer,3,#007cbf,,,,,,,,
golfer_group_4,38.029775147292675,-84.46096650660775,6180.0,golfer,3,#007cbf,,,,,,,,
golfer_group_4,38.03000247792034,-84.46073212068718,6240.0,golfer,3,#007cbf,,,,,,,,
golfer_group_4,38.03022980854801,-84.46049773476663,6300.0,golfer,3,#007cbf,,,,,,,,
golfer_group_4,38.03028198771919,-84.46029007968264,6360.0,golfer,3,#007cbf,,,,,,,,
golfer_group_4,38.030017377451664,-84.46013077159431,6420.0,golfer,4,#007cbf,,,,,,,,
golfer_group_4,38.02974997117584,-84.46003134117494,6480.0,golfer,4,#007cbf,,,,,,,,
golfer_group_4,38.029472388508275,-84.46014984237516,6540.0,golfer,4,#007cbf,,,,,,,,
golfer_group_4,38.02919480584071,-84.46026834357538,6600.0,golfer,4,#007cbf,,,,,,,,
golfer_group_4,38.02891722317315,-84.46038684477558,6660.0,golfer,4,#007cbf,,,,,,,,
golfer_group_4,38.02863964050559,-84.4605053459758,6720.0,golfer,4,#007cbf,,,,,,,,
golfer_group_4,38.02846819932939,-84.46074999771898,6780.0,golfer,4,#007cbf,,,,,,,,
golfer_group_4,38.028356651102726,-84.46108459413088,6840.0,golfer,4,#007cbf,,,,,,,,
golfer_group_4,38.028163251425084,-84.46136377382878,6900.0,golfer,4,#007cbf,,,,,,,,
golfer_group_4,38.02796985174745,-84.46164295352668,6960.0,golfer,4,#007cbf,,,,,,,,
golfer_group_4,38.02777645206981,-84.46192213322458,7020.0,golfer,4,#007cbf,,,,,,,,
golfer_group_4,38.027583052392174,-84.46220131292247,7080.0,golfer,4,#007cbf,,,,,,,,
golfer_group_4,38.02739313138997,-84.4624841808364,7140.0,golfer,4,#007cbf,,,,,,,,
golfer_group_4,38.02721114487077,-84.46277546117278,7200.0,golfer,4,#007cbf,,,,,,,,
golfer_group_4,38.02702915835156,-84.46306674150915,7260.0,golfer,4,#007cbf,,,,,,,,
golfer_group_4,38.02684717183235,-84.46335802184554,7320.0,golfer,4,#007cbf,,,,,,,,
golfer_group_4,38.027030664719845,-84.46345337202217,7380.0,golfer,4,#007cbf,,,,,,,,
golfer_group_4,38.02732202605173,-84.46349089491457,7440.0,golfer,3,#007cbf,,,,,,,,
golfer_group_4,38.02761338738361,-84.46352841780696,7500.0,golfer,3,#007cbf,,,,,,,,
golfer_group_4,38.02787761975422,-84.46365295047241,7560.0,golfer,4,#007cbf,,,,,,,,
golfer_group_4,38.02811027773896,-84.46387875056652,7620.0,golfer,4,#007cbf,,,,,,,,
golfer_group_4,38.02834293572369,-84.46410455066062,7680.0,golfer,4,#007cbf,,,,,,,,
golfer_group_4,38.028575593708425,-84.46433035075472,7740.0,golfer,4,#007cbf,,,,,,,,
golfer_group_4,38.028808251693164,-84.46455615084882,7800.0,golfer,4,#007cbf,,,,,,,,
golfer_group_4,38.029040909677896,-84.46478195094294,7860.0,golfer,4,#007cbf,,,,,,,,
golfer_group_4,38.02927356766263,-84.46500775103704,7920.0,golfer,4,#007cbf,,,,,,,,
golfer_group_4,38.02950622564737,-84.46523355113113,7980.0,golfer,4,#007cbf,,,,,,,,
golfer_group_4,38.02975350361947,-84.4654282954189,8040.0,golfer,4,#007cbf,,,,,,,,
golfer_group_4,38.030020352724144,-84.46558146666777,8100.0,golfer,4,#007cbf,,,,,,,,
golfer_group_4,38.03028720182882,-84.46573463791665,8160.0,golfer,4,#007cbf,,,,,,,,
golfer_group_4,38.030554050933496,-84.46588780916554,8220.0,golfer,4,#007cbf,,,,,,,,
golfer_group_4,38.0308144451061,-84.46601508231271,8280.0,golfer,4,#007cbf,,,,,,,,
golfer_group_4,38.03096331555731,-84.46569490649415,8340.0,golfer,4,#007cbf,,,,,,,,
golfer_group_4,38.03100160851583,-84.46532942233877,8400.0,golfer,4,#007cbf,,,,,,,,
golfer_group_4,38.03102825601745,-84.4649591665407,8460.0,golfer,4,#007cbf,,,,,,,,
golfer_group_4,38.03105490351906,-84.46458891074262,8520.0,golfer,4,#007cbf,,,,,,,,
golfer_group_4,38.031081551020684,-84.46421865494455,8580.0,golfer,4,#007cbf,,,,,,,,
golfer_group_4,38.031108198522304,-84.46384839914647,8640.0,golfer,4,#007cbf,,,,,,,,
golfer_group_4,38.03113484602392,-84.4634781433484,8700.0,golfer,4,#007cbf,,,,,,,,
golfer_group_4,38.03116149352554,-84.46310788755032,8760.0,golfer,4,#007cbf,,,,,,,,
golfer_group_4,38.031127268705696,-84.46274982308951,8820.0,golfer,4,#007cbf,,,,,,,,
golfer_group_4,38.031012137391194,-84.4624079623538,8880.0,golfer,4,#007cbf,,,,,,,,
golfer_group_4,38.03089700607669,-84.46206610161808,8940.0,golfer,4,#007cbf,,,,,,,,
golfer_group_4,38.0307818747622,-84.46172424088235,9000.0,golfer,4,#007cbf,,,,,,,,
golfer_group_4,38.030666743447696,-84.46138238014663,9060.0,golfer,4,#007cbf,,,,,,,,
golfer_group_4,38.030551612133195,-84.46104051941091,9120.0,golfer,4,#007cbf,,,,,,,,
golfer_group_4,38.03081531898336,-84.46091137688049,9180.0,golfer,4,#007cbf,,,,,,,,
golfer_group_4,38.0310279411826,-84.46098091912485,9240.0,golfer,4,#007cbf,,,,,,,,
golfer_group_4,38.03115090321037,-84.46131835889211,9300.0,golfer,4,#007cbf,,,,,,,,
golfer_group_4,38.031273865238134,-84.46165579865938,9360.0,golfer,4,#007cbf,,,,,,,,
golfer_group_4,38.03139682726591,-84.46199323842663,9420.0,golfer,4,#007cbf,,,,,,,,
golfer_group_4,38.031519789293675,-84.4623306781939,9480.0,golfer,4,#007cbf,,,,,,,,
golfer_group_4,38.03164275132144,-84.46266811796116,9540.0,golfer,4,#007cbf,,,,,,,,
golfer_group_4,38.03176571334921,-84.46300555772842,9600.0,golfer,4,#007cbf,,,,,,,,
golfer_group_4,38.031888675376976,-84.46334299749569,9660.0,golfer,4,#007cbf,,,,,,,,
golfer_group_4,38.031909837946635,-84.46368872876327,9720.0,golfer,4,#007cbf,,,,,,,,
golfer_group_4,38.03182184589159,-84.46404335060477,9780.0,golfer,4,#007cbf,,,,,,,,
golfer_group_4,38.03173385383655,-84.46439797244628,9840.0,golfer,4,#007cbf,,,,,,,,
golfer_group_4,38.031645861781506,-84.46475259428779,9900.0,golfer,4,#007cbf,,,,,,,,
golfer_group_4,38.03155786972646,-84.46510721612928,9960.0,golfer,4,#007cbf,,,,,,,,
golfer_group_4,38.03146987767142,-84.46546183797079,10020.0,golfer,4,#007cbf,,,,,,,,
golfer_group_4,38.03131864912918,-84.46576966145622,10080.0,golfer,4,#007cbf,,,,,,,,
golfer_group_4,38.0311189562348,-84.46604161874937,10140.0,golfer,4,#007cbf,,,,,,,,
golfer_group_4,38.030919263340415,-84.46631357604252,10200.0,golfer,4,#007cbf,,,,,,,,
golfer_group_4,38.030718115722834,-84.46658350967269,10260.0,golfer,4,#007cbf,,,,,,,,
golfer_group_4,38.0304866033238,-84.46681120290668,10320.0,golfer,4,#007cbf,,,,,,,,
golfer_group_4,38.030255090924776,-84.46703889614066,10380.0,golfer,4,#007cbf,,,,,,,,
golfer_group_4,38.03002357852575,-84.46726658937465,10440.0,golfer,4,#007cbf,,,,,,,,
golfer_group_4,38.02979206612672,-84.46749428260863,10500.0,golfer,4,#007cbf,,,,,,,,
golfer_group_4,38.02956055372769,-84.46772197584261,10560.0,golfer,4,#007cbf,,,,,,,,
golfer_group_4,38.02932904132866,-84.4679496690766,10620.0,golfer,4,#007cbf,,,,,,,,
golfer_group_4,38.02909752892963,-84.46817736231058,10680.0,golfer,4,#007cbf,,,,,,,,
golfer_group_4,38.0288660165306,-84.46840505554457,10740.0,golfer,4,#007cbf,,,,,,,,
golfer_group_4,38.02869804015225,-84.46870681462924,10800.0,golfer,4,#007cbf,,,,,,,,
golfer_group_4,38.028539024924726,-84.46901901999702,10860.0,golfer,4,#007cbf,,,,,,,,
golfer_group_4,38.0283800096972,-84.46933122536481,10920.0,golfer,4,#007cbf,,,,,,,,
golfer_group_4,38.028129065075696,-84.46949162304078,10980.0,golfer,4,#007cbf,,,,,,,,
golfer_group_4,38.02785052807789,-84.46960645602002,11040.0,golfer,1,#007cbf,,,,,,,,
golfer_group_4,38.027571991080094,-84.46972128899925,11100.0,golfer,1,#007cbf,,,,,,,,
golfer_group_4,38.02729345408229,-84.4698361219785,11160.0,golfer,4,#007cbf,,,,,,,,
golfer_group_4,38.027014917084486,-84.46995095495774,11220.0,golfer,4,#007cbf,,,,,,,,
golfer_group_4,38.02677219339408,-84.46990690842384,11280.0,golfer,4,#007cbf,,,,,,,,
golfer_group_4,38.026583670283,-84.46962241044099,11340.0,golfer,4,#007cbf,,,,,,,,
golfer_group_4,38.02639514717193,-84.46933791245814,11400.0,golfer,4,#007cbf,,,,,,,,
golfer_group_4,38.026206624060855,-84.4690534144753,11460.0,golfer,4,#007cbf,,,,,,,,
golfer_group_4,38.02601810094978,-84.46876891649245,11520.0,golfer,4,#007cbf,,,,,,,,
golfer_group_4,38.0258295778387,-84.4684844185096,11580.0,golfer,4,#007cbf,,,,,,,,
golfer_group_4,38.02564105472762,-84.46819992052676,11640.0,golfer,4,#007cbf,,,,,,,,
golfer_group_4,38.02539873776804,-84.4680332578427,11700.0,golfer,4,#007cbf,,,,,,,,
golfer_group_4,38.02511056304286,-84.46796704648648,11760.0,golfer,4,#007cbf,,,,,,,,
golfer_group_4,38.02482238831767,-84.46790083513027,11820.0,golfer,4,#007cbf,,,,,,,,
golfer_group_4,38.02466098715723,-84.46791926274804,11880.0,golfer,4,#007cbf,,,,,,,,
golfer_group_4,38.0248672597656,-84.46818316370741,11940.0,golfer,4,#007cbf,,,,,,,,
golfer_group_4,38.025073532373966,-84.46844706466678,12000.0,golfer,4,#007cbf,,,,,,,,
golfer_group_4,38.02498232223591,-84.46858500193528,12060.0,golfer,4,#007cbf,,,,,,,,
golfer_group_4,38.024692555469876,-84.46863886398934,12120.0,golfer,4,#007cbf,,,,,,,,
golfer_group_4,38.02440278870384,-84.4686927260434,12180.0,golfer,4,#007cbf,,,,,,,,
golfer_group_4,38.0241130219378,-84.46874658809746,12240.0,golfer,4,#007cbf,,,,,,,,
golfer_group_4,38.02382325517176,-84.46880045015152,12300.0,golfer,4,#007cbf,,,,,,,,
golfer_group_4,38.023533488405725,-84.46885431220558,12360.0,golfer,4,#007cbf,,,,,,,,
golfer_group_4,38.02325287292604,-84.46895459002404,12420.0,golfer,4,#007cbf,,,,,,,,
golfer_group_4,38.023120094224296,-84.46908677293466,12480.0,golfer,4,#007cbf,,,,,,,,
golfer_group_4,38.02338797984743,-84.46923698741324,12540.0,golfer,4,#007cbf,,,,,,,,
golfer_group_4,38.02365586547056,-84.46938720189182,12600.0,golfer,4,#007cbf,,,,,,,,
golfer_group_4,38.02392375109368,-84.4695374163704,12660.0,golfer,4,#007cbf,,,,,,,,
golfer_group_4,38.024191636716814,-84.46968763084898,12720.0,golfer,4,#007cbf,,,,,,,,
golfer_group_4,38.024459522339946,-84.46983784532756,12780.0,golfer,4,#007cbf,,,,,,,,
golfer_group_4,38.02472740796308,-84.46998805980614,12840.0,golfer,4,#007cbf,,,,,,,,
golfer_group_4,38.0249952935862,-84.47013827428472,12900.0,golfer,4,#007cbf,,,,,,,,
golfer_group_4,38.02526317920933,-84.4702884887633,12960.0,golfer,4,#007cbf,,,,,,,,
golfer_group_4,38.02549053793203,-84.47051685206469,13020.0,golfer,4,#007cbf,,,,,,,,
golfer_group_4,38.02570511747455,-84.47076985771169,13080.0,golfer,4,#007cbf,,,,,,,,
golfer_group_4,38.025919697017066,-84.4710228633587,13140.0,golfer,4,#007cbf,,,,,,,,
golfer_group_4,38.02613427655959,-84.4712758690057,13200.0,golfer,4,#007cbf,,,,,,,,
golfer_group_4,38.02634885610211,-84.4715288746527,13260.0,golfer,4,#007cbf,,,,,,,,
golfer_group_4,38.026563435644626,-84.4717818802997,13320.0,golfer,4,#007cbf,,,,,,,,
golfer_group_4,38.02678243981026,-84.47202860408251,13380.0,golfer,4,#007cbf,,,,,,,,
golfer_group_4,38.02668611647238,-84.47218057293104,13440.0,golfer,4,#007cbf,,,,,,,,
golfer_group_4,38.02640386024167,-84.4722796932027,13500.0,golfer,4,#007cbf,,,,,,,,
golfer_group_4,38.02612160401096,-84.47237881347434,13560.0,golfer,4,#007cbf,,,,,,,,
golfer_group_4,38.02583934778024,-84.47247793374599,13620.0,golfer,4,#007cbf,,,,,,,,
golfer_group_4,38.02555709154953,-84.47257705401765,13680.0,golfer,4,#007cbf,,,,,,,,
golfer_group_4,38.025278899056985,-84.47258808504574,13740.0,golfer,4,#007cbf,,,,,,,,
golfer_group_4,38.02505413568005,-84.47238241246707,13800.0,golfer,4,#007cbf,,,,,,,,
golfer_group_4,38.02491621232278,-84.47205445775451,13860.0,golfer,4,#007cbf,,,,,,,,
golfer_group_4,38.02477828896551,-84.47172650304194,13920.0,golfer,4,#007cbf,,,,,,,,
golfer_group_4,38.024640365608235,-84.47139854832938,13980.0,golfer,4,#007cbf,,,,,,,,
golfer_group_4,38.02450244225096,-84.4710705936168,14040.0,golfer,4,#007cbf,,,,,,,,
golfer_group_4,38.02436451889369,-84.47074263890424,14100.0,golfer,4,#007cbf,,,,,,,,
golfer_group_4,38.02422659553642,-84.47041468419167,14160.0,golfer,4,#007cbf,,,,,,,,
golfer_group_4,38.02408867217915,-84.4700867294791,14220.0,golfer,4,#007cbf,,,,,,,,
golfer_group_4,38.023830177494666,-84.46991493651929,14280.0,golfer,4,#007cbf,,,,,,,,
golfer_group_4,38.02356911857893,-84.46974646470437,14340.0,golfer,4,#007cbf,,,,,,,,
golfer_group_4,38.0233080596632,-84.46957799288944,14400.0,golfer,4,#007cbf,,,,,,,,
golfer_group_4,38.02304700074746,-84.46940952107451,14460.0,golfer,4,#007cbf,,,,,,,,
golfer_group_4,38.0227847606833,-84.46924457405959,14520.0,golfer,4,#007cbf,,,,,,,,
golfer_group_4,38.02250809559787,-84.46912267439926,14580.0,golfer,4,#007cbf,,,,,,,,
golfer_group_4,38.022527943550884,-84.46893235209967,14640.0,golfer,4,#007cbf,,,,,,,,
golfer_group_4,38.02275311404551,-84.46869465006165,14700.0,golfer,4,#007cbf,,,,,,,,
golfer_group_4,38.02297828454014,-84.46845694802364,14760.0,golfer,4,#007cbf,,,,,,,,
golfer_group_4,38.02320345503476,-84.46821924598564,14820.0,golfer,4,#007cbf,,,,,,,,
golfer_group_4,38.023428625529384,-84.46798154394763,14880.0,golfer,4,#007cbf,,,,,,,,
golfer_group_4,38.02365379602401,-84.46774384190961,14940.0,golfer,4,#007cbf,,,,,,,,
golfer_group_4,38.02387896651864,-84.4675061398716,15000.0,golfer,4,#007cbf,,,,,,,,
golfer_group_4,38.02410413701326,-84.4672684378336,15060.0,golfer,4,#007cbf,,,,,,,,
golfer_group_4,38.024329307507884,-84.46703073579559,15120.0,golfer,4,#007cbf,,,,,,,,
golfer_group_4,38.024516630016976,-84.46674714202182,15180.0,golfer,4,#007cbf,,,,,,,,
golfer_group_4,38.02469334505099,-84.4664506863893,15240.0,golfer,4,#007cbf,,,,,,,,
golfer_group_4,38.02487006008501,-84.46615423075679,15300.0,golfer,4,#007cbf,,,,,,,,
golfer_group_4,38.02504677511902,-84.46585777512426,15360.0,golfer,4,#007cbf,,,,,,,,
golfer_group_4,38.02525798622544,-84.46562593134438,15420.0,golfer,4,#007cbf,,,,,,,,
golfer_group_4,38.025540368765746,-84.46552739312297,15480.0,golfer,4,#007cbf,,,,,,,,
golfer_group_4,38.02582275130605,-84.46542885490156,15540.0,golfer,4,#007cbf,,,,,,,,
golfer_group_4,38.02610513384636,-84.46533031668015,15600.0,golfer,4,#007cbf,,,,,,,,
golfer_group_4,38.02637936666449,-84.46537020680762,15660.0,golfer,4,#007cbf,,,,,,,,
golfer_group_4,38.02664707383,-84.4655209394031,15720.0,golfer,4,#007cbf,,,,,,,,
golfer_group_4,38.026914780995504,-84.46567167199859,15780.0,golfer,4,#007cbf,,,,,,,,
golfer_group_4,38.02718248816101,-84.46582240459409,15840.0,golfer,4,#007cbf,,,,,,,,
golfer_group_4,38.027450195326516,-84.46597313718958,15900.0,golfer,4,#007cbf,,,,,,,,
golfer_group_4,38.02771790249202,-84.46612386978506,15960.0,golfer,4,#007cbf,,,,,,,,
golfer_group_4,38.027985609657534,-84.46627460238055,16020.0,golfer,4,#007cbf,,,,,,,,
golfer_group_4,38.02825331682304,-84.46642533497604,16080.0,golfer,4,#007cbf,,,,,,,,
golfer_group_4,38.02854411583699,-84.46643446747252,16140.0,golfer,4,#007cbf,,,,,,,,
golfer_group_4,38.02883696025459,-84.46643105747557,16200.0,golfer,4,#007cbf,,,,,,,,
golfer_group_4,38.02912980467218,-84.46642764747862,16260.0,golfer,4,#007cbf,,,,,,,,
golfer_group_4,38.029422649089774,-84.46642423748168,16320.0,golfer,4,#007cbf,,,,,,,,
golfer_group_4,38.029714660100595,-84.46640554510962,16380.0,golfer,4,#007cbf,,,,,,,,
golfer_group_4,38.03000508074206,-84.46635768976212,16440.0,golfer,4,#007cbf,,,,,,,,
golfer_group_4,38.03029550138352,-84.46630983441462,16500.0,golfer,4,#007cbf,,,,,,,,
golfer_group_4,38.03034421537664,-84.46623396436489,16560.0,golfer,4,#007cbf,,,,,,,,
golfer_group_4,38.0300654222068,-84.4661201350132,16620.0,golfer,4,#007cbf,,,,,,,,
golfer_group_4,38.02978662903697,-84.46600630566151,16680.0,golfer,4,#007cbf,,,,,,,,
golfer_group_4,38.02950783586713,-84.46589247630982,16740.0,golfer,4,#007cbf,,,,,,,,
golfer_group_4,38.029229042697295,-84.46577864695813,16800.0,golfer,4,#007cbf,,,,,,,,
golfer_group_4,38.02895024952746,-84.46566481760644,16860.0,golfer,4,#007cbf,,,,,,,,
golfer_group_4,38.02867145635763,-84.46555098825475,16920.0,golfer,4,#007cbf,,,,,,,,
golfer_group_4,38.02839266318779,-84.46543715890306,16980.0,golfer,4,#007cbf,,,,,,,,
golfer_group_4,38.02811294382565,-84.46532834232956,17040.0,golfer,4,#007cbf,,,,,,,,
golfer_group_4,38.02782336017175,-84.46527291370359,17100.0,golfer,4,#007cbf,,,,,,,,
golfer_group_4,38.02753377651786,-84.46521748507763,17160.0,golfer,4,#007cbf,,,,,,,,
golfer_group_4,38.027244192863975,-84.46516205645167,17220.0,golfer,4,#007cbf,,,,,,,,
golfer_group_4,38.02695460921009,-84.46510662782572,17280.0,golfer,4,#007cbf,,,,,,,,
golfer_group_4,38.02666502555619,-84.46505119919976,17340.0,golfer,4,#007cbf,,,,,,,,
golfer_group_4,38.02637326063661,-84.4650346343973,17400.0,golfer,4,#007cbf,,,,,,,,
golfer_group_4,38.02608041188864,-84.46503738027086,17460.0,golfer,4,#007cbf,,,,,,,,
golfer_group_4,38.025787563140675,-84.46504012614442,17520.0,golfer,2,#007cbf,,,,,,,,
golfer_group_4,38.025494714392714,-84.46504287201797,17580.0,golfer,4,#007cbf,,,,,,,,
golfer_group_4,38.02556401049359,-84.4653626218534,17640.0,golfer,4,#007cbf,,,,,,,,
golfer_group_4,38.025666096931715,-84.46571107475296,17700.0,golfer,4,#007cbf,,,,,,,,
golfer_group_4,38.02576818336984,-84.46605952765252,17760.0,golfer,4,#007cbf,,,,,,,,
golfer_group_4,38.02587026980797,-84.46640798055208,17820.0,golfer,4,#007cbf,,,,,,,,
golfer_group_4,38.02597235624609,-84.46675643345164,17880.0,golfer,4,#007cbf,,,,,,,,
golfer_group_4,38.02607444268422,-84.46710488635118,17940.0,golfer,4,#007cbf,,,,,,,,
golfer_group_4,38.026176529122345,-84.46745333925074,18000.0,golfer,4,#007cbf,,,,,,,,
golfer_group_4,38.02627861556047,-84.4678017921503,18060.0,golfer,4,#007cbf,,,,,,,,
golfer_group_4,38.026391551516966,-84.46814347235242,18120.0,golfer,4,#007cbf,,,,,,,,
golfer_group_4,38.0265466275618,-84.46845884704874,18180.0,golfer,4,#007cbf,,,,,,,,
golfer_group_4,38.02670170360664,-84.46877422174504,18240.0,golfer,4,#007cbf,,,,,,,,
golfer_group_4,38.02685677965148,-84.46908959644135,18300.0,golfer,4,#007cbf,,,,,,,,
golfer_group_4,38.027011855696315,-84.46940497113766,18360.0,golfer,4,#007cbf,,,,,,,,
golfer_group_4,38.027202562026105,-84.46967624119414,18420.0,golfer,4,#007cbf,,,,,,,,
golfer_group_4,38.027447,-84.469881,18480.0,golfer,1,#007cbf,,,,,,,,
golfer_group_40,38.027447,-84.469881,23580.0,golfer,1,#007cbf,,,,,,,,
golfer_group_40,38.02754627606764,-84.46962578282717,23640.0,golfer,1,#007cbf,,,,,,,,
golfer_group_40,38.02744283462056,-84.4692779685763,23700.0,golfer,1,#007cbf,,,,,,,,
golfer_group_40,38.02733939317348,-84.46893015432545,23760.0,golfer,1,#007cbf,,,,,,,,
golfer_group_40,38.0272359517264,-84.46858234007459,23820.0,golfer,1,#007cbf,,,,,,,,
golfer_group_40,38.027132510279316,-84.46823452582373,23880.0,golfer,1,#007cbf,,,,,,,,
golfer_group_40,38.027029068832235,-84.46788671157287,23940.0,golfer,1,#007cbf,,,,,,,,
golfer_group_40,38.026925627385154,-84.46753889732202,24000.0,golfer,1,#007cbf,,,,,,,,
golfer_group_40,38.02682218593807,-84.46719108307117,24060.0,golfer,1,#007cbf,,,,,,,,
golfer_group_40,38.026707885382585,-84.46684997010087,24120.0,golfer,1,#007cbf,,,,,,,,
golfer_group_40,38.0265563489919,-84.46653183579225,24180.0,golfer,1,#007cbf,,,,,,,,
golfer_group_40,38.02640481260122,-84.46621370148365,24240.0,golfer,1,#007cbf,,,,,,,,
golfer_group_40,38.02625327621054,-84.46589556717504,24300.0,golfer,1,#007cbf,,,,,,,,
golfer_group_40,38.026097865476636,-84.4655806681031,24360.0,golfer,1,#007cbf,,,,,,,,
golfer_group_40,38.02592778516153,-84.46527801873756,24420.0,golfer,4,#007cbf,,,,,,,,
golfer_group_40,38.02575770484643,-84.46497536937204,24480.0,golfer,2,#007cbf,,,,,,,,
golfer_group_40,38.02580429978306,-84.46478189846547,24540.0,golfer,2,#007cbf,,,,,,,,
golfer_group_40,38.02609158193444,-84.46470970518055,24600.0,golfer,2,#007cbf,,,,,,,,
golfer_group_40,38.02637886408582,-84.46463751189565,24660.0,golfer,2,#007cbf,,,,,,,,
golfer_group_40,38.0266661462372,-84.46456531861072,24720.0,golfer,2,#007cbf,,,,,,,,
golfer_group_40,38.02695342838857,-84.4644931253258,24780.0,golfer,2,#007cbf,,,,,,,,
golfer_group_40,38.02723262500985,-84.46440936561527,24840.0,golfer,2,#007cbf,,,,,,,,
golfer_group_40,38.02732323296244,-84.46405582806928,24900.0,golfer,2,#007cbf,,,,,,,,
golfer_group_40,38.027413840915024,-84.46370229052329,24960.0,golfer,3,#007cbf,,,,,,,,
golfer_group_40,38.02755613921936,-84.46339199540722,25020.0,golfer,3,#007cbf,,,,,,,,
golfer_group_40,38.02777631020529,-84.46314684598785,25080.0,golfer,3,#007cbf,,,,,,,,
golfer_group_40,38.027996481191224,-84.4629016965685,25140.0,golfer,3,#007cbf,,,,,,,,
golfer_group_40,38.028216652177164,-84.46265654714912,25200.0,golfer,3,#007cbf,,,,,,,,
golfer_group_40,38.0284368231631,-84.46241139772975,25260.0,golfer,3,#007cbf,,,,,,,,
golfer_group_40,38.02865699414903,-84.4621662483104,25320.0,golfer,3,#007cbf,,,,,,,,
golfer_group_40,38.02887716513497,-84.46192109889103,25380.0,golfer,3,#007cbf,,,,,,,,
golfer_group_40,38.029097336120905,-84.46167594947165,25440.0,golfer,3,#007cbf,,,,,,,,
golfer_group_40,38.02932048603734,-84.46143527844885,25500.0,golfer,3,#007cbf,,,,,,,,
golfer_group_40,38.02954781666501,-84.4612008925283,25560.0,golfer,3,#007cbf,,,,,,,,
golfer_group_40,38.029775147292675,-84.46096650660775,25620.0,golfer,3,#007cbf,,,,,,,,
golfer_group_40,38.03000247792034,-84.46073212068718,25680.0,golfer,3,#007cbf,,,,,,,,
golfer_group_40,38.03022980854801,-84.46049773476663,25740.0,golfer,3,#007cbf,,,,,,,,
golfer_group_40,38.03028198771919,-84.46029007968264,25800.0,golfer,3,#007cbf,,,,,,,,
golfer_group_40,38.030017377451664,-84.46013077159431,25860.0,golfer,4,#007cbf,,,,,,,,
golfer_group_40,38.02974997117584,-84.46003134117494,25920.0,golfer,4,#007cbf,,,,,,,,
golfer_group_40,38.029472388508275,-84.46014984237516,25980.0,golfer,4,#007cbf,,,,,,,,
golfer_group_40,38.02919480584071,-84.46026834357538,26040.0,golfer,4,#007cbf,,,,,,,,
golfer_group_40,38.02891722317315,-84.46038684477558,26100.0,golfer,4,#007cbf,,,,,,,,
golfer_group_40,38.02863964050559,-84.4605053459758,26160.0,golfer,4,#007cbf,,,,,,,,
golfer_group_40,38.02846819932939,-84.46074999771898,26220.0,golfer,4,#007cbf,,,,,,,,
golfer_group_40,38.028356651102726,-84.46108459413088,26280.0,golfer,4,#007cbf,,,,,,,,
golfer_group_40,38.028163251425084,-84.46136377382878,26340.0,golfer,4,#007cbf,,,,,,,,
golfer_group_40,38.02796985174745,-84.46164295352668,26400.0,golfer,4,#007cbf,,,,,,,,
golfer_group_40,38.02777645206981,-84.46192213322458,26460.0,golfer,4,#007cbf,,,,,,,,
golfer_group_40,38.027583052392174,-84.46220131292247,26520.0,golfer,4,#007cbf,,,,,,,,
golfer_group_40,38.02739313138997,-84.4624841808364,26580.0,golfer,4,#007cbf,,,,,,,,
golfer_group_40,38.02721114487077,-84.46277546117278,26640.0,golfer,4,#007cbf,,,,,,,,
golfer_group_40,38.02702915835156,-84.46306674150915,26700.0,golfer,4,#007cbf,,,,,,,,
golfer_group_40,38.02684717183235,-84.46335802184554,26760.0,golfer,4,#007cbf,,,,,,,,
golfer_group_40,38.027030664719845,-84.46345337202217,26820.0,golfer,4,#007cbf,,,,,,,,
golfer_group_40,38.02732202605173,-84.46349089491457,26880.0,golfer,3,#007cbf,,,,,,,,
golfer_group_40,38.02761338738361,-84.46352841780696,26940.0,golfer,3,#007cbf,,,,,,,,
golfer_group_40,38.02787761975422,-84.46365295047241,27000.0,golfer,4,#007cbf,,,,,,,,
golfer_group_40,38.02811027773896,-84.46387875056652,27060.0,golfer,4,#007cbf,,,,,,,,
golfer_group_40,38.02834293572369,-84.46410455066062,27120.0,golfer,4,#007cbf,,,,,,,,
golfer_group_40,38.028575593708425,-84.46433035075472,27180.0,golfer,4,#007cbf,,,,,,,,
golfer_group_40,38.028808251693164,-84.46455615084882,27240.0,golfer,4,#007cbf,,,,,,,,
golfer_group_40,38.029040909677896,-84.46478195094294,27300.0,golfer,4,#007cbf,,,,,,,,
golfer_group_40,38.02927356766263,-84.46500775103704,27360.0,golfer,4,#007cbf,,,,,,,,
golfer_group_40,38.02950622564737,-84.46523355113113,27420.0,golfer,4,#007cbf,,,,,,,,
golfer_group_40,38.02975350361947,-84.4654282954189,27480.0,golfer,4,#007cbf,,,,,,,,
golfer_group_40,38.030020352724144,-84.46558146666777,27540.0,golfer,4,#007cbf,,,,,,,,
golfer_group_40,38.03028720182882,-84.46573463791665,27600.0,golfer,4,#007cbf,,,,,,,,
golfer_group_40,38.030554050933496,-84.46588780916554,27660.0,golfer,4,#007cbf,,,,,,,,
golfer_group_40,38.0308144451061,-84.46601508231271,27720.0,golfer,4,#007cbf,,,,,,,,
golfer_group_40,38.03096331555731,-84.46569490649415,27780.0,golfer,4,#007cbf,,,,,,,,
golfer_group_40,38.03100160851583,-84.46532942233877,27840.0,golfer,4,#007cbf,,,,,,,,
golfer_group_40,38.03102825601745,-84.4649591665407,27900.0,golfer,4,#007cbf,,,,,,,,
golfer_group_40,38.03105490351906,-84.46458891074262,27960.0,golfer,4,#007cbf,,,,,,,,
golfer_group_40,38.031081551020684,-84.46421865494455,28020.0,golfer,4,#007cbf,,,,,,,,
golfer_group_40,38.031108198522304,-84.46384839914647,28080.0,golfer,4,#007cbf,,,,,,,,
golfer_group_40,38.03113484602392,-84.4634781433484,28140.0,golfer,4,#007cbf,,,,,,,,
golfer_group_40,38.03116149352554,-84.46310788755032,28200.0,golfer,4,#007cbf,,,,,,,,
golfer_group_40,38.031127268705696,-84.46274982308951,28260.0,golfer,4,#007cbf,,,,,,,,
golfer_group_40,38.031012137391194,-84.4624079623538,28320.0,golfer,4,#007cbf,,,,,,,,
golfer_group_40,38.03089700607669,-84.46206610161808,28380.0,golfer,4,#007cbf,,,,,,,,
golfer_group_40,38.0307818747622,-84.46172424088235,28440.0,golfer,4,#007cbf,,,,,,,,
golfer_group_40,38.030666743447696,-84.46138238014663,28500.0,golfer,4,#007cbf,,,,,,,,
golfer_group_40,38.030551612133195,-84.46104051941091,28560.0,golfer,4,#007cbf,,,,,,,,
golfer_group_40,38.03081531898336,-84.46091137688049,28620.0,golfer,4,#007cbf,,,,,,,,
golfer_group_40,38.0310279411826,-84.46098091912485,28680.0,golfer,4,#007cbf,,,,,,,,
golfer_group_40,38.03115090321037,-84.46131835889211,28740.0,golfer,4,#007cbf,,,,,,,,
golfer_group_40,38.031273865238134,-84.46165579865938,28800.0,golfer,4,#007cbf,,,,,,,,
golfer_group_40,38.03139682726591,-84.46199323842663,28860.0,golfer,4,#007cbf,,,,,,,,
golfer_group_40,38.031519789293675,-84.4623306781939,28920.0,golfer,4,#007cbf,,,,,,,,
golfer_group_40,38.03164275132144,-84.46266811796116,28980.0,golfer,4,#007cbf,,,,,,,,
golfer_group_40,38.03176571334921,-84.46300555772842,29040.0,golfer,4,#007cbf,,,,,,,,
golfer_group_40,38.031888675376976,-84.46334299749569,29100.0,golfer,4,#007cbf,,,,,,,,
golfer_group_40,38.031909837946635,-84.46368872876327,29160.0,golfer,4,#007cbf,,,,,,,,
golfer_group_40,38.03182184589159,-84.46404335060477,29220.0,golfer,4,#007cbf,,,,,,,,
golfer_group_40,38.03173385383655,-84.46439797244628,29280.0,golfer,4,#007cbf,,,,,,,,
golfer_group_40,38.031645861781506,-84.46475259428779,29340.0,golfer,4,#007cbf,,,,,,,,
golfer_group_40,38.03155786972646,-84.46510721612928,29400.0,golfer,4,#007cbf,,,,,,,,
golfer_group_40,38.03146987767142,-84.46546183797079,29460.0,golfer,4,#007cbf,,,,,,,,
golfer_group_40,38.03131864912918,-84.46576966145622,29520.0,golfer,4,#007cbf,,,,,,,,
golfer_group_40,38.0311189562348,-84.46604161874937,29580.0,golfer,4,#007cbf,,,,,,,,
golfer_group_40,38.030919263340415,-84.46631357604252,29640.0,golfer,4,#007cbf,,,,,,,,
golfer_group_40,38.030718115722834,-84.46658350967269,29700.0,golfer,4,#007cbf,,,,,,,,
golfer_group_40,38.0304866033238,-84.46681120290668,29760.0,golfer,4,#007cbf,,,,,,,,
golfer_group_40,38.030255090924776,-84.46703889614066,29820.0,golfer,4,#007cbf,,,,,,,,
golfer_group_40,38.03002357852575,-84.46726658937465,29880.0,golfer,4,#007cbf,,,,,,,,
golfer_group_40,38.02979206612672,-84.46749428260863,29940.0,golfer,4,#007cbf,,,,,,,,
golfer_group_40,38.02956055372769,-84.46772197584261,30000.0,golfer,4,#007cbf,,,,,,,,
golfer_group_40,38.02932904132866,-84.4679496690766,30060.0,golfer,4,#007cbf,,,,,,,,
golfer_group_40,38.02909752892963,-84.46817736231058,30120.0,golfer,4,#007cbf,,,,,,,,
golfer_group_40,38.0288660165306,-84.46840505554457,30180.0,golfer,4,#007cbf,,,,,,,,
golfer_group_40,38.02869804015225,-84.46870681462924,30240.0,golfer,4,#007cbf,,,,,,,,
golfer_group_40,38.028539024924726,-84.46901901999702,30300.0,golfer,4,#007cbf,,,,,,,,
golfer_group_40,38.0283800096972,-84.46933122536481,30360.0,golfer,4,#007cbf,,,,,,,,
golfer_group_40,38.028129065075696,-84.46949162304078,30420.0,golfer,4,#007cbf,,,,,,,,
golfer_group_40,38.02785052807789,-84.46960645602002,30480.0,golfer,1,#007cbf,,,,,,,,
golfer_group_40,38.027571991080094,-84.46972128899925,30540.0,golfer,1,#007cbf,,,,,,,,
golfer_group_40,38.02729345408229,-84.4698361219785,30600.0,golfer,4,#007cbf,,,,,,,,
golfer_group_40,38.027014917084486,-84.46995095495774,30660.0,golfer,4,#007cbf,,,,,,,,
golfer_group_40,38.02677219339408,-84.46990690842384,30720.0,golfer,4,#007cbf,,,,,,,,
golfer_group_40,38.026583670283,-84.46962241044099,30780.0,golfer,4,#007cbf,,,,,,,,
golfer_group_40,38.02639514717193,-84.46933791245814,30840.0,golfer,4,#007cbf,,,,,,,,
golfer_group_40,38.026206624060855,-84.4690534144753,30900.0,golfer,4,#007cbf,,,,,,,,
golfer_group_40,38.02601810094978,-84.46876891649245,30960.0,golfer,4,#007cbf,,,,,,,,
golfer_group_40,38.0258295778387,-84.4684844185096,31020.0,golfer,4,#007cbf,,,,,,,,
golfer_group_40,38.02564105472762,-84.46819992052676,31080.0,golfer,4,#007cbf,,,,,,,,
golfer_group_40,38.02539873776804,-84.4680332578427,31140.0,golfer,4,#007cbf,,,,,,,,
golfer_group_40,38.02511056304286,-84.46796704648648,31200.0,golfer,4,#007cbf,,,,,,,,
golfer_group_40,38.02482238831767,-84.46790083513027,31260.0,golfer,4,#007cbf,,,,,,,,
golfer_group_40,38.02466098715723,-84.46791926274804,31320.0,golfer,4,#007cbf,,,,,,,,
golfer_group_40,38.0248672597656,-84.46818316370741,31380.0,golfer,4,#007cbf,,,,,,,,
golfer_group_40,38.025073532373966,-84.46844706466678,31440.0,golfer,4,#007cbf,,,,,,,,
golfer_group_40,38.02498232223591,-84.46858500193528,31500.0,golfer,4,#007cbf,,,,,,,,
golfer_group_40,38.024692555469876,-84.46863886398934,31560.0,golfer,4,#007cbf,,,,,,,,
golfer_group_40,38.02440278870384,-84.4686927260434,31620.0,golfer,4,#007cbf,,,,,,,,
golfer_group_40,38.0241130219378,-84.46874658809746,31680.0,golfer,4,#007cbf,,,,,,,,
golfer_group_40,38.02382325517176,-84.46880045015152,31740.0,golfer,4,#007cbf,,,,,,,,
golfer_group_40,38.023533488405725,-84.46885431220558,31800.0,golfer,4,#007cbf,,,,,,,,
golfer_group_40,38.02325287292604,-84.46895459002404,31860.0,golfer,4,#007cbf,,,,,,,,
golfer_group_40,38.023120094224296,-84.46908677293466,31920.0,golfer,4,#007cbf,,,,,,,,
golfer_group_40,38.02338797984743,-84.46923698741324,31980.0,golfer,4,#007cbf,,,,,,,,
golfer_group_40,38.02365586547056,-84.46938720189182,32040.0,golfer,4,#007cbf,,,,,,,,
golfer_group_40,38.02392375109368,-84.4695374163704,32100.0,golfer,4,#007cbf,,,,,,,,
golfer_group_40,38.024191636716814,-84.46968763084898,32160.0,golfer,4,#007cbf,,,,,,,,
golfer_group_40,38.024459522339946,-84.46983784532756,32220.0,golfer,4,#007cbf,,,,,,,,
golfer_group_40,38.02472740796308,-84.46998805980614,32280.0,golfer,4,#007cbf,,,,,,,,
golfer_group_40,38.0249952935862,-84.47013827428472,32340.0,golfer,4,#007cbf,,,,,,,,
golfer_group_40,38.02526317920933,-84.4702884887633,32400.0,golfer,4,#007cbf,,,,,,,,
golfer_group_40,38.02549053793203,-84.47051685206469,32460.0,golfer,4,#007cbf,,,,,,,,
golfer_group_40,38.02570511747455,-84.47076985771169,32520.0,golfer,4,#007cbf,,,,,,,,
golfer_group_40,38.025919697017066,-84.4710228633587,32580.0,golfer,4,#007cbf,,,,,,,,
golfer_group_40,38.02613427655959,-84.4712758690057,32640.0,golfer,4,#007cbf,,,,,,,,
golfer_group_40,38.02634885610211,-84.4715288746527,32700.0,golfer,4,#007cbf,,,,,,,,
golfer_group_40,38.026563435644626,-84.4717818802997,32760.0,golfer,4,#007cbf,,,,,,,,
golfer_group_40,38.02678243981026,-84.47202860408251,32820.0,golfer,4,#007cbf,,,,,,,,
golfer_group_40,38.02668611647238,-84.47218057293104,32880.0,golfer,4,#007cbf,,,,,,,,
golfer_group_40,38.02640386024167,-84.4722796932027,32940.0,golfer,4,#007cbf,,,,,,,,
golfer_group_40,38.02612160401096,-84.47237881347434,33000.0,golfer,4,#007cbf,,,,,,,,
golfer_group_40,38.02583934778024,-84.47247793374599,33060.0,golfer,4,#007cbf,,,,,,,,
golfer_group_40,38.02555709154953,-84.47257705401765,33120.0,golfer,4,#007cbf,,,,,,,,
golfer_group_40,38.025278899056985,-84.47258808504574,33180.0,golfer,4,#007cbf,,,,,,,,
golfer_group_40,38.02505413568005,-84.47238241246707,33240.0,golfer,4,#007cbf,,,,,,,,
golfer_group_40,38.02491621232278,-84.47205445775451,33300.0,golfer,4,#007cbf,,,,,,,,
golfer_group_40,38.02477828896551,-84.47172650304194,33360.0,golfer,4,#007cbf,,,,,,,,
golfer_group_40,38.024640365608235,-84.47139854832938,33420.0,golfer,4,#007cbf,,,,,,,,
golfer_group_40,38.02450244225096,-84.4710705936168,33480.0,golfer,4,#007cbf,,,,,,,,
golfer_group_40,38.02436451889369,-84.47074263890424,33540.0,golfer,4,#007cbf,,,,,,,,
golfer_group_40,38.02422659553642,-84.47041468419167,33600.0,golfer,4,#007cbf,,,,,,,,
golfer_group_40,38.02408867217915,-84.4700867294791,33660.0,golfer,4,#007cbf,,,,,,,,
golfer_group_40,38.023830177494666,-84.46991493651929,33720.0,golfer,4,#007cbf,,,,,,,,
golfer_group_40,38.02356911857893,-84.46974646470437,33780.0,golfer,4,#007cbf,,,,,,,,
golfer_group_40,38.0233080596632,-84.46957799288944,33840.0,golfer,4,#007cbf,,,,,,,,
golfer_group_40,38.02304700074746,-84.46940952107451,33900.0,golfer,4,#007cbf,,,,,,,,
golfer_group_40,38.0227847606833,-84.46924457405959,33960.0,golfer,4,#007cbf,,,,,,,,
golfer_group_40,38.02250809559787,-84.46912267439926,34020.0,golfer,4,#007cbf,,,,,,,,
golfer_group_40,38.022527943550884,-84.46893235209967,34080.0,golfer,4,#007cbf,,,,,,,,
golfer_group_40,38.02275311404551,-84.46869465006165,34140.0,golfer,4,#007cbf,,,,,,,,
golfer_group_40,38.02297828454014,-84.46845694802364,34200.0,golfer,4,#007cbf,,,,,,,,
golfer_group_40,38.02320345503476,-84.46821924598564,34260.0,golfer,4,#007cbf,,,,,,,,
golfer_group_40,38.023428625529384,-84.46798154394763,34320.0,golfer,4,#007cbf,,,,,,,,
golfer_group_40,38.02365379602401,-84.46774384190961,34380.0,golfer,4,#007cbf,,,,,,,,
golfer_group_40,38.02387896651864,-84.4675061398716,34440.0,golfer,4,#007cbf,,,,,,,,
golfer_group_40,38.02410413701326,-84.4672684378336,34500.0,golfer,4,#007cbf,,,,,,,,
golfer_group_40,38.024329307507884,-84.46703073579559,34560.0,golfer,4,#007cbf,,,,,,,,
golfer_group_40,38.024516630016976,-84.46674714202182,34620.0,golfer,4,#007cbf,,,,,,,,
golfer_group_40,38.02469334505099,-84.4664506863893,34680.0,golfer,4,#007cbf,,,,,,,,
golfer_group_40,38.02487006008501,-84.46615423075679,34740.0,golfer,4,#007cbf,,,,,,,,
golfer_group_40,38.02504677511902,-84.46585777512426,34800.0,golfer,4,#007cbf,,,,,,,,
golfer_group_40,38.02525798622544,-84.46562593134438,34860.0,golfer,4,#007cbf,,,,,,,,
golfer_group_40,38.025540368765746,-84.46552739312297,34920.0,golfer,4,#007cbf,,,,,,,,
golfer_group_40,38.02582275130605,-84.46542885490156,34980.0,golfer,4,#007cbf,,,,,,,,
golfer_group_40,38.02610513384636,-84.46533031668015,35040.0,golfer,4,#007cbf,,,,,,,,
golfer_group_40,38.02637936666449,-84.46537020680762,35100.0,golfer,4,#007cbf,,,,,,,,
golfer_group_40,38.02664707383,-84.4655209394031,35160.0,golfer,4,#007cbf,,,,,,,,
golfer_group_40,38.026914780995504,-84.46567167199859,35220.0,golfer,4,#007cbf,,,,,,,,
golfer_group_40,38.02718248816101,-84.46582240459409,35280.0,golfer,4,#007cbf,,,,,,,,
golfer_group_40,38.027450195326516,-84.46597313718958,35340.0,golfer,4,#007cbf,,,,,,,,
golfer_group_40,38.02771790249202,-84.46612386978506,35400.0,golfer,4,#007cbf,,,,,,,,
golfer_group_40,38.027985609657534,-84.46627460238055,35460.0,golfer,4,#007cbf,,,,,,,,
golfer_group_40,38.02825331682304,-84.46642533497604,35520.0,golfer,4,#007cbf,,,,,,,,
golfer_group_40,38.02854411583699,-84.46643446747252,35580.0,golfer,4,#007cbf,,,,,,,,
golfer_group_40,38.02883696025459,-84.46643105747557,35640.0,golfer,4,#007cbf,,,,,,,,
golfer_group_40,38.02912980467218,-84.46642764747862,35700.0,golfer,4,#007cbf,,,,,,,,
golfer_group_40,38.029422649089774,-84.46642423748168,35760.0,golfer,4,#007cbf,,,,,,,,
golfer_group_40,38.029714660100595,-84.46640554510962,35820.0,golfer,4,#007cbf,,,,,,,,
golfer_group_40,38.03000508074206,-84.46635768976212,35880.0,golfer,4,#007cbf,,,,,,,,
golfer_group_40,38.03029550138352,-84.46630983441462,35940.0,golfer,4,#007cbf,,,,,,,,
golfer_group_40,38.03034421537664,-84.46623396436489,36000.0,golfer,4,#007cbf,,,,,,,,
golfer_group_40,38.0300654222068,-84.4661201350132,36060.0,golfer,4,#007cbf,,,,,,,,
golfer_group_40,38.02978662903697,-84.46600630566151,36120.0,golfer,4,#007cbf,,,,,,,,
golfer_group_40,38.02950783586713,-84.46589247630982,36180.0,golfer,4,#007cbf,,,,,,,,
golfer_group_40,38.029229042697295,-84.46577864695813,36240.0,golfer,4,#007cbf,,,,,,,,
golfer_group_40,38.02895024952746,-84.46566481760644,36300.0,golfer,4,#007cbf,,,,,,,,
golfer_group_40,38.02867145635763,-84.46555098825475,36360.0,golfer,4,#007cbf,,,,,,,,
golfer_group_40,38.02839266318779,-84.46543715890306,36420.0,golfer,4,#007cbf,,,,,,,,
golfer_group_40,38.02811294382565,-84.46532834232956,36480.0,golfer,4,#007cbf,,,,,,,,
golfer_group_40,38.02782336017175,-84.46527291370359,36540.0,golfer,4,#007cbf,,,,,,,,
golfer_group_40,38.02753377651786,-84.46521748507763,36600.0,golfer,4,#007cbf,,,,,,,,
golfer_group_40,38.027244192863975,-84.46516205645167,36660.0,golfer,4,#007cbf,,,,,,,,
golfer_group_40,38.02695460921009,-84.46510662782572,36720.0,golfer,4,#007cbf,,,,,,,,
golfer_group_40,38.02666502555619,-84.46505119919976,36780.0,golfer,4,#007cbf,,,,,,,,
golfer_group_40,38.02637326063661,-84.4650346343973,36840.0,golfer,4,#007cbf,,,,,,,,
golfer_group_40,38.02608041188864,-84.46503738027086,36900.0,golfer,4,#007cbf,,,,,,,,
golfer_group_40,38.025787563140675,-84.46504012614442,36960.0,golfer,2,#007cbf,,,,,,,,
golfer_group_40,38.025494714392714,-84.46504287201797,37020.0,golfer,4,#007cbf,,,,,,,,
golfer_group_40,38.02556401049359,-84.4653626218534,37080.0,golfer,4,#007cbf,,,,,,,,
golfer_group_40,38.025666096931715,-84.46571107475296,37140.0,golfer,4,#007cbf,,,,,,,,
golfer_group_40,38.02576818336984,-84.46605952765252,37200.0,golfer,4,#007cbf,,,,,,,,
golfer_group_40,38.02587026980797,-84.46640798055208,37260.0,golfer,4,#007cbf,,,,,,,,
golfer_group_40,38.02597235624609,-84.46675643345164,37320.0,golfer,4,#007cbf,,,,,,,,
golfer_group_40,38.02607444268422,-84.46710488635118,37380.0,golfer,4,#007cbf,,,,,,,,
golfer_group_40,38.026176529122345,-84.46745333925074,37440.0,golfer,4,#007cbf,,,,,,,,
golfer_group_40,38.02627861556047,-84.4678017921503,37500.0,golfer,4,#007cbf,,,,,,,,
golfer_group_40,38.026391551516966,-84.46814347235242,37560.0,golfer,4,#007cbf,,,,,,,,
golfer_group_40,38.0265466275618,-84.46845884704874,37620.0,golfer,4,#007cbf,,,,,,,,
golfer_group_40,38.02670170360664,-84.46877422174504,37680.0,golfer,4,#007cbf,,,,,,,,
golfer_group_40,38.02685677965148,-84.46908959644135,37740.0,golfer,4,#007cbf,,,,,,,,
golfer_group_40,38.027011855696315,-84.46940497113766,37800.0,golfer,4,#007cbf,,,,,,,,
golfer_group_40,38.027202562026105,-84.46967624119414,37860.0,golfer,4,#007cbf,,,,,,,,
golfer_group_40,38.027447,-84.469881,37920.0,golfer,1,#007cbf,,,,,,,,
golfer_group_41,38.027447,-84.469881,24120.0,golfer,1,#007cbf,,,,,,,,
golfer_group_41,38.02754627606764,-84.46962578282717,24180.0,golfer,1,#007cbf,,,,,,,,
golfer_group_41,38.02744283462056,-84.4692779685763,24240.0,golfer,1,#007cbf,,,,,,,,
golfer_group_41,38.02733939317348,-84.46893015432545,24300.0,golfer,1,#007cbf,,,,,,,,
golfer_group_41,38.0272359517264,-84.46858234007459,24360.0,golfer,1,#007cbf,,,,,,,,
golfer_group_41,38.027132510279316,-84.46823452582373,24420.0,golfer,1,#007cbf,,,,,,,,
golfer_group_41,38.027029068832235,-84.46788671157287,24480.0,golfer,1,#007cbf,,,,,,,,
golfer_group_41,38.026925627385154,-84.46753889732202,24540.0,golfer,1,#007cbf,,,,,,,,
golfer_group_41,38.02682218593807,-84.46719108307117,24600.0,golfer,1,#007cbf,,,,,,,,
golfer_group_41,38.026707885382585,-84.46684997010087,24660.0,golfer,1,#007cbf,,,,,,,,
golfer_group_41,38.0265563489919,-84.46653183579225,24720.0,golfer,1,#007cbf,,,,,,,,
golfer_group_41,38.02640481260122,-84.46621370148365,24780.0,golfer,1,#007cbf,,,,,,,,
golfer_group_41,38.02625327621054,-84.46589556717504,24840.0,golfer,1,#007cbf,,,,,,,,
golfer_group_41,38.026097865476636,-84.4655806681031,24900.0,golfer,1,#007cbf,,,,,,,,
golfer_group_41,38.02592778516153,-84.46527801873756,24960.0,golfer,4,#007cbf,,,,,,,,
golfer_group_41,38.02575770484643,-84.46497536937204,25020.0,golfer,2,#007cbf,,,,,,,,
golfer_group_41,38.02580429978306,-84.46478189846547,25080.0,golfer,2,#007cbf,,,,,,,,
golfer_group_41,38.02609158193444,-84.46470970518055,25140.0,golfer,2,#007cbf,,,,,,,,
golfer_group_41,38.02637886408582,-84.46463751189565,25200.0,golfer,2,#007cbf,,,,,,,,
golfer_group_41,38.0266661462372,-84.46456531861072,25260.0,golfer,2,#007cbf,,,,,,,,
golfer_group_41,38.02695342838857,-84.4644931253258,25320.0,golfer,2,#007cbf,,,,,,,,
golfer_group_41,38.02723262500985,-84.46440936561527,25380.0,golfer,2,#007cbf,,,,,,,,
golfer_group_41,38.02732323296244,-84.46405582806928,25440.0,golfer,2,#007cbf,,,,,,,,
golfer_group_41,38.027413840915024,-84.46370229052329,25500.0,golfer,3,#007cbf,,,,,,,,
golfer_group_41,38.02755613921936,-84.46339199540722,25560.0,golfer,3,#007cbf,,,,,,,,
golfer_group_41,38.02777631020529,-84.46314684598785,25620.0,golfer,3,#007cbf,,,,,,,,
golfer_group_41,38.027996481191224,-84.4629016965685,25680.0,golfer,3,#007cbf,,,,,,,,
golfer_group_41,38.028216652177164,-84.46265654714912,25740.0,golfer,3,#007cbf,,,,,,,,
golfer_group_41,38.0284368231631,-84.46241139772975,25800.0,golfer,3,#007cbf,,,,,,,,
golfer_group_41,38.02865699414903,-84.4621662483104,25860.0,golfer,3,#007cbf,,,,,,,,
golfer_group_41,38.02887716513497,-84.46192109889103,25920.0,golfer,3,#007cbf,,,,,,,,
golfer_group_41,38.029097336120905,-84.46167594947165,25980.0,golfer,3,#007cbf,,,,,,,,
golfer_group_41,38.02932048603734,-84.46143527844885,26040.0,golfer,3,#007cbf,,,,,,,,
golfer_group_41,38.02954781666501,-84.4612008925283,26100.0,golfer,3,#007cbf,,,,,,,,
golfer_group_41,38.029775147292675,-84.46096650660775,26160.0,golfer,3,#007cbf,,,,,,,,
golfer_group_41,38.03000247792034,-84.46073212068718,26220.0,golfer,3,#007cbf,,,,,,,,
golfer_group_41,38.03022980854801,-84.46049773476663,26280.0,golfer,3,#007cbf,,,,,,,,
golfer_group_41,38.03028198771919,-84.46029007968264,26340.0,golfer,3,#007cbf,,,,,,,,
golfer_group_41,38.030017377451664,-84.46013077159431,26400.0,golfer,4,#007cbf,,,,,,,,
golfer_group_41,38.02974997117584,-84.46003134117494,26460.0,golfer,4,#007cbf,,,,,,,,
golfer_group_41,38.029472388508275,-84.46014984237516,26520.0,golfer,4,#007cbf,,,,,,,,
golfer_group_41,38.02919480584071,-84.46026834357538,26580.0,golfer,4,#007cbf,,,,,,,,
golfer_group_41,38.02891722317315,-84.46038684477558,26640.0,golfer,4,#007cbf,,,,,,,,
golfer_group_41,38.02863964050559,-84.4605053459758,26700.0,golfer,4,#007cbf,,,,,,,,
golfer_group_41,38.02846819932939,-84.46074999771898,26760.0,golfer,4,#007cbf,,,,,,,,
golfer_group_41,38.028356651102726,-84.46108459413088,26820.0,golfer,4,#007cbf,,,,,,,,
golfer_group_41,38.028163251425084,-84.46136377382878,26880.0,golfer,4,#007cbf,,,,,,,,
golfer_group_41,38.02796985174745,-84.46164295352668,26940.0,golfer,4,#007cbf,,,,,,,,
golfer_group_41,38.02777645206981,-84.46192213322458,27000.0,golfer,4,#007cbf,,,,,,,,
golfer_group_41,38.027583052392174,-84.46220131292247,27060.0,golfer,4,#007cbf,,,,,,,,
golfer_group_41,38.02739313138997,-84.4624841808364,27120.0,golfer,4,#007cbf,,,,,,,,
golfer_group_41,38.02721114487077,-84.46277546117278,27180.0,golfer,4,#007cbf,,,,,,,,
golfer_group_41,38.02702915835156,-84.46306674150915,27240.0,golfer,4,#007cbf,,,,,,,,
golfer_group_41,38.02684717183235,-84.46335802184554,27300.0,golfer,4,#007cbf,,,,,,,,
golfer_group_41,38.027030664719845,-84.46345337202217,27360.0,golfer,4,#007cbf,,,,,,,,
golfer_group_41,38.02732202605173,-84.46349089491457,27420.0,golfer,3,#007cbf,,,,,,,,
golfer_group_41,38.02761338738361,-84.46352841780696,27480.0,golfer,3,#007cbf,,,,,,,,
golfer_group_41,38.02787761975422,-84.46365295047241,27540.0,golfer,4,#007cbf,,,,,,,,
golfer_group_41,38.02811027773896,-84.46387875056652,27600.0,golfer,4,#007cbf,,,,,,,,
golfer_group_41,38.02834293572369,-84.46410455066062,27660.0,golfer,4,#007cbf,,,,,,,,
golfer_group_41,38.028575593708425,-84.46433035075472,27720.0,golfer,4,#007cbf,,,,,,,,
golfer_group_41,38.028808251693164,-84.46455615084882,27780.0,golfer,4,#007cbf,,,,,,,,
golfer_group_41,38.029040909677896,-84.46478195094294,27840.0,golfer,4,#007cbf,,,,,,,,
golfer_group_41,38.02927356766263,-84.46500775103704,27900.0,golfer,4,#007cbf,,,,,,,,
golfer_group_41,38.02950622564737,-84.46523355113113,27960.0,golfer,4,#007cbf,,,,,,,,
golfer_group_41,38.02975350361947,-84.4654282954189,28020.0,golfer,4,#007cbf,,,,,,,,
golfer_group_41,38.030020352724144,-84.46558146666777,28080.0,golfer,4,#007cbf,,,,,,,,
golfer_group_41,38.03028720182882,-84.46573463791665,28140.0,golfer,4,#007cbf,,,,,,,,
golfer_group_41,38.030554050933496,-84.46588780916554,28200.0,golfer,4,#007cbf,,,,,,,,
golfer_group_41,38.0308144451061,-84.46601508231271,28260.0,golfer,4,#007cbf,,,,,,,,
golfer_group_41,38.03096331555731,-84.46569490649415,28320.0,golfer,4,#007cbf,,,,,,,,
golfer_group_41,38.03100160851583,-84.46532942233877,28380.0,golfer,4,#007cbf,,,,,,,,
golfer_group_41,38.03102825601745,-84.4649591665407,28440.0,golfer,4,#007cbf,,,,,,,,
golfer_group_41,38.03105490351906,-84.46458891074262,28500.0,golfer,4,#007cbf,,,,,,,,
golfer_group_41,38.031081551020684,-84.46421865494455,28560.0,golfer,4,#007cbf,,,,,,,,
golfer_group_41,38.031108198522304,-84.46384839914647,28620.0,golfer,4,#007cbf,,,,,,,,
golfer_group_41,38.03113484602392,-84.4634781433484,28680.0,golfer,4,#007cbf,,,,,,,,
golfer_group_41,38.03116149352554,-84.46310788755032,28740.0,golfer,4,#007cbf,,,,,,,,
golfer_group_41,38.031127268705696,-84.46274982308951,28800.0,golfer,4,#007cbf,,,,,,,,
golfer_group_41,38.031012137391194,-84.4624079623538,28860.0,golfer,4,#007cbf,,,,,,,,
golfer_group_41,38.03089700607669,-84.46206610161808,28920.0,golfer,4,#007cbf,,,,,,,,
golfer_group_41,38.0307818747622,-84.46172424088235,28980.0,golfer,4,#007cbf,,,,,,,,
golfer_group_41,38.030666743447696,-84.46138238014663,29040.0,golfer,4,#007cbf,,,,,,,,
golfer_group_41,38.030551612133195,-84.46104051941091,29100.0,golfer,4,#007cbf,,,,,,,,
golfer_group_41,38.03081531898336,-84.46091137688049,29160.0,golfer,4,#007cbf,,,,,,,,
golfer_group_41,38.0310279411826,-84.46098091912485,29220.0,golfer,4,#007cbf,,,,,,,,
golfer_group_41,38.03115090321037,-84.46131835889211,29280.0,golfer,4,#007cbf,,,,,,,,
golfer_group_41,38.031273865238134,-84.46165579865938,29340.0,golfer,4,#007cbf,,,,,,,,
golfer_group_41,38.03139682726591,-84.46199323842663,29400.0,golfer,4,#007cbf,,,,,,,,
golfer_group_41,38.031519789293675,-84.4623306781939,29460.0,golfer,4,#007cbf,,,,,,,,
golfer_group_41,38.03164275132144,-84.46266811796116,29520.0,golfer,4,#007cbf,,,,,,,,
golfer_group_41,38.03176571334921,-84.46300555772842,29580.0,golfer,4,#007cbf,,,,,,,,
golfer_group_41,38.031888675376976,-84.46334299749569,29640.0,golfer,4,#007cbf,,,,,,,,
golfer_group_41,38.031909837946635,-84.46368872876327,29700.0,golfer,4,#007cbf,,,,,,,,
golfer_group_41,38.03182184589159,-84.46404335060477,29760.0,golfer,4,#007cbf,,,,,,,,
golfer_group_41,38.03173385383655,-84.46439797244628,29820.0,golfer,4,#007cbf,,,,,,,,
golfer_group_41,38.031645861781506,-84.46475259428779,29880.0,golfer,4,#007cbf,,,,,,,,
golfer_group_41,38.03155786972646,-84.46510721612928,29940.0,golfer,4,#007cbf,,,,,,,,
golfer_group_41,38.03146987767142,-84.46546183797079,30000.0,golfer,4,#007cbf,,,,,,,,
golfer_group_41,38.03131864912918,-84.46576966145622,30060.0,golfer,4,#007cbf,,,,,,,,
golfer_group_41,38.0311189562348,-84.46604161874937,30120.0,golfer,4,#007cbf,,,,,,,,
golfer_group_41,38.030919263340415,-84.46631357604252,30180.0,golfer,4,#007cbf,,,,,,,,
golfer_group_41,38.030718115722834,-84.46658350967269,30240.0,golfer,4,#007cbf,,,,,,,,
golfer_group_41,38.0304866033238,-84.46681120290668,30300.0,golfer,4,#007cbf,,,,,,,,
golfer_group_41,38.030255090924776,-84.46703889614066,30360.0,golfer,4,#007cbf,,,,,,,,
golfer_group_41,38.03002357852575,-84.46726658937465,30420.0,golfer,4,#007cbf,,,,,,,,
golfer_group_41,38.02979206612672,-84.46749428260863,30480.0,golfer,4,#007cbf,,,,,,,,
golfer_group_41,38.02956055372769,-84.46772197584261,30540.0,golfer,4,#007cbf,,,,,,,,
golfer_group_41,38.02932904132866,-84.4679496690766,30600.0,golfer,4,#007cbf,,,,,,,,
golfer_group_41,38.02909752892963,-84.46817736231058,30660.0,golfer,4,#007cbf,,,,,,,,
golfer_group_41,38.0288660165306,-84.46840505554457,30720.0,golfer,4,#007cbf,,,,,,,,
golfer_group_41,38.02869804015225,-84.46870681462924,30780.0,golfer,4,#007cbf,,,,,,,,
golfer_group_41,38.028539024924726,-84.46901901999702,30840.0,golfer,4,#007cbf,,,,,,,,
golfer_group_41,38.0283800096972,-84.46933122536481,30900.0,golfer,4,#007cbf,,,,,,,,
golfer_group_41,38.028129065075696,-84.46949162304078,30960.0,golfer,4,#007cbf,,,,,,,,
golfer_group_41,38.02785052807789,-84.46960645602002,31020.0,golfer,1,#007cbf,,,,,,,,
golfer_group_41,38.027571991080094,-84.46972128899925,31080.0,golfer,1,#007cbf,,,,,,,,
golfer_group_41,38.02729345408229,-84.4698361219785,31140.0,golfer,4,#007cbf,,,,,,,,
golfer_group_41,38.027014917084486,-84.46995095495774,31200.0,golfer,4,#007cbf,,,,,,,,
golfer_group_41,38.02677219339408,-84.46990690842384,31260.0,golfer,4,#007cbf,,,,,,,,
golfer_group_41,38.026583670283,-84.46962241044099,31320.0,golfer,4,#007cbf,,,,,,,,
golfer_group_41,38.02639514717193,-84.46933791245814,31380.0,golfer,4,#007cbf,,,,,,,,
golfer_group_41,38.026206624060855,-84.4690534144753,31440.0,golfer,4,#007cbf,,,,,,,,
golfer_group_41,38.02601810094978,-84.46876891649245,31500.0,golfer,4,#007cbf,,,,,,,,
golfer_group_41,38.0258295778387,-84.4684844185096,31560.0,golfer,4,#007cbf,,,,,,,,
golfer_group_41,38.02564105472762,-84.46819992052676,31620.0,golfer,4,#007cbf,,,,,,,,
golfer_group_41,38.02539873776804,-84.4680332578427,31680.0,golfer,4,#007cbf,,,,,,,,
golfer_group_41,38.02511056304286,-84.46796704648648,31740.0,golfer,4,#007cbf,,,,,,,,
golfer_group_41,38.02482238831767,-84.46790083513027,31800.0,golfer,4,#007cbf,,,,,,,,
golfer_group_41,38.02466098715723,-84.46791926274804,31860.0,golfer,4,#007cbf,,,,,,,,
golfer_group_41,38.0248672597656,-84.46818316370741,31920.0,golfer,4,#007cbf,,,,,,,,
golfer_group_41,38.025073532373966,-84.46844706466678,31980.0,golfer,4,#007cbf,,,,,,,,
golfer_group_41,38.02498232223591,-84.46858500193528,32040.0,golfer,4,#007cbf,,,,,,,,
golfer_group_41,38.024692555469876,-84.46863886398934,32100.0,golfer,4,#007cbf,,,,,,,,
golfer_group_41,38.02440278870384,-84.4686927260434,32160.0,golfer,4,#007cbf,,,,,,,,
golfer_group_41,38.0241130219378,-84.46874658809746,32220.0,golfer,4,#007cbf,,,,,,,,
golfer_group_41,38.02382325517176,-84.46880045015152,32280.0,golfer,4,#007cbf,,,,,,,,
golfer_group_41,38.023533488405725,-84.46885431220558,32340.0,golfer,4,#007cbf,,,,,,,,
golfer_group_41,38.02325287292604,-84.46895459002404,32400.0,golfer,4,#007cbf,,,,,,,,
golfer_group_41,38.023120094224296,-84.46908677293466,32460.0,golfer,4,#007cbf,,,,,,,,
golfer_group_41,38.02338797984743,-84.46923698741324,32520.0,golfer,4,#007cbf,,,,,,,,
golfer_group_41,38.02365586547056,-84.46938720189182,32580.0,golfer,4,#007cbf,,,,,,,,
golfer_group_41,38.02392375109368,-84.4695374163704,32640.0,golfer,4,#007cbf,,,,,,,,
golfer_group_41,38.024191636716814,-84.46968763084898,32700.0,golfer,4,#007cbf,,,,,,,,
golfer_group_41,38.024459522339946,-84.46983784532756,32760.0,golfer,4,#007cbf,,,,,,,,
golfer_group_41,38.02472740796308,-84.46998805980614,32820.0,golfer,4,#007cbf,,,,,,,,
golfer_group_41,38.0249952935862,-84.47013827428472,32880.0,golfer,4,#007cbf,,,,,,,,
golfer_group_41,38.02526317920933,-84.4702884887633,32940.0,golfer,4,#007cbf,,,,,,,,
golfer_group_41,38.02549053793203,-84.47051685206469,33000.0,golfer,4,#007cbf,,,,,,,,
golfer_group_41,38.02570511747455,-84.47076985771169,33060.0,golfer,4,#007cbf,,,,,,,,
golfer_group_41,38.025919697017066,-84.4710228633587,33120.0,golfer,4,#007cbf,,,,,,,,
golfer_group_41,38.02613427655959,-84.4712758690057,33180.0,golfer,4,#007cbf,,,,,,,,
golfer_group_41,38.02634885610211,-84.4715288746527,33240.0,golfer,4,#007cbf,,,,,,,,
golfer_group_41,38.026563435644626,-84.4717818802997,33300.0,golfer,4,#007cbf,,,,,,,,
golfer_group_41,38.02678243981026,-84.47202860408251,33360.0,golfer,4,#007cbf,,,,,,,,
golfer_group_41,38.02668611647238,-84.47218057293104,33420.0,golfer,4,#007cbf,,,,,,,,
golfer_group_41,38.02640386024167,-84.4722796932027,33480.0,golfer,4,#007cbf,,,,,,,,
golfer_group_41,38.02612160401096,-84.47237881347434,33540.0,golfer,4,#007cbf,,,,,,,,
golfer_group_41,38.02583934778024,-84.47247793374599,33600.0,golfer,4,#007cbf,,,,,,,,
golfer_group_41,38.02555709154953,-84.47257705401765,33660.0,golfer,4,#007cbf,,,,,,,,
golfer_group_41,38.025278899056985,-84.47258808504574,33720.0,golfer,4,#007cbf,,,,,,,,
golfer_group_41,38.02505413568005,-84.47238241246707,33780.0,golfer,4,#007cbf,,,,,,,,
golfer_group_41,38.02491621232278,-84.47205445775451,33840.0,golfer,4,#007cbf,,,,,,,,
golfer_group_41,38.02477828896551,-84.47172650304194,33900.0,golfer,4,#007cbf,,,,,,,,
golfer_group_41,38.024640365608235,-84.47139854832938,33960.0,golfer,4,#007cbf,,,,,,,,
golfer_group_41,38.02450244225096,-84.4710705936168,34020.0,golfer,4,#007cbf,,,,,,,,
golfer_group_41,38.02436451889369,-84.47074263890424,34080.0,golfer,4,#007cbf,,,,,,,,
golfer_group_41,38.02422659553642,-84.47041468419167,34140.0,golfer,4,#007cbf,,,,,,,,
golfer_group_41,38.02408867217915,-84.4700867294791,34200.0,golfer,4,#007cbf,,,,,,,,
golfer_group_41,38.023830177494666,-84.46991493651929,34260.0,golfer,4,#007cbf,,,,,,,,
golfer_group_41,38.02356911857893,-84.46974646470437,34320.0,golfer,4,#007cbf,,,,,,,,
golfer_group_41,38.0233080596632,-84.46957799288944,34380.0,golfer,4,#007cbf,,,,,,,,
golfer_group_41,38.02304700074746,-84.46940952107451,34440.0,golfer,4,#007cbf,,,,,,,,
golfer_group_41,38.0227847606833,-84.46924457405959,34500.0,golfer,4,#007cbf,,,,,,,,
golfer_group_41,38.02250809559787,-84.46912267439926,34560.0,golfer,4,#007cbf,,,,,,,,
golfer_group_41,38.022527943550884,-84.46893235209967,34620.0,golfer,4,#007cbf,,,,,,,,
golfer_group_41,38.02275311404551,-84.46869465006165,34680.0,golfer,4,#007cbf,,,,,,,,
golfer_group_41,38.02297828454014,-84.46845694802364,34740.0,golfer,4,#007cbf,,,,,,,,
golfer_group_41,38.02320345503476,-84.46821924598564,34800.0,golfer,4,#007cbf,,,,,,,,
golfer_group_41,38.023428625529384,-84.46798154394763,34860.0,golfer,4,#007cbf,,,,,,,,
golfer_group_41,38.02365379602401,-84.46774384190961,34920.0,golfer,4,#007cbf,,,,,,,,
golfer_group_41,38.02387896651864,-84.4675061398716,34980.0,golfer,4,#007cbf,,,,,,,,
golfer_group_41,38.02410413701326,-84.4672684378336,35040.0,golfer,4,#007cbf,,,,,,,,
golfer_group_41,38.024329307507884,-84.46703073579559,35100.0,golfer,4,#007cbf,,,,,,,,
golfer_group_41,38.024516630016976,-84.46674714202182,35160.0,golfer,4,#007cbf,,,,,,,,
golfer_group_41,38.02469334505099,-84.4664506863893,35220.0,golfer,4,#007cbf,,,,,,,,
golfer_group_41,38.02487006008501,-84.46615423075679,35280.0,golfer,4,#007cbf,,,,,,,,
golfer_group_41,38.02504677511902,-84.46585777512426,35340.0,golfer,4,#007cbf,,,,,,,,
golfer_group_41,38.02525798622544,-84.46562593134438,35400.0,golfer,4,#007cbf,,,,,,,,
golfer_group_41,38.025540368765746,-84.46552739312297,35460.0,golfer,4,#007cbf,,,,,,,,
golfer_group_41,38.02582275130605,-84.46542885490156,35520.0,golfer,4,#007cbf,,,,,,,,
golfer_group_41,38.02610513384636,-84.46533031668015,35580.0,golfer,4,#007cbf,,,,,,,,
golfer_group_41,38.02637936666449,-84.46537020680762,35640.0,golfer,4,#007cbf,,,,,,,,
golfer_group_41,38.02664707383,-84.4655209394031,35700.0,golfer,4,#007cbf,,,,,,,,
golfer_group_41,38.026914780995504,-84.46567167199859,35760.0,golfer,4,#007cbf,,,,,,,,
golfer_group_41,38.02718248816101,-84.46582240459409,35820.0,golfer,4,#007cbf,,,,,,,,
golfer_group_41,38.027450195326516,-84.46597313718958,35880.0,golfer,4,#007cbf,,,,,,,,
golfer_group_41,38.02771790249202,-84.46612386978506,35940.0,golfer,4,#007cbf,,,,,,,,
golfer_group_41,38.027985609657534,-84.46627460238055,36000.0,golfer,4,#007cbf,,,,,,,,
golfer_group_41,38.02825331682304,-84.46642533497604,36060.0,golfer,4,#007cbf,,,,,,,,
golfer_group_41,38.02854411583699,-84.46643446747252,36120.0,golfer,4,#007cbf,,,,,,,,
golfer_group_41,38.02883696025459,-84.46643105747557,36180.0,golfer,4,#007cbf,,,,,,,,
golfer_group_41,38.02912980467218,-84.46642764747862,36240.0,golfer,4,#007cbf,,,,,,,,
golfer_group_41,38.029422649089774,-84.46642423748168,36300.0,golfer,4,#007cbf,,,,,,,,
golfer_group_41,38.029714660100595,-84.46640554510962,36360.0,golfer,4,#007cbf,,,,,,,,
golfer_group_41,38.03000508074206,-84.46635768976212,36420.0,golfer,4,#007cbf,,,,,,,,
golfer_group_41,38.03029550138352,-84.46630983441462,36480.0,golfer,4,#007cbf,,,,,,,,
golfer_group_41,38.03034421537664,-84.46623396436489,36540.0,golfer,4,#007cbf,,,,,,,,
golfer_group_41,38.0300654222068,-84.4661201350132,36600.0,golfer,4,#007cbf,,,,,,,,
golfer_group_41,38.02978662903697,-84.46600630566151,36660.0,golfer,4,#007cbf,,,,,,,,
golfer_group_41,38.02950783586713,-84.46589247630982,36720.0,golfer,4,#007cbf,,,,,,,,
golfer_group_41,38.029229042697295,-84.46577864695813,36780.0,golfer,4,#007cbf,,,,,,,,
golfer_group_41,38.02895024952746,-84.46566481760644,36840.0,golfer,4,#ffe6cc,,,,,,,,
golfer_group_41,38.02867145635763,-84.46555098825475,36900.0,golfer,4,#ffe6cc,,,,,,,,
golfer_group_41,38.02839266318779,-84.46543715890306,36960.0,golfer,4,#ffe6cc,,,,,,,,
golfer_group_41,38.02811294382565,-84.46532834232956,37020.0,golfer,4,#ffe6cc,,,,,,,,
golfer_group_41,38.02782336017175,-84.46527291370359,37080.0,golfer,4,#ffe6cc,,,,,,,,
golfer_group_41,38.02753377651786,-84.46521748507763,37140.0,golfer,4,#ffe6cc,,,,,,,,
golfer_group_41,38.027244192863975,-84.46516205645167,37200.0,golfer,4,#ffe6cc,,,,,,,,
golfer_group_41,38.02695460921009,-84.46510662782572,37260.0,golfer,4,#ffe6cc,,,,,,,,
golfer_group_41,38.02666502555619,-84.46505119919976,37320.0,golfer,4,#ffe6cc,,,,,,,,
golfer_group_41,38.02637326063661,-84.4650346343973,37380.0,golfer,4,#ffe6cc,,,,,,,,
golfer_group_41,38.02608041188864,-84.46503738027086,37440.0,golfer,4,#ffcc99,,,,,,,,
golfer_group_41,38.025787563140675,-84.46504012614442,37500.0,golfer,2,#00b894,,,,,,,,
golfer_group_41,38.025494714392714,-84.46504287201797,37560.0,golfer,4,#00b894,,,,,,,,
golfer_group_41,38.02556401049359,-84.4653626218534,37620.0,golfer,4,#00b894,,,,,,,,
golfer_group_41,38.025666096931715,-84.46571107475296,37680.0,golfer,4,#00b894,,,,,,,,
golfer_group_41,38.02576818336984,-84.46605952765252,37740.0,golfer,4,#00b894,,,,,,,,
golfer_group_41,38.02587026980797,-84.46640798055208,37800.0,golfer,4,#00b894,,,,,,,,
golfer_group_41,38.02597235624609,-84.46675643345164,37860.0,golfer,4,#00b894,,,,,,,,
golfer_group_41,38.02607444268422,-84.46710488635118,37920.0,golfer,4,#00b894,,,,,,,,
golfer_group_41,38.026176529122345,-84.46745333925074,37980.0,golfer,4,#00b894,,,,,,,,
golfer_group_41,38.02627861556047,-84.4678017921503,38040.0,golfer,4,#00b894,,,,,,,,
golfer_group_41,38.026391551516966,-84.46814347235242,38100.0,golfer,4,#00b894,,,,,,,,
golfer_group_41,38.0265466275618,-84.46845884704874,38160.0,golfer,4,#00b894,,,,,,,,
golfer_group_41,38.02670170360664,-84.46877422174504,38220.0,golfer,4,#00b894,,,,,,,,
golfer_group_41,38.02685677965148,-84.46908959644135,38280.0,golfer,4,#00b894,,,,,,,,
golfer_group_41,38.027011855696315,-84.46940497113766,38340.0,golfer,4,#00b894,,,,,,,,
golfer_group_41,38.027202562026105,-84.46967624119414,38400.0,golfer,4,#00b894,,,,,,,,
golfer_group_41,38.027447,-84.469881,38460.0,golfer,1,#00b894,,,,,,,,
golfer_group_42,38.027447,-84.469881,24660.0,golfer,1,#007cbf,,,,,,,,
golfer_group_42,38.02754627606764,-84.46962578282717,24720.0,golfer,1,#007cbf,,,,,,,,
golfer_group_42,38.02744283462056,-84.4692779685763,24780.0,golfer,1,#007cbf,,,,,,,,
golfer_group_42,38.02733939317348,-84.46893015432545,24840.0,golfer,1,#007cbf,,,,,,,,
golfer_group_42,38.0272359517264,-84.46858234007459,24900.0,golfer,1,#007cbf,,,,,,,,
golfer_group_42,38.027132510279316,-84.46823452582373,24960.0,golfer,1,#007cbf,,,,,,,,
golfer_group_42,38.027029068832235,-84.46788671157287,25020.0,golfer,1,#007cbf,,,,,,,,
golfer_group_42,38.026925627385154,-84.46753889732202,25080.0,golfer,1,#007cbf,,,,,,,,
golfer_group_42,38.02682218593807,-84.46719108307117,25140.0,golfer,1,#007cbf,,,,,,,,
golfer_group_42,38.026707885382585,-84.46684997010087,25200.0,golfer,1,#007cbf,,,,,,,,
golfer_group_42,38.0265563489919,-84.46653183579225,25260.0,golfer,1,#007cbf,,,,,,,,
golfer_group_42,38.02640481260122,-84.46621370148365,25320.0,golfer,1,#007cbf,,,,,,,,
golfer_group_42,38.02625327621054,-84.46589556717504,25380.0,golfer,1,#007cbf,,,,,,,,
golfer_group_42,38.026097865476636,-84.4655806681031,25440.0,golfer,1,#007cbf,,,,,,,,
golfer_group_42,38.02592778516153,-84.46527801873756,25500.0,golfer,4,#007cbf,,,,,,,,
golfer_group_42,38.02575770484643,-84.46497536937204,25560.0,golfer,2,#007cbf,,,,,,,,
golfer_group_42,38.02580429978306,-84.46478189846547,25620.0,golfer,2,#007cbf,,,,,,,,
golfer_group_42,38.02609158193444,-84.46470970518055,25680.0,golfer,2,#007cbf,,,,,,,,
golfer_group_42,38.02637886408582,-84.46463751189565,25740.0,golfer,2,#007cbf,,,,,,,,
golfer_group_42,38.0266661462372,-84.46456531861072,25800.0,golfer,2,#007cbf,,,,,,,,
golfer_group_42,38.02695342838857,-84.4644931253258,25860.0,golfer,2,#007cbf,,,,,,,,
golfer_group_42,38.02723262500985,-84.46440936561527,25920.0,golfer,2,#007cbf,,,,,,,,
golfer_group_42,38.02732323296244,-84.46405582806928,25980.0,golfer,2,#007cbf,,,,,,,,
golfer_group_42,38.027413840915024,-84.46370229052329,26040.0,golfer,3,#007cbf,,,,,,,,
golfer_group_42,38.02755613921936,-84.46339199540722,26100.0,golfer,3,#007cbf,,,,,,,,
golfer_group_42,38.02777631020529,-84.46314684598785,26160.0,golfer,3,#007cbf,,,,,,,,
golfer_group_42,38.027996481191224,-84.4629016965685,26220.0,golfer,3,#007cbf,,,,,,,,
golfer_group_42,38.028216652177164,-84.46265654714912,26280.0,golfer,3,#007cbf,,,,,,,,
golfer_group_42,38.0284368231631,-84.46241139772975,26340.0,golfer,3,#007cbf,,,,,,,,
golfer_group_42,38.02865699414903,-84.4621662483104,26400.0,golfer,3,#007cbf,,,,,,,,
golfer_group_42,38.02887716513497,-84.46192109889103,26460.0,golfer,3,#007cbf,,,,,,,,
golfer_group_42,38.029097336120905,-84.46167594947165,26520.0,golfer,3,#007cbf,,,,,,,,
golfer_group_42,38.02932048603734,-84.46143527844885,26580.0,golfer,3,#007cbf,,,,,,,,
golfer_group_42,38.02954781666501,-84.4612008925283,26640.0,golfer,3,#007cbf,,,,,,,,
golfer_group_42,38.029775147292675,-84.46096650660775,26700.0,golfer,3,#007cbf,,,,,,,,
golfer_group_42,38.03000247792034,-84.46073212068718,26760.0,golfer,3,#007cbf,,,,,,,,
golfer_group_42,38.03022980854801,-84.46049773476663,26820.0,golfer,3,#007cbf,,,,,,,,
golfer_group_42,38.03028198771919,-84.46029007968264,26880.0,golfer,3,#007cbf,,,,,,,,
golfer_group_42,38.030017377451664,-84.46013077159431,26940.0,golfer,4,#007cbf,,,,,,,,
golfer_group_42,38.02974997117584,-84.46003134117494,27000.0,golfer,4,#007cbf,,,,,,,,
golfer_group_42,38.029472388508275,-84.46014984237516,27060.0,golfer,4,#007cbf,,,,,,,,
golfer_group_42,38.02919480584071,-84.46026834357538,27120.0,golfer,4,#007cbf,,,,,,,,
golfer_group_42,38.02891722317315,-84.46038684477558,27180.0,golfer,4,#007cbf,,,,,,,,
golfer_group_42,38.02863964050559,-84.4605053459758,27240.0,golfer,4,#007cbf,,,,,,,,
golfer_group_42,38.02846819932939,-84.46074999771898,27300.0,golfer,4,#007cbf,,,,,,,,
golfer_group_42,38.028356651102726,-84.46108459413088,27360.0,golfer,4,#007cbf,,,,,,,,
golfer_group_42,38.028163251425084,-84.46136377382878,27420.0,golfer,4,#007cbf,,,,,,,,
golfer_group_42,38.02796985174745,-84.46164295352668,27480.0,golfer,4,#007cbf,,,,,,,,
golfer_group_42,38.02777645206981,-84.46192213322458,27540.0,golfer,4,#007cbf,,,,,,,,
golfer_group_42,38.027583052392174,-84.46220131292247,27600.0,golfer,4,#007cbf,,,,,,,,
golfer_group_42,38.02739313138997,-84.4624841808364,27660.0,golfer,4,#007cbf,,,,,,,,
golfer_group_42,38.02721114487077,-84.46277546117278,27720.0,golfer,4,#007cbf,,,,,,,,
golfer_group_42,38.02702915835156,-84.46306674150915,27780.0,golfer,4,#007cbf,,,,,,,,
golfer_group_42,38.02684717183235,-84.46335802184554,27840.0,golfer,4,#007cbf,,,,,,,,
golfer_group_42,38.027030664719845,-84.46345337202217,27900.0,golfer,4,#007cbf,,,,,,,,
golfer_group_42,38.02732202605173,-84.46349089491457,27960.0,golfer,3,#007cbf,,,,,,,,
golfer_group_42,38.02761338738361,-84.46352841780696,28020.0,golfer,3,#007cbf,,,,,,,,
golfer_group_42,38.02787761975422,-84.46365295047241,28080.0,golfer,4,#007cbf,,,,,,,,
golfer_group_42,38.02811027773896,-84.46387875056652,28140.0,golfer,4,#007cbf,,,,,,,,
golfer_group_42,38.02834293572369,-84.46410455066062,28200.0,golfer,4,#007cbf,,,,,,,,
golfer_group_42,38.028575593708425,-84.46433035075472,28260.0,golfer,4,#007cbf,,,,,,,,
golfer_group_42,38.028808251693164,-84.46455615084882,28320.0,golfer,4,#007cbf,,,,,,,,
golfer_group_42,38.029040909677896,-84.46478195094294,28380.0,golfer,4,#007cbf,,,,,,,,
golfer_group_42,38.02927356766263,-84.46500775103704,28440.0,golfer,4,#007cbf,,,,,,,,
golfer_group_42,38.02950622564737,-84.46523355113113,28500.0,golfer,4,#007cbf,,,,,,,,
golfer_group_42,38.02975350361947,-84.4654282954189,28560.0,golfer,4,#007cbf,,,,,,,,
golfer_group_42,38.030020352724144,-84.46558146666777,28620.0,golfer,4,#007cbf,,,,,,,,
golfer_group_42,38.03028720182882,-84.46573463791665,28680.0,golfer,4,#007cbf,,,,,,,,
golfer_group_42,38.030554050933496,-84.46588780916554,28740.0,golfer,4,#007cbf,,,,,,,,
golfer_group_42,38.0308144451061,-84.46601508231271,28800.0,golfer,4,#007cbf,,,,,,,,
golfer_group_42,38.03096331555731,-84.46569490649415,28860.0,golfer,4,#007cbf,,,,,,,,
golfer_group_42,38.03100160851583,-84.46532942233877,28920.0,golfer,4,#007cbf,,,,,,,,
golfer_group_42,38.03102825601745,-84.4649591665407,28980.0,golfer,4,#007cbf,,,,,,,,
golfer_group_42,38.03105490351906,-84.46458891074262,29040.0,golfer,4,#007cbf,,,,,,,,
golfer_group_42,38.031081551020684,-84.46421865494455,29100.0,golfer,4,#007cbf,,,,,,,,
golfer_group_42,38.031108198522304,-84.46384839914647,29160.0,golfer,4,#007cbf,,,,,,,,
golfer_group_42,38.03113484602392,-84.4634781433484,29220.0,golfer,4,#007cbf,,,,,,,,
golfer_group_42,38.03116149352554,-84.46310788755032,29280.0,golfer,4,#007cbf,,,,,,,,
golfer_group_42,38.031127268705696,-84.46274982308951,29340.0,golfer,4,#007cbf,,,,,,,,
golfer_group_42,38.031012137391194,-84.4624079623538,29400.0,golfer,4,#007cbf,,,,,,,,
golfer_group_42,38.03089700607669,-84.46206610161808,29460.0,golfer,4,#007cbf,,,,,,,,
golfer_group_42,38.0307818747622,-84.46172424088235,29520.0,golfer,4,#007cbf,,,,,,,,
golfer_group_42,38.030666743447696,-84.46138238014663,29580.0,golfer,4,#007cbf,,,,,,,,
golfer_group_42,38.030551612133195,-84.46104051941091,29640.0,golfer,4,#007cbf,,,,,,,,
golfer_group_42,38.03081531898336,-84.46091137688049,29700.0,golfer,4,#007cbf,,,,,,,,
golfer_group_42,38.0310279411826,-84.46098091912485,29760.0,golfer,4,#007cbf,,,,,,,,
golfer_group_42,38.03115090321037,-84.46131835889211,29820.0,golfer,4,#007cbf,,,,,,,,
golfer_group_42,38.031273865238134,-84.46165579865938,29880.0,golfer,4,#007cbf,,,,,,,,
golfer_group_42,38.03139682726591,-84.46199323842663,29940.0,golfer,4,#007cbf,,,,,,,,
golfer_group_42,38.031519789293675,-84.4623306781939,30000.0,golfer,4,#007cbf,,,,,,,,
golfer_group_42,38.03164275132144,-84.46266811796116,30060.0,golfer,4,#007cbf,,,,,,,,
golfer_group_42,38.03176571334921,-84.46300555772842,30120.0,golfer,4,#007cbf,,,,,,,,
golfer_group_42,38.031888675376976,-84.46334299749569,30180.0,golfer,4,#007cbf,,,,,,,,
golfer_group_42,38.031909837946635,-84.46368872876327,30240.0,golfer,4,#007cbf,,,,,,,,
golfer_group_42,38.03182184589159,-84.46404335060477,30300.0,golfer,4,#007cbf,,,,,,,,
golfer_group_42,38.03173385383655,-84.46439797244628,30360.0,golfer,4,#007cbf,,,,,,,,
golfer_group_42,38.031645861781506,-84.46475259428779,30420.0,golfer,4,#007cbf,,,,,,,,
golfer_group_42,38.03155786972646,-84.46510721612928,30480.0,golfer,4,#007cbf,,,,,,,,
golfer_group_42,38.03146987767142,-84.46546183797079,30540.0,golfer,4,#007cbf,,,,,,,,
golfer_group_42,38.03131864912918,-84.46576966145622,30600.0,golfer,4,#007cbf,,,,,,,,
golfer_group_42,38.0311189562348,-84.46604161874937,30660.0,golfer,4,#007cbf,,,,,,,,
golfer_group_42,38.030919263340415,-84.46631357604252,30720.0,golfer,4,#007cbf,,,,,,,,
golfer_group_42,38.030718115722834,-84.46658350967269,30780.0,golfer,4,#007cbf,,,,,,,,
golfer_group_42,38.0304866033238,-84.46681120290668,30840.0,golfer,4,#007cbf,,,,,,,,
golfer_group_42,38.030255090924776,-84.46703889614066,30900.0,golfer,4,#007cbf,,,,,,,,
golfer_group_42,38.03002357852575,-84.46726658937465,30960.0,golfer,4,#007cbf,,,,,,,,
golfer_group_42,38.02979206612672,-84.46749428260863,31020.0,golfer,4,#007cbf,,,,,,,,
golfer_group_42,38.02956055372769,-84.46772197584261,31080.0,golfer,4,#007cbf,,,,,,,,
golfer_group_42,38.02932904132866,-84.4679496690766,31140.0,golfer,4,#007cbf,,,,,,,,
golfer_group_42,38.02909752892963,-84.46817736231058,31200.0,golfer,4,#007cbf,,,,,,,,
golfer_group_42,38.0288660165306,-84.46840505554457,31260.0,golfer,4,#007cbf,,,,,,,,
golfer_group_42,38.02869804015225,-84.46870681462924,31320.0,golfer,4,#007cbf,,,,,,,,
golfer_group_42,38.028539024924726,-84.46901901999702,31380.0,golfer,4,#007cbf,,,,,,,,
golfer_group_42,38.0283800096972,-84.46933122536481,31440.0,golfer,4,#007cbf,,,,,,,,
golfer_group_42,38.028129065075696,-84.46949162304078,31500.0,golfer,4,#007cbf,,,,,,,,
golfer_group_42,38.02785052807789,-84.46960645602002,31560.0,golfer,1,#007cbf,,,,,,,,
golfer_group_42,38.027571991080094,-84.46972128899925,31620.0,golfer,1,#007cbf,,,,,,,,
golfer_group_42,38.02729345408229,-84.4698361219785,31680.0,golfer,4,#007cbf,,,,,,,,
golfer_group_42,38.027014917084486,-84.46995095495774,31740.0,golfer,4,#007cbf,,,,,,,,
golfer_group_42,38.02677219339408,-84.46990690842384,31800.0,golfer,4,#007cbf,,,,,,,,
golfer_group_42,38.026583670283,-84.46962241044099,31860.0,golfer,4,#007cbf,,,,,,,,
golfer_group_42,38.02639514717193,-84.46933791245814,31920.0,golfer,4,#007cbf,,,,,,,,
golfer_group_42,38.026206624060855,-84.4690534144753,31980.0,golfer,4,#007cbf,,,,,,,,
golfer_group_42,38.02601810094978,-84.46876891649245,32040.0,golfer,4,#007cbf,,,,,,,,
golfer_group_42,38.0258295778387,-84.4684844185096,32100.0,golfer,4,#007cbf,,,,,,,,
golfer_group_42,38.02564105472762,-84.46819992052676,32160.0,golfer,4,#007cbf,,,,,,,,
golfer_group_42,38.02539873776804,-84.4680332578427,32220.0,golfer,4,#007cbf,,,,,,,,
golfer_group_42,38.02511056304286,-84.46796704648648,32280.0,golfer,4,#007cbf,,,,,,,,
golfer_group_42,38.02482238831767,-84.46790083513027,32340.0,golfer,4,#007cbf,,,,,,,,
golfer_group_42,38.02466098715723,-84.46791926274804,32400.0,golfer,4,#007cbf,,,,,,,,
golfer_group_42,38.0248672597656,-84.46818316370741,32460.0,golfer,4,#007cbf,,,,,,,,
golfer_group_42,38.025073532373966,-84.46844706466678,32520.0,golfer,4,#007cbf,,,,,,,,
golfer_group_42,38.02498232223591,-84.46858500193528,32580.0,golfer,4,#007cbf,,,,,,,,
golfer_group_42,38.024692555469876,-84.46863886398934,32640.0,golfer,4,#007cbf,,,,,,,,
golfer_group_42,38.02440278870384,-84.4686927260434,32700.0,golfer,4,#007cbf,,,,,,,,
golfer_group_42,38.0241130219378,-84.46874658809746,32760.0,golfer,4,#007cbf,,,,,,,,
golfer_group_42,38.02382325517176,-84.46880045015152,32820.0,golfer,4,#007cbf,,,,,,,,
golfer_group_42,38.023533488405725,-84.46885431220558,32880.0,golfer,4,#007cbf,,,,,,,,
golfer_group_42,38.02325287292604,-84.46895459002404,32940.0,golfer,4,#007cbf,,,,,,,,
golfer_group_42,38.023120094224296,-84.46908677293466,33000.0,golfer,4,#007cbf,,,,,,,,
golfer_group_42,38.02338797984743,-84.46923698741324,33060.0,golfer,4,#007cbf,,,,,,,,
golfer_group_42,38.02365586547056,-84.46938720189182,33120.0,golfer,4,#007cbf,,,,,,,,
golfer_group_42,38.02392375109368,-84.4695374163704,33180.0,golfer,4,#007cbf,,,,,,,,
golfer_group_42,38.024191636716814,-84.46968763084898,33240.0,golfer,4,#007cbf,,,,,,,,
golfer_group_42,38.024459522339946,-84.46983784532756,33300.0,golfer,4,#007cbf,,,,,,,,
golfer_group_42,38.02472740796308,-84.46998805980614,33360.0,golfer,4,#007cbf,,,,,,,,
golfer_group_42,38.0249952935862,-84.47013827428472,33420.0,golfer,4,#007cbf,,,,,,,,
golfer_group_42,38.02526317920933,-84.4702884887633,33480.0,golfer,4,#007cbf,,,,,,,,
golfer_group_42,38.02549053793203,-84.47051685206469,33540.0,golfer,4,#007cbf,,,,,,,,
golfer_group_42,38.02570511747455,-84.47076985771169,33600.0,golfer,4,#007cbf,,,,,,,,
golfer_group_42,38.025919697017066,-84.4710228633587,33660.0,golfer,4,#007cbf,,,,,,,,
golfer_group_42,38.02613427655959,-84.4712758690057,33720.0,golfer,4,#007cbf,,,,,,,,
golfer_group_42,38.02634885610211,-84.4715288746527,33780.0,golfer,4,#007cbf,,,,,,,,
golfer_group_42,38.026563435644626,-84.4717818802997,33840.0,golfer,4,#007cbf,,,,,,,,
golfer_group_42,38.02678243981026,-84.47202860408251,33900.0,golfer,4,#007cbf,,,,,,,,
golfer_group_42,38.02668611647238,-84.47218057293104,33960.0,golfer,4,#007cbf,,,,,,,,
golfer_group_42,38.02640386024167,-84.4722796932027,34020.0,golfer,4,#007cbf,,,,,,,,
golfer_group_42,38.02612160401096,-84.47237881347434,34080.0,golfer,4,#007cbf,,,,,,,,
golfer_group_42,38.02583934778024,-84.47247793374599,34140.0,golfer,4,#007cbf,,,,,,,,
golfer_group_42,38.02555709154953,-84.47257705401765,34200.0,golfer,4,#007cbf,,,,,,,,
golfer_group_42,38.025278899056985,-84.47258808504574,34260.0,golfer,4,#007cbf,,,,,,,,
golfer_group_42,38.02505413568005,-84.47238241246707,34320.0,golfer,4,#007cbf,,,,,,,,
golfer_group_42,38.02491621232278,-84.47205445775451,34380.0,golfer,4,#007cbf,,,,,,,,
golfer_group_42,38.02477828896551,-84.47172650304194,34440.0,golfer,4,#007cbf,,,,,,,,
golfer_group_42,38.024640365608235,-84.47139854832938,34500.0,golfer,4,#007cbf,,,,,,,,
golfer_group_42,38.02450244225096,-84.4710705936168,34560.0,golfer,4,#007cbf,,,,,,,,
golfer_group_42,38.02436451889369,-84.47074263890424,34620.0,golfer,4,#007cbf,,,,,,,,
golfer_group_42,38.02422659553642,-84.47041468419167,34680.0,golfer,4,#007cbf,,,,,,,,
golfer_group_42,38.02408867217915,-84.4700867294791,34740.0,golfer,4,#007cbf,,,,,,,,
golfer_group_42,38.023830177494666,-84.46991493651929,34800.0,golfer,4,#007cbf,,,,,,,,
golfer_group_42,38.02356911857893,-84.46974646470437,34860.0,golfer,4,#007cbf,,,,,,,,
golfer_group_42,38.0233080596632,-84.46957799288944,34920.0,golfer,4,#007cbf,,,,,,,,
golfer_group_42,38.02304700074746,-84.46940952107451,34980.0,golfer,4,#007cbf,,,,,,,,
golfer_group_42,38.0227847606833,-84.46924457405959,35040.0,golfer,4,#007cbf,,,,,,,,
golfer_group_42,38.02250809559787,-84.46912267439926,35100.0,golfer,4,#007cbf,,,,,,,,
golfer_group_42,38.022527943550884,-84.46893235209967,35160.0,golfer,4,#007cbf,,,,,,,,
golfer_group_42,38.02275311404551,-84.46869465006165,35220.0,golfer,4,#007cbf,,,,,,,,
golfer_group_42,38.02297828454014,-84.46845694802364,35280.0,golfer,4,#007cbf,,,,,,,,
golfer_group_42,38.02320345503476,-84.46821924598564,35340.0,golfer,4,#007cbf,,,,,,,,
golfer_group_42,38.023428625529384,-84.46798154394763,35400.0,golfer,4,#007cbf,,,,,,,,
golfer_group_42,38.02365379602401,-84.46774384190961,35460.0,golfer,4,#007cbf,,,,,,,,
golfer_group_42,38.02387896651864,-84.4675061398716,35520.0,golfer,4,#007cbf,,,,,,,,
golfer_group_42,38.02410413701326,-84.4672684378336,35580.0,golfer,4,#007cbf,,,,,,,,
golfer_group_42,38.024329307507884,-84.46703073579559,35640.0,golfer,4,#007cbf,,,,,,,,
golfer_group_42,38.024516630016976,-84.46674714202182,35700.0,golfer,4,#007cbf,,,,,,,,
golfer_group_42,38.02469334505099,-84.4664506863893,35760.0,golfer,4,#007cbf,,,,,,,,
golfer_group_42,38.02487006008501,-84.46615423075679,35820.0,golfer,4,#007cbf,,,,,,,,
golfer_group_42,38.02504677511902,-84.46585777512426,35880.0,golfer,4,#007cbf,,,,,,,,
golfer_group_42,38.02525798622544,-84.46562593134438,35940.0,golfer,4,#007cbf,,,,,,,,
golfer_group_42,38.025540368765746,-84.46552739312297,36000.0,golfer,4,#007cbf,,,,,,,,
golfer_group_42,38.02582275130605,-84.46542885490156,36060.0,golfer,4,#007cbf,,,,,,,,
golfer_group_42,38.02610513384636,-84.46533031668015,36120.0,golfer,4,#007cbf,,,,,,,,
golfer_group_42,38.02637936666449,-84.46537020680762,36180.0,golfer,4,#007cbf,,,,,,,,
golfer_group_42,38.02664707383,-84.4655209394031,36240.0,golfer,4,#007cbf,,,,,,,,
golfer_group_42,38.026914780995504,-84.46567167199859,36300.0,golfer,4,#007cbf,,,,,,,,
golfer_group_42,38.02718248816101,-84.46582240459409,36360.0,golfer,4,#007cbf,,,,,,,,
golfer_group_42,38.027450195326516,-84.46597313718958,36420.0,golfer,4,#007cbf,,,,,,,,
golfer_group_42,38.02771790249202,-84.46612386978506,36480.0,golfer,4,#007cbf,,,,,,,,
golfer_group_42,38.027985609657534,-84.46627460238055,36540.0,golfer,4,#007cbf,,,,,,,,
golfer_group_42,38.02825331682304,-84.46642533497604,36600.0,golfer,4,#007cbf,,,,,,,,
golfer_group_42,38.02854411583699,-84.46643446747252,36660.0,golfer,4,#007cbf,,,,,,,,
golfer_group_42,38.02883696025459,-84.46643105747557,36720.0,golfer,4,#007cbf,,,,,,,,
golfer_group_42,38.02912980467218,-84.46642764747862,36780.0,golfer,4,#007cbf,,,,,,,,
golfer_group_42,38.029422649089774,-84.46642423748168,36840.0,golfer,4,#007cbf,,,,,,,,
golfer_group_42,38.029714660100595,-84.46640554510962,36900.0,golfer,4,#007cbf,,,,,,,,
golfer_group_42,38.03000508074206,-84.46635768976212,36960.0,golfer,4,#007cbf,,,,,,,,
golfer_group_42,38.03029550138352,-84.46630983441462,37020.0,golfer,4,#007cbf,,,,,,,,
golfer_group_42,38.03034421537664,-84.46623396436489,37080.0,golfer,4,#007cbf,,,,,,,,
golfer_group_42,38.0300654222068,-84.4661201350132,37140.0,golfer,4,#007cbf,,,,,,,,
golfer_group_42,38.02978662903697,-84.46600630566151,37200.0,golfer,4,#007cbf,,,,,,,,
golfer_group_42,38.02950783586713,-84.46589247630982,37260.0,golfer,4,#007cbf,,,,,,,,
golfer_group_42,38.029229042697295,-84.46577864695813,37320.0,golfer,4,#007cbf,,,,,,,,
golfer_group_42,38.02895024952746,-84.46566481760644,37380.0,golfer,4,#007cbf,,,,,,,,
golfer_group_42,38.02867145635763,-84.46555098825475,37440.0,golfer,4,#007cbf,,,,,,,,
golfer_group_42,38.02839266318779,-84.46543715890306,37500.0,golfer,4,#007cbf,,,,,,,,
golfer_group_42,38.02811294382565,-84.46532834232956,37560.0,golfer,4,#007cbf,,,,,,,,
golfer_group_42,38.02782336017175,-84.46527291370359,37620.0,golfer,4,#007cbf,,,,,,,,
golfer_group_42,38.02753377651786,-84.46521748507763,37680.0,golfer,4,#007cbf,,,,,,,,
golfer_group_42,38.027244192863975,-84.46516205645167,37740.0,golfer,4,#007cbf,,,,,,,,
golfer_group_42,38.02695460921009,-84.46510662782572,37800.0,golfer,4,#007cbf,,,,,,,,
golfer_group_42,38.02666502555619,-84.46505119919976,37860.0,golfer,4,#007cbf,,,,,,,,
golfer_group_42,38.02637326063661,-84.4650346343973,37920.0,golfer,4,#007cbf,,,,,,,,
golfer_group_42,38.02608041188864,-84.46503738027086,37980.0,golfer,4,#007cbf,,,,,,,,
golfer_group_42,38.025787563140675,-84.46504012614442,38040.0,golfer,2,#007cbf,,,,,,,,
golfer_group_42,38.025494714392714,-84.46504287201797,38100.0,golfer,4,#007cbf,,,,,,,,
golfer_group_42,38.02556401049359,-84.4653626218534,38160.0,golfer,4,#007cbf,,,,,,,,
golfer_group_42,38.025666096931715,-84.46571107475296,38220.0,golfer,4,#007cbf,,,,,,,,
golfer_group_42,38.02576818336984,-84.46605952765252,38280.0,golfer,4,#007cbf,,,,,,,,
golfer_group_42,38.02587026980797,-84.46640798055208,38340.0,golfer,4,#007cbf,,,,,,,,
golfer_group_42,38.02597235624609,-84.46675643345164,38400.0,golfer,4,#007cbf,,,,,,,,
golfer_group_42,38.02607444268422,-84.46710488635118,38460.0,golfer,4,#007cbf,,,,,,,,
golfer_group_42,38.026176529122345,-84.46745333925074,38520.0,golfer,4,#007cbf,,,,,,,,
golfer_group_42,38.02627861556047,-84.4678017921503,38580.0,golfer,4,#007cbf,,,,,,,,
golfer_group_42,38.026391551516966,-84.46814347235242,38640.0,golfer,4,#007cbf,,,,,,,,
golfer_group_42,38.0265466275618,-84.46845884704874,38700.0,golfer,4,#007cbf,,,,,,,,
golfer_group_42,38.02670170360664,-84.46877422174504,38760.0,golfer,4,#007cbf,,,,,,,,
golfer_group_42,38.02685677965148,-84.46908959644135,38820.0,golfer,4,#007cbf,,,,,,,,
golfer_group_42,38.027011855696315,-84.46940497113766,38880.0,golfer,4,#007cbf,,,,,,,,
golfer_group_42,38.027202562026105,-84.46967624119414,38940.0,golfer,4,#007cbf,,,,,,,,
golfer_group_42,38.027447,-84.469881,39000.0,golfer,1,#007cbf,,,,,,,,
golfer_group_43,38.027447,-84.469881,25200.0,golfer,1,#007cbf,,,,,,,,
golfer_group_43,38.02754627606764,-84.46962578282717,25260.0,golfer,1,#007cbf,,,,,,,,
golfer_group_43,38.02744283462056,-84.4692779685763,25320.0,golfer,1,#007cbf,,,,,,,,
golfer_group_43,38.02733939317348,-84.46893015432545,25380.0,golfer,1,#007cbf,,,,,,,,
golfer_group_43,38.0272359517264,-84.46858234007459,25440.0,golfer,1,#007cbf,,,,,,,,
golfer_group_43,38.027132510279316,-84.46823452582373,25500.0,golfer,1,#007cbf,,,,,,,,
golfer_group_43,38.027029068832235,-84.46788671157287,25560.0,golfer,1,#007cbf,,,,,,,,
golfer_group_43,38.026925627385154,-84.46753889732202,25620.0,golfer,1,#007cbf,,,,,,,,
golfer_group_43,38.02682218593807,-84.46719108307117,25680.0,golfer,1,#007cbf,,,,,,,,
golfer_group_43,38.026707885382585,-84.46684997010087,25740.0,golfer,1,#007cbf,,,,,,,,
golfer_group_43,38.0265563489919,-84.46653183579225,25800.0,golfer,1,#007cbf,,,,,,,,
golfer_group_43,38.02640481260122,-84.46621370148365,25860.0,golfer,1,#007cbf,,,,,,,,
golfer_group_43,38.02625327621054,-84.46589556717504,25920.0,golfer,1,#007cbf,,,,,,,,
golfer_group_43,38.026097865476636,-84.4655806681031,25980.0,golfer,1,#007cbf,,,,,,,,
golfer_group_43,38.02592778516153,-84.46527801873756,26040.0,golfer,4,#007cbf,,,,,,,,
golfer_group_43,38.02575770484643,-84.46497536937204,26100.0,golfer,2,#007cbf,,,,,,,,
golfer_group_43,38.02580429978306,-84.46478189846547,26160.0,golfer,2,#007cbf,,,,,,,,
golfer_group_43,38.02609158193444,-84.46470970518055,26220.0,golfer,2,#007cbf,,,,,,,,
golfer_group_43,38.02637886408582,-84.46463751189565,26280.0,golfer,2,#007cbf,,,,,,,,
golfer_group_43,38.0266661462372,-84.46456531861072,26340.0,golfer,2,#007cbf,,,,,,,,
golfer_group_43,38.02695342838857,-84.4644931253258,26400.0,golfer,2,#007cbf,,,,,,,,
golfer_group_43,38.02723262500985,-84.46440936561527,26460.0,golfer,2,#007cbf,,,,,,,,
golfer_group_43,38.02732323296244,-84.46405582806928,26520.0,golfer,2,#007cbf,,,,,,,,
golfer_group_43,38.027413840915024,-84.46370229052329,26580.0,golfer,3,#007cbf,,,,,,,,
golfer_group_43,38.02755613921936,-84.46339199540722,26640.0,golfer,3,#007cbf,,,,,,,,
golfer_group_43,38.02777631020529,-84.46314684598785,26700.0,golfer,3,#007cbf,,,,,,,,
golfer_group_43,38.027996481191224,-84.4629016965685,26760.0,golfer,3,#007cbf,,,,,,,,
golfer_group_43,38.028216652177164,-84.46265654714912,26820.0,golfer,3,#007cbf,,,,,,,,
golfer_group_43,38.0284368231631,-84.46241139772975,26880.0,golfer,3,#007cbf,,,,,,,,
golfer_group_43,38.02865699414903,-84.4621662483104,26940.0,golfer,3,#007cbf,,,,,,,,
golfer_group_43,38.02887716513497,-84.46192109889103,27000.0,golfer,3,#007cbf,,,,,,,,
golfer_group_43,38.029097336120905,-84.46167594947165,27060.0,golfer,3,#007cbf,,,,,,,,
golfer_group_43,38.02932048603734,-84.46143527844885,27120.0,golfer,3,#007cbf,,,,,,,,
golfer_group_43,38.02954781666501,-84.4612008925283,27180.0,golfer,3,#007cbf,,,,,,,,
golfer_group_43,38.029775147292675,-84.46096650660775,27240.0,golfer,3,#007cbf,,,,,,,,
golfer_group_43,38.03000247792034,-84.46073212068718,27300.0,golfer,3,#007cbf,,,,,,,,
golfer_group_43,38.03022980854801,-84.46049773476663,27360.0,golfer,3,#007cbf,,,,,,,,
golfer_group_43,38.03028198771919,-84.46029007968264,27420.0,golfer,3,#007cbf,,,,,,,,
golfer_group_43,38.030017377451664,-84.46013077159431,27480.0,golfer,4,#007cbf,,,,,,,,
golfer_group_43,38.02974997117584,-84.46003134117494,27540.0,golfer,4,#007cbf,,,,,,,,
golfer_group_43,38.029472388508275,-84.46014984237516,27600.0,golfer,4,#007cbf,,,,,,,,
golfer_group_43,38.02919480584071,-84.46026834357538,27660.0,golfer,4,#007cbf,,,,,,,,
golfer_group_43,38.02891722317315,-84.46038684477558,27720.0,golfer,4,#007cbf,,,,,,,,
golfer_group_43,38.02863964050559,-84.4605053459758,27780.0,golfer,4,#007cbf,,,,,,,,
golfer_group_43,38.02846819932939,-84.46074999771898,27840.0,golfer,4,#007cbf,,,,,,,,
golfer_group_43,38.028356651102726,-84.46108459413088,27900.0,golfer,4,#007cbf,,,,,,,,
golfer_group_43,38.028163251425084,-84.46136377382878,27960.0,golfer,4,#007cbf,,,,,,,,
golfer_group_43,38.02796985174745,-84.46164295352668,28020.0,golfer,4,#007cbf,,,,,,,,
golfer_group_43,38.02777645206981,-84.46192213322458,28080.0,golfer,4,#007cbf,,,,,,,,
golfer_group_43,38.027583052392174,-84.46220131292247,28140.0,golfer,4,#007cbf,,,,,,,,
golfer_group_43,38.02739313138997,-84.4624841808364,28200.0,golfer,4,#007cbf,,,,,,,,
golfer_group_43,38.02721114487077,-84.46277546117278,28260.0,golfer,4,#007cbf,,,,,,,,
golfer_group_43,38.02702915835156,-84.46306674150915,28320.0,golfer,4,#007cbf,,,,,,,,
golfer_group_43,38.02684717183235,-84.46335802184554,28380.0,golfer,4,#007cbf,,,,,,,,
golfer_group_43,38.027030664719845,-84.46345337202217,28440.0,golfer,4,#007cbf,,,,,,,,
golfer_group_43,38.02732202605173,-84.46349089491457,28500.0,golfer,3,#007cbf,,,,,,,,
golfer_group_43,38.02761338738361,-84.46352841780696,28560.0,golfer,3,#007cbf,,,,,,,,
golfer_group_43,38.02787761975422,-84.46365295047241,28620.0,golfer,4,#007cbf,,,,,,,,
golfer_group_43,38.02811027773896,-84.46387875056652,28680.0,golfer,4,#007cbf,,,,,,,,
golfer_group_43,38.02834293572369,-84.46410455066062,28740.0,golfer,4,#007cbf,,,,,,,,
golfer_group_43,38.028575593708425,-84.46433035075472,28800.0,golfer,4,#007cbf,,,,,,,,
golfer_group_43,38.028808251693164,-84.46455615084882,28860.0,golfer,4,#007cbf,,,,,,,,
golfer_group_43,38.029040909677896,-84.46478195094294,28920.0,golfer,4,#007cbf,,,,,,,,
golfer_group_43,38.02927356766263,-84.46500775103704,28980.0,golfer,4,#007cbf,,,,,,,,
golfer_group_43,38.02950622564737,-84.46523355113113,29040.0,golfer,4,#007cbf,,,,,,,,
golfer_group_43,38.02975350361947,-84.4654282954189,29100.0,golfer,4,#007cbf,,,,,,,,
golfer_group_43,38.030020352724144,-84.46558146666777,29160.0,golfer,4,#007cbf,,,,,,,,
golfer_group_43,38.03028720182882,-84.46573463791665,29220.0,golfer,4,#007cbf,,,,,,,,
golfer_group_43,38.030554050933496,-84.46588780916554,29280.0,golfer,4,#007cbf,,,,,,,,
golfer_group_43,38.0308144451061,-84.46601508231271,29340.0,golfer,4,#007cbf,,,,,,,,
golfer_group_43,38.03096331555731,-84.46569490649415,29400.0,golfer,4,#007cbf,,,,,,,,
golfer_group_43,38.03100160851583,-84.46532942233877,29460.0,golfer,4,#007cbf,,,,,,,,
golfer_group_43,38.03102825601745,-84.4649591665407,29520.0,golfer,4,#007cbf,,,,,,,,
golfer_group_43,38.03105490351906,-84.46458891074262,29580.0,golfer,4,#007cbf,,,,,,,,
golfer_group_43,38.031081551020684,-84.46421865494455,29640.0,golfer,4,#007cbf,,,,,,,,
golfer_group_43,38.031108198522304,-84.46384839914647,29700.0,golfer,4,#007cbf,,,,,,,,
golfer_group_43,38.03113484602392,-84.4634781433484,29760.0,golfer,4,#007cbf,,,,,,,,
golfer_group_43,38.03116149352554,-84.46310788755032,29820.0,golfer,4,#007cbf,,,,,,,,
golfer_group_43,38.031127268705696,-84.46274982308951,29880.0,golfer,4,#007cbf,,,,,,,,
golfer_group_43,38.031012137391194,-84.4624079623538,29940.0,golfer,4,#007cbf,,,,,,,,
golfer_group_43,38.03089700607669,-84.46206610161808,30000.0,golfer,4,#007cbf,,,,,,,,
golfer_group_43,38.0307818747622,-84.46172424088235,30060.0,golfer,4,#007cbf,,,,,,,,
golfer_group_43,38.030666743447696,-84.46138238014663,30120.0,golfer,4,#007cbf,,,,,,,,
golfer_group_43,38.030551612133195,-84.46104051941091,30180.0,golfer,4,#007cbf,,,,,,,,
golfer_group_43,38.03081531898336,-84.46091137688049,30240.0,golfer,4,#007cbf,,,,,,,,
golfer_group_43,38.0310279411826,-84.46098091912485,30300.0,golfer,4,#007cbf,,,,,,,,
golfer_group_43,38.03115090321037,-84.46131835889211,30360.0,golfer,4,#007cbf,,,,,,,,
golfer_group_43,38.031273865238134,-84.46165579865938,30420.0,golfer,4,#007cbf,,,,,,,,
golfer_group_43,38.03139682726591,-84.46199323842663,30480.0,golfer,4,#007cbf,,,,,,,,
golfer_group_43,38.031519789293675,-84.4623306781939,30540.0,golfer,4,#007cbf,,,,,,,,
golfer_group_43,38.03164275132144,-84.46266811796116,30600.0,golfer,4,#007cbf,,,,,,,,
golfer_group_43,38.03176571334921,-84.46300555772842,30660.0,golfer,4,#007cbf,,,,,,,,
golfer_group_43,38.031888675376976,-84.46334299749569,30720.0,golfer,4,#007cbf,,,,,,,,
golfer_group_43,38.031909837946635,-84.46368872876327,30780.0,golfer,4,#007cbf,,,,,,,,
golfer_group_43,38.03182184589159,-84.46404335060477,30840.0,golfer,4,#007cbf,,,,,,,,
golfer_group_43,38.03173385383655,-84.46439797244628,30900.0,golfer,4,#007cbf,,,,,,,,
golfer_group_43,38.031645861781506,-84.46475259428779,30960.0,golfer,4,#007cbf,,,,,,,,
golfer_group_43,38.03155786972646,-84.46510721612928,31020.0,golfer,4,#007cbf,,,,,,,,
golfer_group_43,38.03146987767142,-84.46546183797079,31080.0,golfer,4,#007cbf,,,,,,,,
golfer_group_43,38.03131864912918,-84.46576966145622,31140.0,golfer,4,#007cbf,,,,,,,,
golfer_group_43,38.0311189562348,-84.46604161874937,31200.0,golfer,4,#007cbf,,,,,,,,
golfer_group_43,38.030919263340415,-84.46631357604252,31260.0,golfer,4,#007cbf,,,,,,,,
golfer_group_43,38.030718115722834,-84.46658350967269,31320.0,golfer,4,#007cbf,,,,,,,,
golfer_group_43,38.0304866033238,-84.46681120290668,31380.0,golfer,4,#007cbf,,,,,,,,
golfer_group_43,38.030255090924776,-84.46703889614066,31440.0,golfer,4,#007cbf,,,,,,,,
golfer_group_43,38.03002357852575,-84.46726658937465,31500.0,golfer,4,#007cbf,,,,,,,,
golfer_group_43,38.02979206612672,-84.46749428260863,31560.0,golfer,4,#007cbf,,,,,,,,
golfer_group_43,38.02956055372769,-84.46772197584261,31620.0,golfer,4,#007cbf,,,,,,,,
golfer_group_43,38.02932904132866,-84.4679496690766,31680.0,golfer,4,#007cbf,,,,,,,,
golfer_group_43,38.02909752892963,-84.46817736231058,31740.0,golfer,4,#007cbf,,,,,,,,
golfer_group_43,38.0288660165306,-84.46840505554457,31800.0,golfer,4,#007cbf,,,,,,,,
golfer_group_43,38.02869804015225,-84.46870681462924,31860.0,golfer,4,#007cbf,,,,,,,,
golfer_group_43,38.028539024924726,-84.46901901999702,31920.0,golfer,4,#007cbf,,,,,,,,
golfer_group_43,38.0283800096972,-84.46933122536481,31980.0,golfer,4,#007cbf,,,,,,,,
golfer_group_43,38.028129065075696,-84.46949162304078,32040.0,golfer,4,#007cbf,,,,,,,,
golfer_group_43,38.02785052807789,-84.46960645602002,32100.0,golfer,1,#007cbf,,,,,,,,
golfer_group_43,38.027571991080094,-84.46972128899925,32160.0,golfer,1,#007cbf,,,,,,,,
golfer_group_43,38.02729345408229,-84.4698361219785,32220.0,golfer,4,#007cbf,,,,,,,,
golfer_group_43,38.027014917084486,-84.46995095495774,32280.0,golfer,4,#007cbf,,,,,,,,
golfer_group_43,38.02677219339408,-84.46990690842384,32340.0,golfer,4,#007cbf,,,,,,,,
golfer_group_43,38.026583670283,-84.46962241044099,32400.0,golfer,4,#007cbf,,,,,,,,
golfer_group_43,38.02639514717193,-84.46933791245814,32460.0,golfer,4,#007cbf,,,,,,,,
golfer_group_43,38.026206624060855,-84.4690534144753,32520.0,golfer,4,#007cbf,,,,,,,,
golfer_group_43,38.02601810094978,-84.46876891649245,32580.0,golfer,4,#007cbf,,,,,,,,
golfer_group_43,38.0258295778387,-84.4684844185096,32640.0,golfer,4,#007cbf,,,,,,,,
golfer_group_43,38.02564105472762,-84.46819992052676,32700.0,golfer,4,#007cbf,,,,,,,,
golfer_group_43,38.02539873776804,-84.4680332578427,32760.0,golfer,4,#007cbf,,,,,,,,
golfer_group_43,38.02511056304286,-84.46796704648648,32820.0,golfer,4,#007cbf,,,,,,,,
golfer_group_43,38.02482238831767,-84.46790083513027,32880.0,golfer,4,#007cbf,,,,,,,,
golfer_group_43,38.02466098715723,-84.46791926274804,32940.0,golfer,4,#007cbf,,,,,,,,
golfer_group_43,38.0248672597656,-84.46818316370741,33000.0,golfer,4,#007cbf,,,,,,,,
golfer_group_43,38.025073532373966,-84.46844706466678,33060.0,golfer,4,#007cbf,,,,,,,,
golfer_group_43,38.02498232223591,-84.46858500193528,33120.0,golfer,4,#007cbf,,,,,,,,
golfer_group_43,38.024692555469876,-84.46863886398934,33180.0,golfer,4,#007cbf,,,,,,,,
golfer_group_43,38.02440278870384,-84.4686927260434,33240.0,golfer,4,#007cbf,,,,,,,,
golfer_group_43,38.0241130219378,-84.46874658809746,33300.0,golfer,4,#007cbf,,,,,,,,
golfer_group_43,38.02382325517176,-84.46880045015152,33360.0,golfer,4,#007cbf,,,,,,,,
golfer_group_43,38.023533488405725,-84.46885431220558,33420.0,golfer,4,#007cbf,,,,,,,,
golfer_group_43,38.02325287292604,-84.46895459002404,33480.0,golfer,4,#007cbf,,,,,,,,
golfer_group_43,38.023120094224296,-84.46908677293466,33540.0,golfer,4,#007cbf,,,,,,,,
golfer_group_43,38.02338797984743,-84.46923698741324,33600.0,golfer,4,#007cbf,,,,,,,,
golfer_group_43,38.02365586547056,-84.46938720189182,33660.0,golfer,4,#007cbf,,,,,,,,
golfer_group_43,38.02392375109368,-84.4695374163704,33720.0,golfer,4,#007cbf,,,,,,,,
golfer_group_43,38.024191636716814,-84.46968763084898,33780.0,golfer,4,#007cbf,,,,,,,,
golfer_group_43,38.024459522339946,-84.46983784532756,33840.0,golfer,4,#007cbf,,,,,,,,
golfer_group_43,38.02472740796308,-84.46998805980614,33900.0,golfer,4,#007cbf,,,,,,,,
golfer_group_43,38.0249952935862,-84.47013827428472,33960.0,golfer,4,#007cbf,,,,,,,,
golfer_group_43,38.02526317920933,-84.4702884887633,34020.0,golfer,4,#007cbf,,,,,,,,
golfer_group_43,38.02549053793203,-84.47051685206469,34080.0,golfer,4,#007cbf,,,,,,,,
golfer_group_43,38.02570511747455,-84.47076985771169,34140.0,golfer,4,#007cbf,,,,,,,,
golfer_group_43,38.025919697017066,-84.4710228633587,34200.0,golfer,4,#007cbf,,,,,,,,
golfer_group_43,38.02613427655959,-84.4712758690057,34260.0,golfer,4,#007cbf,,,,,,,,
golfer_group_43,38.02634885610211,-84.4715288746527,34320.0,golfer,4,#007cbf,,,,,,,,
golfer_group_43,38.026563435644626,-84.4717818802997,34380.0,golfer,4,#007cbf,,,,,,,,
golfer_group_43,38.02678243981026,-84.47202860408251,34440.0,golfer,4,#007cbf,,,,,,,,
golfer_group_43,38.02668611647238,-84.47218057293104,34500.0,golfer,4,#007cbf,,,,,,,,
golfer_group_43,38.02640386024167,-84.4722796932027,34560.0,golfer,4,#007cbf,,,,,,,,
golfer_group_43,38.02612160401096,-84.47237881347434,34620.0,golfer,4,#007cbf,,,,,,,,
golfer_group_43,38.02583934778024,-84.47247793374599,34680.0,golfer,4,#007cbf,,,,,,,,
golfer_group_43,38.02555709154953,-84.47257705401765,34740.0,golfer,4,#007cbf,,,,,,,,
golfer_group_43,38.025278899056985,-84.47258808504574,34800.0,golfer,4,#007cbf,,,,,,,,
golfer_group_43,38.02505413568005,-84.47238241246707,34860.0,golfer,4,#007cbf,,,,,,,,
golfer_group_43,38.02491621232278,-84.47205445775451,34920.0,golfer,4,#007cbf,,,,,,,,
golfer_group_43,38.02477828896551,-84.47172650304194,34980.0,golfer,4,#007cbf,,,,,,,,
golfer_group_43,38.024640365608235,-84.47139854832938,35040.0,golfer,4,#007cbf,,,,,,,,
golfer_group_43,38.02450244225096,-84.4710705936168,35100.0,golfer,4,#007cbf,,,,,,,,
golfer_group_43,38.02436451889369,-84.47074263890424,35160.0,golfer,4,#007cbf,,,,,,,,
golfer_group_43,38.02422659553642,-84.47041468419167,35220.0,golfer,4,#007cbf,,,,,,,,
golfer_group_43,38.02408867217915,-84.4700867294791,35280.0,golfer,4,#007cbf,,,,,,,,
golfer_group_43,38.023830177494666,-84.46991493651929,35340.0,golfer,4,#007cbf,,,,,,,,
golfer_group_43,38.02356911857893,-84.46974646470437,35400.0,golfer,4,#007cbf,,,,,,,,
golfer_group_43,38.0233080596632,-84.46957799288944,35460.0,golfer,4,#007cbf,,,,,,,,
golfer_group_43,38.02304700074746,-84.46940952107451,35520.0,golfer,4,#007cbf,,,,,,,,
golfer_group_43,38.0227847606833,-84.46924457405959,35580.0,golfer,4,#007cbf,,,,,,,,
golfer_group_43,38.02250809559787,-84.46912267439926,35640.0,golfer,4,#007cbf,,,,,,,,
golfer_group_43,38.022527943550884,-84.46893235209967,35700.0,golfer,4,#007cbf,,,,,,,,
golfer_group_43,38.02275311404551,-84.46869465006165,35760.0,golfer,4,#007cbf,,,,,,,,
golfer_group_43,38.02297828454014,-84.46845694802364,35820.0,golfer,4,#007cbf,,,,,,,,
golfer_group_43,38.02320345503476,-84.46821924598564,35880.0,golfer,4,#007cbf,,,,,,,,
golfer_group_43,38.023428625529384,-84.46798154394763,35940.0,golfer,4,#007cbf,,,,,,,,
golfer_group_43,38.02365379602401,-84.46774384190961,36000.0,golfer,4,#007cbf,,,,,,,,
golfer_group_43,38.02387896651864,-84.4675061398716,36060.0,golfer,4,#007cbf,,,,,,,,
golfer_group_43,38.02410413701326,-84.4672684378336,36120.0,golfer,4,#007cbf,,,,,,,,
golfer_group_43,38.024329307507884,-84.46703073579559,36180.0,golfer,4,#007cbf,,,,,,,,
golfer_group_43,38.024516630016976,-84.46674714202182,36240.0,golfer,4,#007cbf,,,,,,,,
golfer_group_43,38.02469334505099,-84.4664506863893,36300.0,golfer,4,#007cbf,,,,,,,,
golfer_group_43,38.02487006008501,-84.46615423075679,36360.0,golfer,4,#007cbf,,,,,,,,
golfer_group_43,38.02504677511902,-84.46585777512426,36420.0,golfer,4,#007cbf,,,,,,,,
golfer_group_43,38.02525798622544,-84.46562593134438,36480.0,golfer,4,#007cbf,,,,,,,,
golfer_group_43,38.025540368765746,-84.46552739312297,36540.0,golfer,4,#007cbf,,,,,,,,
golfer_group_43,38.02582275130605,-84.46542885490156,36600.0,golfer,4,#007cbf,,,,,,,,
golfer_group_43,38.02610513384636,-84.46533031668015,36660.0,golfer,4,#007cbf,,,,,,,,
golfer_group_43,38.02637936666449,-84.46537020680762,36720.0,golfer,4,#007cbf,,,,,,,,
golfer_group_43,38.02664707383,-84.4655209394031,36780.0,golfer,4,#007cbf,,,,,,,,
golfer_group_43,38.026914780995504,-84.46567167199859,36840.0,golfer,4,#007cbf,,,,,,,,
golfer_group_43,38.02718248816101,-84.46582240459409,36900.0,golfer,4,#007cbf,,,,,,,,
golfer_group_43,38.027450195326516,-84.46597313718958,36960.0,golfer,4,#007cbf,,,,,,,,
golfer_group_43,38.02771790249202,-84.46612386978506,37020.0,golfer,4,#007cbf,,,,,,,,
golfer_group_43,38.027985609657534,-84.46627460238055,37080.0,golfer,4,#007cbf,,,,,,,,
golfer_group_43,38.02825331682304,-84.46642533497604,37140.0,golfer,4,#007cbf,,,,,,,,
golfer_group_43,38.02854411583699,-84.46643446747252,37200.0,golfer,4,#007cbf,,,,,,,,
golfer_group_43,38.02883696025459,-84.46643105747557,37260.0,golfer,4,#007cbf,,,,,,,,
golfer_group_43,38.02912980467218,-84.46642764747862,37320.0,golfer,4,#007cbf,,,,,,,,
golfer_group_43,38.029422649089774,-84.46642423748168,37380.0,golfer,4,#007cbf,,,,,,,,
golfer_group_43,38.029714660100595,-84.46640554510962,37440.0,golfer,4,#007cbf,,,,,,,,
golfer_group_43,38.03000508074206,-84.46635768976212,37500.0,golfer,4,#007cbf,,,,,,,,
golfer_group_43,38.03029550138352,-84.46630983441462,37560.0,golfer,4,#007cbf,,,,,,,,
golfer_group_43,38.03034421537664,-84.46623396436489,37620.0,golfer,4,#007cbf,,,,,,,,
golfer_group_43,38.0300654222068,-84.4661201350132,37680.0,golfer,4,#007cbf,,,,,,,,
golfer_group_43,38.02978662903697,-84.46600630566151,37740.0,golfer,4,#007cbf,,,,,,,,
golfer_group_43,38.02950783586713,-84.46589247630982,37800.0,golfer,4,#007cbf,,,,,,,,
golfer_group_43,38.029229042697295,-84.46577864695813,37860.0,golfer,4,#007cbf,,,,,,,,
golfer_group_43,38.02895024952746,-84.46566481760644,37920.0,golfer,4,#007cbf,,,,,,,,
golfer_group_43,38.02867145635763,-84.46555098825475,37980.0,golfer,4,#007cbf,,,,,,,,
golfer_group_43,38.02839266318779,-84.46543715890306,38040.0,golfer,4,#007cbf,,,,,,,,
golfer_group_43,38.02811294382565,-84.46532834232956,38100.0,golfer,4,#007cbf,,,,,,,,
golfer_group_43,38.02782336017175,-84.46527291370359,38160.0,golfer,4,#007cbf,,,,,,,,
golfer_group_43,38.02753377651786,-84.46521748507763,38220.0,golfer,4,#007cbf,,,,,,,,
golfer_group_43,38.027244192863975,-84.46516205645167,38280.0,golfer,4,#007cbf,,,,,,,,
golfer_group_43,38.02695460921009,-84.46510662782572,38340.0,golfer,4,#007cbf,,,,,,,,
golfer_group_43,38.02666502555619,-84.46505119919976,38400.0,golfer,4,#007cbf,,,,,,,,
golfer_group_43,38.02637326063661,-84.4650346343973,38460.0,golfer,4,#007cbf,,,,,,,,
golfer_group_43,38.02608041188864,-84.46503738027086,38520.0,golfer,4,#007cbf,,,,,,,,
golfer_group_43,38.025787563140675,-84.46504012614442,38580.0,golfer,2,#007cbf,,,,,,,,
golfer_group_43,38.025494714392714,-84.46504287201797,38640.0,golfer,4,#007cbf,,,,,,,,
golfer_group_43,38.02556401049359,-84.4653626218534,38700.0,golfer,4,#007cbf,,,,,,,,
golfer_group_43,38.025666096931715,-84.46571107475296,38760.0,golfer,4,#007cbf,,,,,,,,
golfer_group_43,38.02576818336984,-84.46605952765252,38820.0,golfer,4,#007cbf,,,,,,,,
golfer_group_43,38.02587026980797,-84.46640798055208,38880.0,golfer,4,#007cbf,,,,,,,,
golfer_group_43,38.02597235624609,-84.46675643345164,38940.0,golfer,4,#007cbf,,,,,,,,
golfer_group_43,38.02607444268422,-84.46710488635118,39000.0,golfer,4,#007cbf,,,,,,,,
golfer_group_43,38.026176529122345,-84.46745333925074,39060.0,golfer,4,#007cbf,,,,,,,,
golfer_group_43,38.02627861556047,-84.4678017921503,39120.0,golfer,4,#007cbf,,,,,,,,
golfer_group_43,38.026391551516966,-84.46814347235242,39180.0,golfer,4,#007cbf,,,,,,,,
golfer_group_43,38.0265466275618,-84.46845884704874,39240.0,golfer,4,#007cbf,,,,,,,,
golfer_group_43,38.02670170360664,-84.46877422174504,39300.0,golfer,4,#007cbf,,,,,,,,
golfer_group_43,38.02685677965148,-84.46908959644135,39360.0,golfer,4,#007cbf,,,,,,,,
golfer_group_43,38.027011855696315,-84.46940497113766,39420.0,golfer,4,#007cbf,,,,,,,,
golfer_group_43,38.027202562026105,-84.46967624119414,39480.0,golfer,4,#007cbf,,,,,,,,
golfer_group_43,38.027447,-84.469881,39540.0,golfer,1,#007cbf,,,,,,,,
golfer_group_44,38.027447,-84.469881,25740.0,golfer,1,#007cbf,,,,,,,,
golfer_group_44,38.02754627606764,-84.46962578282717,25800.0,golfer,1,#007cbf,,,,,,,,
golfer_group_44,38.02744283462056,-84.4692779685763,25860.0,golfer,1,#007cbf,,,,,,,,
golfer_group_44,38.02733939317348,-84.46893015432545,25920.0,golfer,1,#007cbf,,,,,,,,
golfer_group_44,38.0272359517264,-84.46858234007459,25980.0,golfer,1,#007cbf,,,,,,,,
golfer_group_44,38.027132510279316,-84.46823452582373,26040.0,golfer,1,#007cbf,,,,,,,,
golfer_group_44,38.027029068832235,-84.46788671157287,26100.0,golfer,1,#007cbf,,,,,,,,
golfer_group_44,38.026925627385154,-84.46753889732202,26160.0,golfer,1,#007cbf,,,,,,,,
golfer_group_44,38.02682218593807,-84.46719108307117,26220.0,golfer,1,#007cbf,,,,,,,,
golfer_group_44,38.026707885382585,-84.46684997010087,26280.0,golfer,1,#007cbf,,,,,,,,
golfer_group_44,38.0265563489919,-84.46653183579225,26340.0,golfer,1,#007cbf,,,,,,,,
golfer_group_44,38.02640481260122,-84.46621370148365,26400.0,golfer,1,#007cbf,,,,,,,,
golfer_group_44,38.02625327621054,-84.46589556717504,26460.0,golfer,1,#007cbf,,,,,,,,
golfer_group_44,38.026097865476636,-84.4655806681031,26520.0,golfer,1,#007cbf,,,,,,,,
golfer_group_44,38.02592778516153,-84.46527801873756,26580.0,golfer,4,#007cbf,,,,,,,,
golfer_group_44,38.02575770484643,-84.46497536937204,26640.0,golfer,2,#007cbf,,,,,,,,
golfer_group_44,38.02580429978306,-84.46478189846547,26700.0,golfer,2,#007cbf,,,,,,,,
golfer_group_44,38.02609158193444,-84.46470970518055,26760.0,golfer,2,#007cbf,,,,,,,,
golfer_group_44,38.02637886408582,-84.46463751189565,26820.0,golfer,2,#007cbf,,,,,,,,
golfer_group_44,38.0266661462372,-84.46456531861072,26880.0,golfer,2,#007cbf,,,,,,,,
golfer_group_44,38.02695342838857,-84.4644931253258,26940.0,golfer,2,#007cbf,,,,,,,,
golfer_group_44,38.02723262500985,-84.46440936561527,27000.0,golfer,2,#007cbf,,,,,,,,
golfer_group_44,38.02732323296244,-84.46405582806928,27060.0,golfer,2,#007cbf,,,,,,,,
golfer_group_44,38.027413840915024,-84.46370229052329,27120.0,golfer,3,#007cbf,,,,,,,,
golfer_group_44,38.02755613921936,-84.46339199540722,27180.0,golfer,3,#007cbf,,,,,,,,
golfer_group_44,38.02777631020529,-84.46314684598785,27240.0,golfer,3,#007cbf,,,,,,,,
golfer_group_44,38.027996481191224,-84.4629016965685,27300.0,golfer,3,#007cbf,,,,,,,,
golfer_group_44,38.028216652177164,-84.46265654714912,27360.0,golfer,3,#007cbf,,,,,,,,
golfer_group_44,38.0284368231631,-84.46241139772975,27420.0,golfer,3,#007cbf,,,,,,,,
golfer_group_44,38.02865699414903,-84.4621662483104,27480.0,golfer,3,#007cbf,,,,,,,,
golfer_group_44,38.02887716513497,-84.46192109889103,27540.0,golfer,3,#007cbf,,,,,,,,
golfer_group_44,38.029097336120905,-84.46167594947165,27600.0,golfer,3,#007cbf,,,,,,,,
golfer_group_44,38.02932048603734,-84.46143527844885,27660.0,golfer,3,#007cbf,,,,,,,,
golfer_group_44,38.02954781666501,-84.4612008925283,27720.0,golfer,3,#007cbf,,,,,,,,
golfer_group_44,38.029775147292675,-84.46096650660775,27780.0,golfer,3,#007cbf,,,,,,,,
golfer_group_44,38.03000247792034,-84.46073212068718,27840.0,golfer,3,#007cbf,,,,,,,,
golfer_group_44,38.03022980854801,-84.46049773476663,27900.0,golfer,3,#007cbf,,,,,,,,
golfer_group_44,38.03028198771919,-84.46029007968264,27960.0,golfer,3,#007cbf,,,,,,,,
golfer_group_44,38.030017377451664,-84.46013077159431,28020.0,golfer,4,#007cbf,,,,,,,,
golfer_group_44,38.02974997117584,-84.46003134117494,28080.0,golfer,4,#007cbf,,,,,,,,
golfer_group_44,38.029472388508275,-84.46014984237516,28140.0,golfer,4,#007cbf,,,,,,,,
golfer_group_44,38.02919480584071,-84.46026834357538,28200.0,golfer,4,#007cbf,,,,,,,,
golfer_group_44,38.02891722317315,-84.46038684477558,28260.0,golfer,4,#007cbf,,,,,,,,
golfer_group_44,38.02863964050559,-84.4605053459758,28320.0,golfer,4,#007cbf,,,,,,,,
golfer_group_44,38.02846819932939,-84.46074999771898,28380.0,golfer,4,#007cbf,,,,,,,,
golfer_group_44,38.028356651102726,-84.46108459413088,28440.0,golfer,4,#007cbf,,,,,,,,
golfer_group_44,38.028163251425084,-84.46136377382878,28500.0,golfer,4,#007cbf,,,,,,,,
golfer_group_44,38.02796985174745,-84.46164295352668,28560.0,golfer,4,#007cbf,,,,,,,,
golfer_group_44,38.02777645206981,-84.46192213322458,28620.0,golfer,4,#007cbf,,,,,,,,
golfer_group_44,38.027583052392174,-84.46220131292247,28680.0,golfer,4,#007cbf,,,,,,,,
golfer_group_44,38.02739313138997,-84.4624841808364,28740.0,golfer,4,#007cbf,,,,,,,,
golfer_group_44,38.02721114487077,-84.46277546117278,28800.0,golfer,4,#007cbf,,,,,,,,
golfer_group_44,38.02702915835156,-84.46306674150915,28860.0,golfer,4,#007cbf,,,,,,,,
golfer_group_44,38.02684717183235,-84.46335802184554,28920.0,golfer,4,#007cbf,,,,,,,,
golfer_group_44,38.027030664719845,-84.46345337202217,28980.0,golfer,4,#007cbf,,,,,,,,
golfer_group_44,38.02732202605173,-84.46349089491457,29040.0,golfer,3,#007cbf,,,,,,,,
golfer_group_44,38.02761338738361,-84.46352841780696,29100.0,golfer,3,#007cbf,,,,,,,,
golfer_group_44,38.02787761975422,-84.46365295047241,29160.0,golfer,4,#007cbf,,,,,,,,
golfer_group_44,38.02811027773896,-84.46387875056652,29220.0,golfer,4,#007cbf,,,,,,,,
golfer_group_44,38.02834293572369,-84.46410455066062,29280.0,golfer,4,#007cbf,,,,,,,,
golfer_group_44,38.028575593708425,-84.46433035075472,29340.0,golfer,4,#007cbf,,,,,,,,
golfer_group_44,38.028808251693164,-84.46455615084882,29400.0,golfer,4,#007cbf,,,,,,,,
golfer_group_44,38.029040909677896,-84.46478195094294,29460.0,golfer,4,#007cbf,,,,,,,,
golfer_group_44,38.02927356766263,-84.46500775103704,29520.0,golfer,4,#007cbf,,,,,,,,
golfer_group_44,38.02950622564737,-84.46523355113113,29580.0,golfer,4,#007cbf,,,,,,,,
golfer_group_44,38.02975350361947,-84.4654282954189,29640.0,golfer,4,#007cbf,,,,,,,,
golfer_group_44,38.030020352724144,-84.46558146666777,29700.0,golfer,4,#007cbf,,,,,,,,
golfer_group_44,38.03028720182882,-84.46573463791665,29760.0,golfer,4,#007cbf,,,,,,,,
golfer_group_44,38.030554050933496,-84.46588780916554,29820.0,golfer,4,#007cbf,,,,,,,,
golfer_group_44,38.0308144451061,-84.46601508231271,29880.0,golfer,4,#007cbf,,,,,,,,
golfer_group_44,38.03096331555731,-84.46569490649415,29940.0,golfer,4,#007cbf,,,,,,,,
golfer_group_44,38.03100160851583,-84.46532942233877,30000.0,golfer,4,#007cbf,,,,,,,,
golfer_group_44,38.03102825601745,-84.4649591665407,30060.0,golfer,4,#007cbf,,,,,,,,
golfer_group_44,38.03105490351906,-84.46458891074262,30120.0,golfer,4,#007cbf,,,,,,,,
golfer_group_44,38.031081551020684,-84.46421865494455,30180.0,golfer,4,#007cbf,,,,,,,,
golfer_group_44,38.031108198522304,-84.46384839914647,30240.0,golfer,4,#007cbf,,,,,,,,
golfer_group_44,38.03113484602392,-84.4634781433484,30300.0,golfer,4,#007cbf,,,,,,,,
golfer_group_44,38.03116149352554,-84.46310788755032,30360.0,golfer,4,#007cbf,,,,,,,,
golfer_group_44,38.031127268705696,-84.46274982308951,30420.0,golfer,4,#007cbf,,,,,,,,
golfer_group_44,38.031012137391194,-84.4624079623538,30480.0,golfer,4,#007cbf,,,,,,,,
golfer_group_44,38.03089700607669,-84.46206610161808,30540.0,golfer,4,#007cbf,,,,,,,,
golfer_group_44,38.0307818747622,-84.46172424088235,30600.0,golfer,4,#007cbf,,,,,,,,
golfer_group_44,38.030666743447696,-84.46138238014663,30660.0,golfer,4,#007cbf,,,,,,,,
golfer_group_44,38.030551612133195,-84.46104051941091,30720.0,golfer,4,#007cbf,,,,,,,,
golfer_group_44,38.03081531898336,-84.46091137688049,30780.0,golfer,4,#007cbf,,,,,,,,
golfer_group_44,38.0310279411826,-84.46098091912485,30840.0,golfer,4,#007cbf,,,,,,,,
golfer_group_44,38.03115090321037,-84.46131835889211,30900.0,golfer,4,#007cbf,,,,,,,,
golfer_group_44,38.031273865238134,-84.46165579865938,30960.0,golfer,4,#007cbf,,,,,,,,
golfer_group_44,38.03139682726591,-84.46199323842663,31020.0,golfer,4,#007cbf,,,,,,,,
golfer_group_44,38.031519789293675,-84.4623306781939,31080.0,golfer,4,#007cbf,,,,,,,,
golfer_group_44,38.03164275132144,-84.46266811796116,31140.0,golfer,4,#007cbf,,,,,,,,
golfer_group_44,38.03176571334921,-84.46300555772842,31200.0,golfer,4,#007cbf,,,,,,,,
golfer_group_44,38.031888675376976,-84.46334299749569,31260.0,golfer,4,#007cbf,,,,,,,,
golfer_group_44,38.031909837946635,-84.46368872876327,31320.0,golfer,4,#007cbf,,,,,,,,
golfer_group_44,38.03182184589159,-84.46404335060477,31380.0,golfer,4,#007cbf,,,,,,,,
golfer_group_44,38.03173385383655,-84.46439797244628,31440.0,golfer,4,#007cbf,,,,,,,,
golfer_group_44,38.031645861781506,-84.46475259428779,31500.0,golfer,4,#007cbf,,,,,,,,
golfer_group_44,38.03155786972646,-84.46510721612928,31560.0,golfer,4,#007cbf,,,,,,,,
golfer_group_44,38.03146987767142,-84.46546183797079,31620.0,golfer,4,#007cbf,,,,,,,,
golfer_group_44,38.03131864912918,-84.46576966145622,31680.0,golfer,4,#007cbf,,,,,,,,
golfer_group_44,38.0311189562348,-84.46604161874937,31740.0,golfer,4,#007cbf,,,,,,,,
golfer_group_44,38.030919263340415,-84.46631357604252,31800.0,golfer,4,#007cbf,,,,,,,,
golfer_group_44,38.030718115722834,-84.46658350967269,31860.0,golfer,4,#007cbf,,,,,,,,
golfer_group_44,38.0304866033238,-84.46681120290668,31920.0,golfer,4,#007cbf,,,,,,,,
golfer_group_44,38.030255090924776,-84.46703889614066,31980.0,golfer,4,#007cbf,,,,,,,,
golfer_group_44,38.03002357852575,-84.46726658937465,32040.0,golfer,4,#007cbf,,,,,,,,
golfer_group_44,38.02979206612672,-84.46749428260863,32100.0,golfer,4,#007cbf,,,,,,,,
golfer_group_44,38.02956055372769,-84.46772197584261,32160.0,golfer,4,#007cbf,,,,,,,,
golfer_group_44,38.02932904132866,-84.4679496690766,32220.0,golfer,4,#007cbf,,,,,,,,
golfer_group_44,38.02909752892963,-84.46817736231058,32280.0,golfer,4,#007cbf,,,,,,,,
golfer_group_44,38.0288660165306,-84.46840505554457,32340.0,golfer,4,#007cbf,,,,,,,,
golfer_group_44,38.02869804015225,-84.46870681462924,32400.0,golfer,4,#007cbf,,,,,,,,
golfer_group_44,38.028539024924726,-84.46901901999702,32460.0,golfer,4,#007cbf,,,,,,,,
golfer_group_44,38.0283800096972,-84.46933122536481,32520.0,golfer,4,#007cbf,,,,,,,,
golfer_group_44,38.028129065075696,-84.46949162304078,32580.0,golfer,4,#007cbf,,,,,,,,
golfer_group_44,38.02785052807789,-84.46960645602002,32640.0,golfer,1,#007cbf,,,,,,,,
golfer_group_44,38.027571991080094,-84.46972128899925,32700.0,golfer,1,#007cbf,,,,,,,,
golfer_group_44,38.02729345408229,-84.4698361219785,32760.0,golfer,4,#007cbf,,,,,,,,
golfer_group_44,38.027014917084486,-84.46995095495774,32820.0,golfer,4,#007cbf,,,,,,,,
golfer_group_44,38.02677219339408,-84.46990690842384,32880.0,golfer,4,#007cbf,,,,,,,,
golfer_group_44,38.026583670283,-84.46962241044099,32940.0,golfer,4,#007cbf,,,,,,,,
golfer_group_44,38.02639514717193,-84.46933791245814,33000.0,golfer,4,#007cbf,,,,,,,,
golfer_group_44,38.026206624060855,-84.4690534144753,33060.0,golfer,4,#007cbf,,,,,,,,
golfer_group_44,38.02601810094978,-84.46876891649245,33120.0,golfer,4,#007cbf,,,,,,,,
golfer_group_44,38.0258295778387,-84.4684844185096,33180.0,golfer,4,#007cbf,,,,,,,,
golfer_group_44,38.02564105472762,-84.46819992052676,33240.0,golfer,4,#007cbf,,,,,,,,
golfer_group_44,38.02539873776804,-84.4680332578427,33300.0,golfer,4,#007cbf,,,,,,,,
golfer_group_44,38.02511056304286,-84.46796704648648,33360.0,golfer,4,#007cbf,,,,,,,,
golfer_group_44,38.02482238831767,-84.46790083513027,33420.0,golfer,4,#007cbf,,,,,,,,
golfer_group_44,38.02466098715723,-84.46791926274804,33480.0,golfer,4,#007cbf,,,,,,,,
golfer_group_44,38.0248672597656,-84.46818316370741,33540.0,golfer,4,#007cbf,,,,,,,,
golfer_group_44,38.025073532373966,-84.46844706466678,33600.0,golfer,4,#007cbf,,,,,,,,
golfer_group_44,38.02498232223591,-84.46858500193528,33660.0,golfer,4,#007cbf,,,,,,,,
golfer_group_44,38.024692555469876,-84.46863886398934,33720.0,golfer,4,#007cbf,,,,,,,,
golfer_group_44,38.02440278870384,-84.4686927260434,33780.0,golfer,4,#007cbf,,,,,,,,
golfer_group_44,38.0241130219378,-84.46874658809746,33840.0,golfer,4,#007cbf,,,,,,,,
golfer_group_44,38.02382325517176,-84.46880045015152,33900.0,golfer,4,#007cbf,,,,,,,,
golfer_group_44,38.023533488405725,-84.46885431220558,33960.0,golfer,4,#007cbf,,,,,,,,
golfer_group_44,38.02325287292604,-84.46895459002404,34020.0,golfer,4,#007cbf,,,,,,,,
golfer_group_44,38.023120094224296,-84.46908677293466,34080.0,golfer,4,#007cbf,,,,,,,,
golfer_group_44,38.02338797984743,-84.46923698741324,34140.0,golfer,4,#007cbf,,,,,,,,
golfer_group_44,38.02365586547056,-84.46938720189182,34200.0,golfer,4,#007cbf,,,,,,,,
golfer_group_44,38.02392375109368,-84.4695374163704,34260.0,golfer,4,#007cbf,,,,,,,,
golfer_group_44,38.024191636716814,-84.46968763084898,34320.0,golfer,4,#007cbf,,,,,,,,
golfer_group_44,38.024459522339946,-84.46983784532756,34380.0,golfer,4,#ffe6cc,,,,,,,,
golfer_group_44,38.02472740796308,-84.46998805980614,34440.0,golfer,4,#ffe6cc,,,,,,,,
golfer_group_44,38.0249952935862,-84.47013827428472,34500.0,golfer,4,#ffe6cc,,,,,,,,
golfer_group_44,38.02526317920933,-84.4702884887633,34560.0,golfer,4,#ffe6cc,,,,,,,,
golfer_group_44,38.02549053793203,-84.47051685206469,34620.0,golfer,4,#ffe6cc,,,,,,,,
golfer_group_44,38.02570511747455,-84.47076985771169,34680.0,golfer,4,#ffe6cc,,,,,,,,
golfer_group_44,38.025919697017066,-84.4710228633587,34740.0,golfer,4,#ffe6cc,,,,,,,,
golfer_group_44,38.02613427655959,-84.4712758690057,34800.0,golfer,4,#ffe6cc,,,,,,,,
golfer_group_44,38.02634885610211,-84.4715288746527,34860.0,golfer,4,#ffe6cc,,,,,,,,
golfer_group_44,38.026563435644626,-84.4717818802997,34920.0,golfer,4,#ffe6cc,,,,,,,,
golfer_group_44,38.02678243981026,-84.47202860408251,34980.0,golfer,4,#ffcc99,,,,,,,,
golfer_group_44,38.02668611647238,-84.47218057293104,35040.0,golfer,4,#ffcc99,,,,,,,,
golfer_group_44,38.02640386024167,-84.4722796932027,35100.0,golfer,4,#ffcc99,,,,,,,,
golfer_group_44,38.02612160401096,-84.47237881347434,35160.0,golfer,4,#ffcc99,,,,,,,,
golfer_group_44,38.02583934778024,-84.47247793374599,35220.0,golfer,4,#ffcc99,,,,,,,,
golfer_group_44,38.02555709154953,-84.47257705401765,35280.0,golfer,4,#ffcc99,,,,,,,,
golfer_group_44,38.025278899056985,-84.47258808504574,35340.0,golfer,4,#ffcc99,,,,,,,,
golfer_group_44,38.02505413568005,-84.47238241246707,35400.0,golfer,4,#ffcc99,,,,,,,,
golfer_group_44,38.02491621232278,-84.47205445775451,35460.0,golfer,4,#00b894,,,,,,,,
golfer_group_44,38.02477828896551,-84.47172650304194,35520.0,golfer,4,#00b894,,,,,,,,
golfer_group_44,38.024640365608235,-84.47139854832938,35580.0,golfer,4,#00b894,,,,,,,,
golfer_group_44,38.02450244225096,-84.4710705936168,35640.0,golfer,4,#00b894,,,,,,,,
golfer_group_44,38.02436451889369,-84.47074263890424,35700.0,golfer,4,#00b894,,,,,,,,
golfer_group_44,38.02422659553642,-84.47041468419167,35760.0,golfer,4,#00b894,,,,,,,,
golfer_group_44,38.02408867217915,-84.4700867294791,35820.0,golfer,4,#00b894,,,,,,,,
golfer_group_44,38.023830177494666,-84.46991493651929,35880.0,golfer,4,#00b894,,,,,,,,
golfer_group_44,38.02356911857893,-84.46974646470437,35940.0,golfer,4,#00b894,,,,,,,,
golfer_group_44,38.0233080596632,-84.46957799288944,36000.0,golfer,4,#00b894,,,,,,,,
golfer_group_44,38.02304700074746,-84.46940952107451,36060.0,golfer,4,#00b894,,,,,,,,
golfer_group_44,38.0227847606833,-84.46924457405959,36120.0,golfer,4,#00b894,,,,,,,,
golfer_group_44,38.02250809559787,-84.46912267439926,36180.0,golfer,4,#00b894,,,,,,,,
golfer_group_44,38.022527943550884,-84.46893235209967,36240.0,golfer,4,#00b894,,,,,,,,
golfer_group_44,38.02275311404551,-84.46869465006165,36300.0,golfer,4,#00b894,,,,,,,,
golfer_group_44,38.02297828454014,-84.46845694802364,36360.0,golfer,4,#00b894,,,,,,,,
golfer_group_44,38.02320345503476,-84.46821924598564,36420.0,golfer,4,#00b894,,,,,,,,
golfer_group_44,38.023428625529384,-84.46798154394763,36480.0,golfer,4,#00b894,,,,,,,,
golfer_group_44,38.02365379602401,-84.46774384190961,36540.0,golfer,4,#00b894,,,,,,,,
golfer_group_44,38.02387896651864,-84.4675061398716,36600.0,golfer,4,#00b894,,,,,,,,
golfer_group_44,38.02410413701326,-84.4672684378336,36660.0,golfer,4,#00b894,,,,,,,,
golfer_group_44,38.024329307507884,-84.46703073579559,36720.0,golfer,4,#00b894,,,,,,,,
golfer_group_44,38.024516630016976,-84.46674714202182,36780.0,golfer,4,#00b894,,,,,,,,
golfer_group_44,38.02469334505099,-84.4664506863893,36840.0,golfer,4,#00b894,,,,,,,,
golfer_group_44,38.02487006008501,-84.46615423075679,36900.0,golfer,4,#00b894,,,,,,,,
golfer_group_44,38.02504677511902,-84.46585777512426,36960.0,golfer,4,#00b894,,,,,,,,
golfer_group_44,38.02525798622544,-84.46562593134438,37020.0,golfer,4,#00b894,,,,,,,,
golfer_group_44,38.025540368765746,-84.46552739312297,37080.0,golfer,4,#00b894,,,,,,,,
golfer_group_44,38.02582275130605,-84.46542885490156,37140.0,golfer,4,#00b894,,,,,,,,
golfer_group_44,38.02610513384636,-84.46533031668015,37200.0,golfer,4,#00b894,,,,,,,,
golfer_group_44,38.02637936666449,-84.46537020680762,37260.0,golfer,4,#00b894,,,,,,,,
golfer_group_44,38.02664707383,-84.4655209394031,37320.0,golfer,4,#00b894,,,,,,,,
golfer_group_44,38.026914780995504,-84.46567167199859,37380.0,golfer,4,#00b894,,,,,,,,
golfer_group_44,38.02718248816101,-84.46582240459409,37440.0,golfer,4,#00b894,,,,,,,,
golfer_group_44,38.027450195326516,-84.46597313718958,37500.0,golfer,4,#00b894,,,,,,,,
golfer_group_44,38.02771790249202,-84.46612386978506,37560.0,golfer,4,#00b894,,,,,,,,
golfer_group_44,38.027985609657534,-84.46627460238055,37620.0,golfer,4,#00b894,,,,,,,,
golfer_group_44,38.02825331682304,-84.46642533497604,37680.0,golfer,4,#00b894,,,,,,,,
golfer_group_44,38.02854411583699,-84.46643446747252,37740.0,golfer,4,#00b894,,,,,,,,
golfer_group_44,38.02883696025459,-84.46643105747557,37800.0,golfer,4,#00b894,,,,,,,,
golfer_group_44,38.02912980467218,-84.46642764747862,37860.0,golfer,4,#00b894,,,,,,,,
golfer_group_44,38.029422649089774,-84.46642423748168,37920.0,golfer,4,#00b894,,,,,,,,
golfer_group_44,38.029714660100595,-84.46640554510962,37980.0,golfer,4,#00b894,,,,,,,,
golfer_group_44,38.03000508074206,-84.46635768976212,38040.0,golfer,4,#00b894,,,,,,,,
golfer_group_44,38.03029550138352,-84.46630983441462,38100.0,golfer,4,#00b894,,,,,,,,
golfer_group_44,38.03034421537664,-84.46623396436489,38160.0,golfer,4,#00b894,,,,,,,,
golfer_group_44,38.0300654222068,-84.4661201350132,38220.0,golfer,4,#00b894,,,,,,,,
golfer_group_44,38.02978662903697,-84.46600630566151,38280.0,golfer,4,#00b894,,,,,,,,
golfer_group_44,38.02950783586713,-84.46589247630982,38340.0,golfer,4,#00b894,,,,,,,,
golfer_group_44,38.029229042697295,-84.46577864695813,38400.0,golfer,4,#00b894,,,,,,,,
golfer_group_44,38.02895024952746,-84.46566481760644,38460.0,golfer,4,#00b894,,,,,,,,
golfer_group_44,38.02867145635763,-84.46555098825475,38520.0,golfer,4,#00b894,,,,,,,,
golfer_group_44,38.02839266318779,-84.46543715890306,38580.0,golfer,4,#00b894,,,,,,,,
golfer_group_44,38.02811294382565,-84.46532834232956,38640.0,golfer,4,#00b894,,,,,,,,
golfer_group_44,38.02782336017175,-84.46527291370359,38700.0,golfer,4,#00b894,,,,,,,,
golfer_group_44,38.02753377651786,-84.46521748507763,38760.0,golfer,4,#00b894,,,,,,,,
golfer_group_44,38.027244192863975,-84.46516205645167,38820.0,golfer,4,#00b894,,,,,,,,
golfer_group_44,38.02695460921009,-84.46510662782572,38880.0,golfer,4,#00b894,,,,,,,,
golfer_group_44,38.02666502555619,-84.46505119919976,38940.0,golfer,4,#00b894,,,,,,,,
golfer_group_44,38.02637326063661,-84.4650346343973,39000.0,golfer,4,#00b894,,,,,,,,
golfer_group_44,38.02608041188864,-84.46503738027086,39060.0,golfer,4,#00b894,,,,,,,,
golfer_group_44,38.025787563140675,-84.46504012614442,39120.0,golfer,2,#00b894,,,,,,,,
golfer_group_44,38.025494714392714,-84.46504287201797,39180.0,golfer,4,#00b894,,,,,,,,
golfer_group_44,38.02556401049359,-84.4653626218534,39240.0,golfer,4,#00b894,,,,,,,,
golfer_group_44,38.025666096931715,-84.46571107475296,39300.0,golfer,4,#00b894,,,,,,,,
golfer_group_44,38.02576818336984,-84.46605952765252,39360.0,golfer,4,#00b894,,,,,,,,
golfer_group_44,38.02587026980797,-84.46640798055208,39420.0,golfer,4,#00b894,,,,,,,,
golfer_group_44,38.02597235624609,-84.46675643345164,39480.0,golfer,4,#00b894,,,,,,,,
golfer_group_44,38.02607444268422,-84.46710488635118,39540.0,golfer,4,#00b894,,,,,,,,
golfer_group_44,38.026176529122345,-84.46745333925074,39600.0,golfer,4,#00b894,,,,,,,,
golfer_group_44,38.02627861556047,-84.4678017921503,39660.0,golfer,4,#00b894,,,,,,,,
golfer_group_44,38.026391551516966,-84.46814347235242,39720.0,golfer,4,#00b894,,,,,,,,
golfer_group_44,38.0265466275618,-84.46845884704874,39780.0,golfer,4,#00b894,,,,,,,,
golfer_group_44,38.02670170360664,-84.46877422174504,39840.0,golfer,4,#00b894,,,,,,,,
golfer_group_44,38.02685677965148,-84.46908959644135,39900.0,golfer,4,#00b894,,,,,,,,
golfer_group_44,38.027011855696315,-84.46940497113766,39960.0,golfer,4,#00b894,,,,,,,,
golfer_group_44,38.027202562026105,-84.46967624119414,40020.0,golfer,4,#00b894,,,,,,,,
golfer_group_44,38.027447,-84.469881,40080.0,golfer,1,#00b894,,,,,,,,
golfer_group_45,38.027447,-84.469881,26280.0,golfer,1,#007cbf,,,,,,,,
golfer_group_45,38.02754627606764,-84.46962578282717,26340.0,golfer,1,#007cbf,,,,,,,,
golfer_group_45,38.02744283462056,-84.4692779685763,26400.0,golfer,1,#007cbf,,,,,,,,
golfer_group_45,38.02733939317348,-84.46893015432545,26460.0,golfer,1,#007cbf,,,,,,,,
golfer_group_45,38.0272359517264,-84.46858234007459,26520.0,golfer,1,#007cbf,,,,,,,,
golfer_group_45,38.027132510279316,-84.46823452582373,26580.0,golfer,1,#007cbf,,,,,,,,
golfer_group_45,38.027029068832235,-84.46788671157287,26640.0,golfer,1,#007cbf,,,,,,,,
golfer_group_45,38.026925627385154,-84.46753889732202,26700.0,golfer,1,#007cbf,,,,,,,,
golfer_group_45,38.02682218593807,-84.46719108307117,26760.0,golfer,1,#007cbf,,,,,,,,
golfer_group_45,38.026707885382585,-84.46684997010087,26820.0,golfer,1,#007cbf,,,,,,,,
golfer_group_45,38.0265563489919,-84.46653183579225,26880.0,golfer,1,#007cbf,,,,,,,,
golfer_group_45,38.02640481260122,-84.46621370148365,26940.0,golfer,1,#007cbf,,,,,,,,
golfer_group_45,38.02625327621054,-84.46589556717504,27000.0,golfer,1,#007cbf,,,,,,,,
golfer_group_45,38.026097865476636,-84.4655806681031,27060.0,golfer,1,#007cbf,,,,,,,,
golfer_group_45,38.02592778516153,-84.46527801873756,27120.0,golfer,4,#007cbf,,,,,,,,
golfer_group_45,38.02575770484643,-84.46497536937204,27180.0,golfer,2,#007cbf,,,,,,,,
golfer_group_45,38.02580429978306,-84.46478189846547,27240.0,golfer,2,#007cbf,,,,,,,,
golfer_group_45,38.02609158193444,-84.46470970518055,27300.0,golfer,2,#007cbf,,,,,,,,
golfer_group_45,38.02637886408582,-84.46463751189565,27360.0,golfer,2,#007cbf,,,,,,,,
golfer_group_45,38.0266661462372,-84.46456531861072,27420.0,golfer,2,#007cbf,,,,,,,,
golfer_group_45,38.02695342838857,-84.4644931253258,27480.0,golfer,2,#007cbf,,,,,,,,
golfer_group_45,38.02723262500985,-84.46440936561527,27540.0,golfer,2,#007cbf,,,,,,,,
golfer_group_45,38.02732323296244,-84.46405582806928,27600.0,golfer,2,#007cbf,,,,,,,,
golfer_group_45,38.027413840915024,-84.46370229052329,27660.0,golfer,3,#007cbf,,,,,,,,
golfer_group_45,38.02755613921936,-84.46339199540722,27720.0,golfer,3,#007cbf,,,,,,,,
golfer_group_45,38.02777631020529,-84.46314684598785,27780.0,golfer,3,#007cbf,,,,,,,,
golfer_group_45,38.027996481191224,-84.4629016965685,27840.0,golfer,3,#007cbf,,,,,,,,
golfer_group_45,38.028216652177164,-84.46265654714912,27900.0,golfer,3,#007cbf,,,,,,,,
golfer_group_45,38.0284368231631,-84.46241139772975,27960.0,golfer,3,#007cbf,,,,,,,,
golfer_group_45,38.02865699414903,-84.4621662483104,28020.0,golfer,3,#007cbf,,,,,,,,
golfer_group_45,38.02887716513497,-84.46192109889103,28080.0,golfer,3,#007cbf,,,,,,,,
golfer_group_45,38.029097336120905,-84.46167594947165,28140.0,golfer,3,#007cbf,,,,,,,,
golfer_group_45,38.02932048603734,-84.46143527844885,28200.0,golfer,3,#007cbf,,,,,,,,
golfer_group_45,38.02954781666501,-84.4612008925283,28260.0,golfer,3,#007cbf,,,,,,,,
golfer_group_45,38.029775147292675,-84.46096650660775,28320.0,golfer,3,#007cbf,,,,,,,,
golfer_group_45,38.03000247792034,-84.46073212068718,28380.0,golfer,3,#007cbf,,,,,,,,
golfer_group_45,38.03022980854801,-84.46049773476663,28440.0,golfer,3,#007cbf,,,,,,,,
golfer_group_45,38.03028198771919,-84.46029007968264,28500.0,golfer,3,#007cbf,,,,,,,,
golfer_group_45,38.030017377451664,-84.46013077159431,28560.0,golfer,4,#007cbf,,,,,,,,
golfer_group_45,38.02974997117584,-84.46003134117494,28620.0,golfer,4,#007cbf,,,,,,,,
golfer_group_45,38.029472388508275,-84.46014984237516,28680.0,golfer,4,#007cbf,,,,,,,,
golfer_group_45,38.02919480584071,-84.46026834357538,28740.0,golfer,4,#007cbf,,,,,,,,
golfer_group_45,38.02891722317315,-84.46038684477558,28800.0,golfer,4,#007cbf,,,,,,,,
golfer_group_45,38.02863964050559,-84.4605053459758,28860.0,golfer,4,#007cbf,,,,,,,,
golfer_group_45,38.02846819932939,-84.46074999771898,28920.0,golfer,4,#007cbf,,,,,,,,
golfer_group_45,38.028356651102726,-84.46108459413088,28980.0,golfer,4,#007cbf,,,,,,,,
golfer_group_45,38.028163251425084,-84.46136377382878,29040.0,golfer,4,#007cbf,,,,,,,,
golfer_group_45,38.02796985174745,-84.46164295352668,29100.0,golfer,4,#007cbf,,,,,,,,
golfer_group_45,38.02777645206981,-84.46192213322458,29160.0,golfer,4,#007cbf,,,,,,,,
golfer_group_45,38.027583052392174,-84.46220131292247,29220.0,golfer,4,#007cbf,,,,,,,,
golfer_group_45,38.02739313138997,-84.4624841808364,29280.0,golfer,4,#007cbf,,,,,,,,
golfer_group_45,38.02721114487077,-84.46277546117278,29340.0,golfer,4,#007cbf,,,,,,,,
golfer_group_45,38.02702915835156,-84.46306674150915,29400.0,golfer,4,#007cbf,,,,,,,,
golfer_group_45,38.02684717183235,-84.46335802184554,29460.0,golfer,4,#007cbf,,,,,,,,
golfer_group_45,38.027030664719845,-84.46345337202217,29520.0,golfer,4,#007cbf,,,,,,,,
golfer_group_45,38.02732202605173,-84.46349089491457,29580.0,golfer,3,#007cbf,,,,,,,,
golfer_group_45,38.02761338738361,-84.46352841780696,29640.0,golfer,3,#007cbf,,,,,,,,
golfer_group_45,38.02787761975422,-84.46365295047241,29700.0,golfer,4,#007cbf,,,,,,,,
golfer_group_45,38.02811027773896,-84.46387875056652,29760.0,golfer,4,#007cbf,,,,,,,,
golfer_group_45,38.02834293572369,-84.46410455066062,29820.0,golfer,4,#007cbf,,,,,,,,
golfer_group_45,38.028575593708425,-84.46433035075472,29880.0,golfer,4,#007cbf,,,,,,,,
golfer_group_45,38.028808251693164,-84.46455615084882,29940.0,golfer,4,#007cbf,,,,,,,,
golfer_group_45,38.029040909677896,-84.46478195094294,30000.0,golfer,4,#007cbf,,,,,,,,
golfer_group_45,38.02927356766263,-84.46500775103704,30060.0,golfer,4,#007cbf,,,,,,,,
golfer_group_45,38.02950622564737,-84.46523355113113,30120.0,golfer,4,#007cbf,,,,,,,,
golfer_group_45,38.02975350361947,-84.4654282954189,30180.0,golfer,4,#007cbf,,,,,,,,
golfer_group_45,38.030020352724144,-84.46558146666777,30240.0,golfer,4,#007cbf,,,,,,,,
golfer_group_45,38.03028720182882,-84.46573463791665,30300.0,golfer,4,#007cbf,,,,,,,,
golfer_group_45,38.030554050933496,-84.46588780916554,30360.0,golfer,4,#007cbf,,,,,,,,
golfer_group_45,38.0308144451061,-84.46601508231271,30420.0,golfer,4,#007cbf,,,,,,,,
golfer_group_45,38.03096331555731,-84.46569490649415,30480.0,golfer,4,#007cbf,,,,,,,,
golfer_group_45,38.03100160851583,-84.46532942233877,30540.0,golfer,4,#007cbf,,,,,,,,
golfer_group_45,38.03102825601745,-84.4649591665407,30600.0,golfer,4,#007cbf,,,,,,,,
golfer_group_45,38.03105490351906,-84.46458891074262,30660.0,golfer,4,#007cbf,,,,,,,,
golfer_group_45,38.031081551020684,-84.46421865494455,30720.0,golfer,4,#007cbf,,,,,,,,
golfer_group_45,38.031108198522304,-84.46384839914647,30780.0,golfer,4,#007cbf,,,,,,,,
golfer_group_45,38.03113484602392,-84.4634781433484,30840.0,golfer,4,#007cbf,,,,,,,,
golfer_group_45,38.03116149352554,-84.46310788755032,30900.0,golfer,4,#007cbf,,,,,,,,
golfer_group_45,38.031127268705696,-84.46274982308951,30960.0,golfer,4,#007cbf,,,,,,,,
golfer_group_45,38.031012137391194,-84.4624079623538,31020.0,golfer,4,#007cbf,,,,,,,,
golfer_group_45,38.03089700607669,-84.46206610161808,31080.0,golfer,4,#007cbf,,,,,,,,
golfer_group_45,38.0307818747622,-84.46172424088235,31140.0,golfer,4,#007cbf,,,,,,,,
golfer_group_45,38.030666743447696,-84.46138238014663,31200.0,golfer,4,#007cbf,,,,,,,,
golfer_group_45,38.030551612133195,-84.46104051941091,31260.0,golfer,4,#007cbf,,,,,,,,
golfer_group_45,38.03081531898336,-84.46091137688049,31320.0,golfer,4,#007cbf,,,,,,,,
golfer_group_45,38.0310279411826,-84.46098091912485,31380.0,golfer,4,#007cbf,,,,,,,,
golfer_group_45,38.03115090321037,-84.46131835889211,31440.0,golfer,4,#007cbf,,,,,,,,
golfer_group_45,38.031273865238134,-84.46165579865938,31500.0,golfer,4,#007cbf,,,,,,,,
golfer_group_45,38.03139682726591,-84.46199323842663,31560.0,golfer,4,#007cbf,,,,,,,,
golfer_group_45,38.031519789293675,-84.4623306781939,31620.0,golfer,4,#007cbf,,,,,,,,
golfer_group_45,38.03164275132144,-84.46266811796116,31680.0,golfer,4,#007cbf,,,,,,,,
golfer_group_45,38.03176571334921,-84.46300555772842,31740.0,golfer,4,#007cbf,,,,,,,,
golfer_group_45,38.031888675376976,-84.46334299749569,31800.0,golfer,4,#007cbf,,,,,,,,
golfer_group_45,38.031909837946635,-84.46368872876327,31860.0,golfer,4,#007cbf,,,,,,,,
golfer_group_45,38.03182184589159,-84.46404335060477,31920.0,golfer,4,#007cbf,,,,,,,,
golfer_group_45,38.03173385383655,-84.46439797244628,31980.0,golfer,4,#007cbf,,,,,,,,
golfer_group_45,38.031645861781506,-84.46475259428779,32040.0,golfer,4,#007cbf,,,,,,,,
golfer_group_45,38.03155786972646,-84.46510721612928,32100.0,golfer,4,#007cbf,,,,,,,,
golfer_group_45,38.03146987767142,-84.46546183797079,32160.0,golfer,4,#007cbf,,,,,,,,
golfer_group_45,38.03131864912918,-84.46576966145622,32220.0,golfer,4,#007cbf,,,,,,,,
golfer_group_45,38.0311189562348,-84.46604161874937,32280.0,golfer,4,#007cbf,,,,,,,,
golfer_group_45,38.030919263340415,-84.46631357604252,32340.0,golfer,4,#007cbf,,,,,,,,
golfer_group_45,38.030718115722834,-84.46658350967269,32400.0,golfer,4,#007cbf,,,,,,,,
golfer_group_45,38.0304866033238,-84.46681120290668,32460.0,golfer,4,#007cbf,,,,,,,,
golfer_group_45,38.030255090924776,-84.46703889614066,32520.0,golfer,4,#007cbf,,,,,,,,
golfer_group_45,38.03002357852575,-84.46726658937465,32580.0,golfer,4,#007cbf,,,,,,,,
golfer_group_45,38.02979206612672,-84.46749428260863,32640.0,golfer,4,#007cbf,,,,,,,,
golfer_group_45,38.02956055372769,-84.46772197584261,32700.0,golfer,4,#007cbf,,,,,,,,
golfer_group_45,38.02932904132866,-84.4679496690766,32760.0,golfer,4,#007cbf,,,,,,,,
golfer_group_45,38.02909752892963,-84.46817736231058,32820.0,golfer,4,#007cbf,,,,,,,,
golfer_group_45,38.0288660165306,-84.46840505554457,32880.0,golfer,4,#007cbf,,,,,,,,
golfer_group_45,38.02869804015225,-84.46870681462924,32940.0,golfer,4,#007cbf,,,,,,,,
golfer_group_45,38.028539024924726,-84.46901901999702,33000.0,golfer,4,#007cbf,,,,,,,,
golfer_group_45,38.0283800096972,-84.46933122536481,33060.0,golfer,4,#ffe6cc,,,,,,,,
golfer_group_45,38.028129065075696,-84.46949162304078,33120.0,golfer,4,#ffe6cc,,,,,,,,
golfer_group_45,38.02785052807789,-84.46960645602002,33180.0,golfer,1,#ffe6cc,,,,,,,,
golfer_group_45,38.027571991080094,-84.46972128899925,33240.0,golfer,1,#ffe6cc,,,,,,,,
golfer_group_45,38.02729345408229,-84.4698361219785,33300.0,golfer,4,#ffe6cc,,,,,,,,
golfer_group_45,38.027014917084486,-84.46995095495774,33360.0,golfer,4,#ffe6cc,,,,,,,,
golfer_group_45,38.02677219339408,-84.46990690842384,33420.0,golfer,4,#ffe6cc,,,,,,,,
golfer_group_45,38.026583670283,-84.46962241044099,33480.0,golfer,4,#ffe6cc,,,,,,,,
golfer_group_45,38.02639514717193,-84.46933791245814,33540.0,golfer,4,#ffe6cc,,,,,,,,
golfer_group_45,38.026206624060855,-84.4690534144753,33600.0,golfer,4,#ffe6cc,,,,,,,,
golfer_group_45,38.02601810094978,-84.46876891649245,33660.0,golfer,4,#ffcc99,,,,,,,,
golfer_group_45,38.0258295778387,-84.4684844185096,33720.0,golfer,4,#ffcc99,,,,,,,,
golfer_group_45,38.02564105472762,-84.46819992052676,33780.0,golfer,4,#ffcc99,,,,,,,,
golfer_group_45,38.02539873776804,-84.4680332578427,33840.0,golfer,4,#ffcc99,,,,,,,,
golfer_group_45,38.02511056304286,-84.46796704648648,33900.0,golfer,4,#ffcc99,,,,,,,,
golfer_group_45,38.02482238831767,-84.46790083513027,33960.0,golfer,4,#ffcc99,,,,,,,,
golfer_group_45,38.02466098715723,-84.46791926274804,34020.0,golfer,4,#ffcc99,,,,,,,,
golfer_group_45,38.0248672597656,-84.46818316370741,34080.0,golfer,4,#00b894,,,,,,,,
golfer_group_45,38.025073532373966,-84.46844706466678,34140.0,golfer,4,#00b894,,,,,,,,
golfer_group_45,38.02498232223591,-84.46858500193528,34200.0,golfer,4,#00b894,,,,,,,,
golfer_group_45,38.024692555469876,-84.46863886398934,34260.0,golfer,4,#00b894,,,,,,,,
golfer_group_45,38.02440278870384,-84.4686927260434,34320.0,golfer,4,#00b894,,,,,,,,
golfer_group_45,38.0241130219378,-84.46874658809746,34380.0,golfer,4,#00b894,,,,,,,,
golfer_group_45,38.02382325517176,-84.46880045015152,34440.0,golfer,4,#00b894,,,,,,,,
golfer_group_45,38.023533488405725,-84.46885431220558,34500.0,golfer,4,#00b894,,,,,,,,
golfer_group_45,38.02325287292604,-84.46895459002404,34560.0,golfer,4,#00b894,,,,,,,,
golfer_group_45,38.023120094224296,-84.46908677293466,34620.0,golfer,4,#00b894,,,,,,,,
golfer_group_45,38.02338797984743,-84.46923698741324,34680.0,golfer,4,#00b894,,,,,,,,
golfer_group_45,38.02365586547056,-84.46938720189182,34740.0,golfer,4,#00b894,,,,,,,,
golfer_group_45,38.02392375109368,-84.4695374163704,34800.0,golfer,4,#00b894,,,,,,,,
golfer_group_45,38.024191636716814,-84.46968763084898,34860.0,golfer,4,#00b894,,,,,,,,
golfer_group_45,38.024459522339946,-84.46983784532756,34920.0,golfer,4,#00b894,,,,,,,,
golfer_group_45,38.02472740796308,-84.46998805980614,34980.0,golfer,4,#00b894,,,,,,,,
golfer_group_45,38.0249952935862,-84.47013827428472,35040.0,golfer,4,#00b894,,,,,,,,
golfer_group_45,38.02526317920933,-84.4702884887633,35100.0,golfer,4,#00b894,,,,,,,,
golfer_group_45,38.02549053793203,-84.47051685206469,35160.0,golfer,4,#00b894,,,,,,,,
golfer_group_45,38.02570511747455,-84.47076985771169,35220.0,golfer,4,#00b894,,,,,,,,
golfer_group_45,38.025919697017066,-84.4710228633587,35280.0,golfer,4,#00b894,,,,,,,,
golfer_group_45,38.02613427655959,-84.4712758690057,35340.0,golfer,4,#00b894,,,,,,,,
golfer_group_45,38.02634885610211,-84.4715288746527,35400.0,golfer,4,#00b894,,,,,,,,
golfer_group_45,38.026563435644626,-84.4717818802997,35460.0,golfer,4,#00b894,,,,,,,,
golfer_group_45,38.02678243981026,-84.47202860408251,35520.0,golfer,4,#00b894,,,,,,,,
golfer_group_45,38.02668611647238,-84.47218057293104,35580.0,golfer,4,#00b894,,,,,,,,
golfer_group_45,38.02640386024167,-84.4722796932027,35640.0,golfer,4,#00b894,,,,,,,,
golfer_group_45,38.02612160401096,-84.47237881347434,35700.0,golfer,4,#00b894,,,,,,,,
golfer_group_45,38.02583934778024,-84.47247793374599,35760.0,golfer,4,#00b894,,,,,,,,
golfer_group_45,38.02555709154953,-84.47257705401765,35820.0,golfer,4,#00b894,,,,,,,,
golfer_group_45,38.025278899056985,-84.47258808504574,35880.0,golfer,4,#00b894,,,,,,,,
golfer_group_45,38.02505413568005,-84.47238241246707,35940.0,golfer,4,#00b894,,,,,,,,
golfer_group_45,38.02491621232278,-84.47205445775451,36000.0,golfer,4,#00b894,,,,,,,,
golfer_group_45,38.02477828896551,-84.47172650304194,36060.0,golfer,4,#00b894,,,,,,,,
golfer_group_45,38.024640365608235,-84.47139854832938,36120.0,golfer,4,#00b894,,,,,,,,
golfer_group_45,38.02450244225096,-84.4710705936168,36180.0,golfer,4,#00b894,,,,,,,,
golfer_group_45,38.02436451889369,-84.47074263890424,36240.0,golfer,4,#00b894,,,,,,,,
golfer_group_45,38.02422659553642,-84.47041468419167,36300.0,golfer,4,#00b894,,,,,,,,
golfer_group_45,38.02408867217915,-84.4700867294791,36360.0,golfer,4,#00b894,,,,,,,,
golfer_group_45,38.023830177494666,-84.46991493651929,36420.0,golfer,4,#00b894,,,,,,,,
golfer_group_45,38.02356911857893,-84.46974646470437,36480.0,golfer,4,#00b894,,,,,,,,
golfer_group_45,38.0233080596632,-84.46957799288944,36540.0,golfer,4,#00b894,,,,,,,,
golfer_group_45,38.02304700074746,-84.46940952107451,36600.0,golfer,4,#00b894,,,,,,,,
golfer_group_45,38.0227847606833,-84.46924457405959,36660.0,golfer,4,#ffe6cc,,,,,,,,
golfer_group_45,38.02250809559787,-84.46912267439926,36720.0,golfer,4,#ffe6cc,,,,,,,,
golfer_group_45,38.022527943550884,-84.46893235209967,36780.0,golfer,4,#ffe6cc,,,,,,,,
golfer_group_45,38.02275311404551,-84.46869465006165,36840.0,golfer,4,#ffe6cc,,,,,,,,
golfer_group_45,38.02297828454014,-84.46845694802364,36900.0,golfer,4,#ffe6cc,,,,,,,,
golfer_group_45,38.02320345503476,-84.46821924598564,36960.0,golfer,4,#ffe6cc,,,,,,,,
golfer_group_45,38.023428625529384,-84.46798154394763,37020.0,golfer,4,#ffe6cc,,,,,,,,
golfer_group_45,38.02365379602401,-84.46774384190961,37080.0,golfer,4,#ffe6cc,,,,,,,,
golfer_group_45,38.02387896651864,-84.4675061398716,37140.0,golfer,4,#ffe6cc,,,,,,,,
golfer_group_45,38.02410413701326,-84.4672684378336,37200.0,golfer,4,#ffe6cc,,,,,,,,
golfer_group_45,38.024329307507884,-84.46703073579559,37260.0,golfer,4,#ffcc99,,,,,,,,
golfer_group_45,38.024516630016976,-84.46674714202182,37320.0,golfer,4,#ffcc99,,,,,,,,
golfer_group_45,38.02469334505099,-84.4664506863893,37380.0,golfer,4,#ffcc99,,,,,,,,
golfer_group_45,38.02487006008501,-84.46615423075679,37440.0,golfer,4,#00b894,,,,,,,,
golfer_group_45,38.02504677511902,-84.46585777512426,37500.0,golfer,4,#00b894,,,,,,,,
golfer_group_45,38.02525798622544,-84.46562593134438,37560.0,golfer,4,#00b894,,,,,,,,
golfer_group_45,38.025540368765746,-84.46552739312297,37620.0,golfer,4,#00b894,,,,,,,,
golfer_group_45,38.02582275130605,-84.46542885490156,37680.0,golfer,4,#00b894,,,,,,,,
golfer_group_45,38.02610513384636,-84.46533031668015,37740.0,golfer,4,#00b894,,,,,,,,
golfer_group_45,38.02637936666449,-84.46537020680762,37800.0,golfer,4,#00b894,,,,,,,,
golfer_group_45,38.02664707383,-84.4655209394031,37860.0,golfer,4,#00b894,,,,,,,,
golfer_group_45,38.026914780995504,-84.46567167199859,37920.0,golfer,4,#00b894,,,,,,,,
golfer_group_45,38.02718248816101,-84.46582240459409,37980.0,golfer,4,#00b894,,,,,,,,
golfer_group_45,38.027450195326516,-84.46597313718958,38040.0,golfer,4,#00b894,,,,,,,,
golfer_group_45,38.02771790249202,-84.46612386978506,38100.0,golfer,4,#00b894,,,,,,,,
golfer_group_45,38.027985609657534,-84.46627460238055,38160.0,golfer,4,#00b894,,,,,,,,
golfer_group_45,38.02825331682304,-84.46642533497604,38220.0,golfer,4,#00b894,,,,,,,,
golfer_group_45,38.02854411583699,-84.46643446747252,38280.0,golfer,4,#00b894,,,,,,,,
golfer_group_45,38.02883696025459,-84.46643105747557,38340.0,golfer,4,#00b894,,,,,,,,
golfer_group_45,38.02912980467218,-84.46642764747862,38400.0,golfer,4,#00b894,,,,,,,,
golfer_group_45,38.029422649089774,-84.46642423748168,38460.0,golfer,4,#00b894,,,,,,,,
golfer_group_45,38.029714660100595,-84.46640554510962,38520.0,golfer,4,#00b894,,,,,,,,
golfer_group_45,38.03000508074206,-84.46635768976212,38580.0,golfer,4,#00b894,,,,,,,,
golfer_group_45,38.03029550138352,-84.46630983441462,38640.0,golfer,4,#00b894,,,,,,,,
golfer_group_45,38.03034421537664,-84.46623396436489,38700.0,golfer,4,#00b894,,,,,,,,
golfer_group_45,38.0300654222068,-84.4661201350132,38760.0,golfer,4,#00b894,,,,,,,,
golfer_group_45,38.02978662903697,-84.46600630566151,38820.0,golfer,4,#00b894,,,,,,,,
golfer_group_45,38.02950783586713,-84.46589247630982,38880.0,golfer,4,#00b894,,,,,,,,
golfer_group_45,38.029229042697295,-84.46577864695813,38940.0,golfer,4,#00b894,,,,,,,,
golfer_group_45,38.02895024952746,-84.46566481760644,39000.0,golfer,4,#00b894,,,,,,,,
golfer_group_45,38.02867145635763,-84.46555098825475,39060.0,golfer,4,#00b894,,,,,,,,
golfer_group_45,38.02839266318779,-84.46543715890306,39120.0,golfer,4,#00b894,,,,,,,,
golfer_group_45,38.02811294382565,-84.46532834232956,39180.0,golfer,4,#00b894,,,,,,,,
golfer_group_45,38.02782336017175,-84.46527291370359,39240.0,golfer,4,#00b894,,,,,,,,
golfer_group_45,38.02753377651786,-84.46521748507763,39300.0,golfer,4,#00b894,,,,,,,,
golfer_group_45,38.027244192863975,-84.46516205645167,39360.0,golfer,4,#00b894,,,,,,,,
golfer_group_45,38.02695460921009,-84.46510662782572,39420.0,golfer,4,#00b894,,,,,,,,
golfer_group_45,38.02666502555619,-84.46505119919976,39480.0,golfer,4,#00b894,,,,,,,,
golfer_group_45,38.02637326063661,-84.4650346343973,39540.0,golfer,4,#00b894,,,,,,,,
golfer_group_45,38.02608041188864,-84.46503738027086,39600.0,golfer,4,#00b894,,,,,,,,
golfer_group_45,38.025787563140675,-84.46504012614442,39660.0,golfer,2,#00b894,,,,,,,,
golfer_group_45,38.025494714392714,-84.46504287201797,39720.0,golfer,4,#00b894,,,,,,,,
golfer_group_45,38.02556401049359,-84.4653626218534,39780.0,golfer,4,#00b894,,,,,,,,
golfer_group_45,38.025666096931715,-84.46571107475296,39840.0,golfer,4,#00b894,,,,,,,,
golfer_group_45,38.02576818336984,-84.46605952765252,39900.0,golfer,4,#00b894,,,,,,,,
golfer_group_45,38.02587026980797,-84.46640798055208,39960.0,golfer,4,#00b894,,,,,,,,
golfer_group_45,38.02597235624609,-84.46675643345164,40020.0,golfer,4,#00b894,,,,,,,,
golfer_group_45,38.02607444268422,-84.46710488635118,40080.0,golfer,4,#00b894,,,,,,,,
golfer_group_45,38.026176529122345,-84.46745333925074,40140.0,golfer,4,#00b894,,,,,,,,
golfer_group_45,38.02627861556047,-84.4678017921503,40200.0,golfer,4,#00b894,,,,,,,,
golfer_group_45,38.026391551516966,-84.46814347235242,40260.0,golfer,4,#00b894,,,,,,,,
golfer_group_45,38.0265466275618,-84.46845884704874,40320.0,golfer,4,#00b894,,,,,,,,
golfer_group_45,38.02670170360664,-84.46877422174504,40380.0,golfer,4,#00b894,,,,,,,,
golfer_group_45,38.02685677965148,-84.46908959644135,40440.0,golfer,4,#00b894,,,,,,,,
golfer_group_45,38.027011855696315,-84.46940497113766,40500.0,golfer,4,#00b894,,,,,,,,
golfer_group_45,38.027202562026105,-84.46967624119414,40560.0,golfer,4,#00b894,,,,,,,,
golfer_group_45,38.027447,-84.469881,40620.0,golfer,1,#00b894,,,,,,,,
golfer_group_46,38.027447,-84.469881,26820.0,golfer,1,#007cbf,,,,,,,,
golfer_group_46,38.02754627606764,-84.46962578282717,26880.0,golfer,1,#007cbf,,,,,,,,
golfer_group_46,38.02744283462056,-84.4692779685763,26940.0,golfer,1,#007cbf,,,,,,,,
golfer_group_46,38.02733939317348,-84.46893015432545,27000.0,golfer,1,#007cbf,,,,,,,,
golfer_group_46,38.0272359517264,-84.46858234007459,27060.0,golfer,1,#007cbf,,,,,,,,
golfer_group_46,38.027132510279316,-84.46823452582373,27120.0,golfer,1,#007cbf,,,,,,,,
golfer_group_46,38.027029068832235,-84.46788671157287,27180.0,golfer,1,#007cbf,,,,,,,,
golfer_group_46,38.026925627385154,-84.46753889732202,27240.0,golfer,1,#007cbf,,,,,,,,
golfer_group_46,38.02682218593807,-84.46719108307117,27300.0,golfer,1,#007cbf,,,,,,,,
golfer_group_46,38.026707885382585,-84.46684997010087,27360.0,golfer,1,#007cbf,,,,,,,,
golfer_group_46,38.0265563489919,-84.46653183579225,27420.0,golfer,1,#007cbf,,,,,,,,
golfer_group_46,38.02640481260122,-84.46621370148365,27480.0,golfer,1,#007cbf,,,,,,,,
golfer_group_46,38.02625327621054,-84.46589556717504,27540.0,golfer,1,#007cbf,,,,,,,,
golfer_group_46,38.026097865476636,-84.4655806681031,27600.0,golfer,1,#007cbf,,,,,,,,
golfer_group_46,38.02592778516153,-84.46527801873756,27660.0,golfer,4,#007cbf,,,,,,,,
golfer_group_46,38.02575770484643,-84.46497536937204,27720.0,golfer,2,#007cbf,,,,,,,,
golfer_group_46,38.02580429978306,-84.46478189846547,27780.0,golfer,2,#007cbf,,,,,,,,
golfer_group_46,38.02609158193444,-84.46470970518055,27840.0,golfer,2,#007cbf,,,,,,,,
golfer_group_46,38.02637886408582,-84.46463751189565,27900.0,golfer,2,#007cbf,,,,,,,,
golfer_group_46,38.0266661462372,-84.46456531861072,27960.0,golfer,2,#007cbf,,,,,,,,
golfer_group_46,38.02695342838857,-84.4644931253258,28020.0,golfer,2,#007cbf,,,,,,,,
golfer_group_46,38.02723262500985,-84.46440936561527,28080.0,golfer,2,#007cbf,,,,,,,,
golfer_group_46,38.02732323296244,-84.46405582806928,28140.0,golfer,2,#007cbf,,,,,,,,
golfer_group_46,38.027413840915024,-84.46370229052329,28200.0,golfer,3,#007cbf,,,,,,,,
golfer_group_46,38.02755613921936,-84.46339199540722,28260.0,golfer,3,#007cbf,,,,,,,,
golfer_group_46,38.02777631020529,-84.46314684598785,28320.0,golfer,3,#007cbf,,,,,,,,
golfer_group_46,38.027996481191224,-84.4629016965685,28380.0,golfer,3,#007cbf,,,,,,,,
golfer_group_46,38.028216652177164,-84.46265654714912,28440.0,golfer,3,#007cbf,,,,,,,,
golfer_group_46,38.0284368231631,-84.46241139772975,28500.0,golfer,3,#007cbf,,,,,,,,
golfer_group_46,38.02865699414903,-84.4621662483104,28560.0,golfer,3,#007cbf,,,,,,,,
golfer_group_46,38.02887716513497,-84.46192109889103,28620.0,golfer,3,#007cbf,,,,,,,,
golfer_group_46,38.029097336120905,-84.46167594947165,28680.0,golfer,3,#007cbf,,,,,,,,
golfer_group_46,38.02932048603734,-84.46143527844885,28740.0,golfer,3,#007cbf,,,,,,,,
golfer_group_46,38.02954781666501,-84.4612008925283,28800.0,golfer,3,#007cbf,,,,,,,,
golfer_group_46,38.029775147292675,-84.46096650660775,28860.0,golfer,3,#007cbf,,,,,,,,
golfer_group_46,38.03000247792034,-84.46073212068718,28920.0,golfer,3,#007cbf,,,,,,,,
golfer_group_46,38.03022980854801,-84.46049773476663,28980.0,golfer,3,#007cbf,,,,,,,,
golfer_group_46,38.03028198771919,-84.46029007968264,29040.0,golfer,3,#007cbf,,,,,,,,
golfer_group_46,38.030017377451664,-84.46013077159431,29100.0,golfer,4,#007cbf,,,,,,,,
golfer_group_46,38.02974997117584,-84.46003134117494,29160.0,golfer,4,#007cbf,,,,,,,,
golfer_group_46,38.029472388508275,-84.46014984237516,29220.0,golfer,4,#007cbf,,,,,,,,
golfer_group_46,38.02919480584071,-84.46026834357538,29280.0,golfer,4,#007cbf,,,,,,,,
golfer_group_46,38.02891722317315,-84.46038684477558,29340.0,golfer,4,#007cbf,,,,,,,,
golfer_group_46,38.02863964050559,-84.4605053459758,29400.0,golfer,4,#007cbf,,,,,,,,
golfer_group_46,38.02846819932939,-84.46074999771898,29460.0,golfer,4,#007cbf,,,,,,,,
golfer_group_46,38.028356651102726,-84.46108459413088,29520.0,golfer,4,#007cbf,,,,,,,,
golfer_group_46,38.028163251425084,-84.46136377382878,29580.0,golfer,4,#007cbf,,,,,,,,
golfer_group_46,38.02796985174745,-84.46164295352668,29640.0,golfer,4,#007cbf,,,,,,,,
golfer_group_46,38.02777645206981,-84.46192213322458,29700.0,golfer,4,#007cbf,,,,,,,,
golfer_group_46,38.027583052392174,-84.46220131292247,29760.0,golfer,4,#007cbf,,,,,,,,
golfer_group_46,38.02739313138997,-84.4624841808364,29820.0,golfer,4,#007cbf,,,,,,,,
golfer_group_46,38.02721114487077,-84.46277546117278,29880.0,golfer,4,#007cbf,,,,,,,,
golfer_group_46,38.02702915835156,-84.46306674150915,29940.0,golfer,4,#007cbf,,,,,,,,
golfer_group_46,38.02684717183235,-84.46335802184554,30000.0,golfer,4,#007cbf,,,,,,,,
golfer_group_46,38.027030664719845,-84.46345337202217,30060.0,golfer,4,#007cbf,,,,,,,,
golfer_group_46,38.02732202605173,-84.46349089491457,30120.0,golfer,3,#007cbf,,,,,,,,
golfer_group_46,38.02761338738361,-84.46352841780696,30180.0,golfer,3,#007cbf,,,,,,,,
golfer_group_46,38.02787761975422,-84.46365295047241,30240.0,golfer,4,#007cbf,,,,,,,,
golfer_group_46,38.02811027773896,-84.46387875056652,30300.0,golfer,4,#007cbf,,,,,,,,
golfer_group_46,38.02834293572369,-84.46410455066062,30360.0,golfer,4,#007cbf,,,,,,,,
golfer_group_46,38.028575593708425,-84.46433035075472,30420.0,golfer,4,#007cbf,,,,,,,,
golfer_group_46,38.028808251693164,-84.46455615084882,30480.0,golfer,4,#007cbf,,,,,,,,
golfer_group_46,38.029040909677896,-84.46478195094294,30540.0,golfer,4,#007cbf,,,,,,,,
golfer_group_46,38.02927356766263,-84.46500775103704,30600.0,golfer,4,#007cbf,,,,,,,,
golfer_group_46,38.02950622564737,-84.46523355113113,30660.0,golfer,4,#007cbf,,,,,,,,
golfer_group_46,38.02975350361947,-84.4654282954189,30720.0,golfer,4,#007cbf,,,,,,,,
golfer_group_46,38.030020352724144,-84.46558146666777,30780.0,golfer,4,#007cbf,,,,,,,,
golfer_group_46,38.03028720182882,-84.46573463791665,30840.0,golfer,4,#007cbf,,,,,,,,
golfer_group_46,38.030554050933496,-84.46588780916554,30900.0,golfer,4,#007cbf,,,,,,,,
golfer_group_46,38.0308144451061,-84.46601508231271,30960.0,golfer,4,#007cbf,,,,,,,,
golfer_group_46,38.03096331555731,-84.46569490649415,31020.0,golfer,4,#007cbf,,,,,,,,
golfer_group_46,38.03100160851583,-84.46532942233877,31080.0,golfer,4,#007cbf,,,,,,,,
golfer_group_46,38.03102825601745,-84.4649591665407,31140.0,golfer,4,#007cbf,,,,,,,,
golfer_group_46,38.03105490351906,-84.46458891074262,31200.0,golfer,4,#007cbf,,,,,,,,
golfer_group_46,38.031081551020684,-84.46421865494455,31260.0,golfer,4,#007cbf,,,,,,,,
golfer_group_46,38.031108198522304,-84.46384839914647,31320.0,golfer,4,#007cbf,,,,,,,,
golfer_group_46,38.03113484602392,-84.4634781433484,31380.0,golfer,4,#007cbf,,,,,,,,
golfer_group_46,38.03116149352554,-84.46310788755032,31440.0,golfer,4,#007cbf,,,,,,,,
golfer_group_46,38.031127268705696,-84.46274982308951,31500.0,golfer,4,#007cbf,,,,,,,,
golfer_group_46,38.031012137391194,-84.4624079623538,31560.0,golfer,4,#007cbf,,,,,,,,
golfer_group_46,38.03089700607669,-84.46206610161808,31620.0,golfer,4,#007cbf,,,,,,,,
golfer_group_46,38.0307818747622,-84.46172424088235,31680.0,golfer,4,#007cbf,,,,,,,,
golfer_group_46,38.030666743447696,-84.46138238014663,31740.0,golfer,4,#007cbf,,,,,,,,
golfer_group_46,38.030551612133195,-84.46104051941091,31800.0,golfer,4,#007cbf,,,,,,,,
golfer_group_46,38.03081531898336,-84.46091137688049,31860.0,golfer,4,#007cbf,,,,,,,,
golfer_group_46,38.0310279411826,-84.46098091912485,31920.0,golfer,4,#007cbf,,,,,,,,
golfer_group_46,38.03115090321037,-84.46131835889211,31980.0,golfer,4,#007cbf,,,,,,,,
golfer_group_46,38.031273865238134,-84.46165579865938,32040.0,golfer,4,#007cbf,,,,,,,,
golfer_group_46,38.03139682726591,-84.46199323842663,32100.0,golfer,4,#007cbf,,,,,,,,
golfer_group_46,38.031519789293675,-84.4623306781939,32160.0,golfer,4,#007cbf,,,,,,,,
golfer_group_46,38.03164275132144,-84.46266811796116,32220.0,golfer,4,#007cbf,,,,,,,,
golfer_group_46,38.03176571334921,-84.46300555772842,32280.0,golfer,4,#007cbf,,,,,,,,
golfer_group_46,38.031888675376976,-84.46334299749569,32340.0,golfer,4,#007cbf,,,,,,,,
golfer_group_46,38.031909837946635,-84.46368872876327,32400.0,golfer,4,#007cbf,,,,,,,,
golfer_group_46,38.03182184589159,-84.46404335060477,32460.0,golfer,4,#007cbf,,,,,,,,
golfer_group_46,38.03173385383655,-84.46439797244628,32520.0,golfer,4,#007cbf,,,,,,,,
golfer_group_46,38.031645861781506,-84.46475259428779,32580.0,golfer,4,#007cbf,,,,,,,,
golfer_group_46,38.03155786972646,-84.46510721612928,32640.0,golfer,4,#007cbf,,,,,,,,
golfer_group_46,38.03146987767142,-84.46546183797079,32700.0,golfer,4,#007cbf,,,,,,,,
golfer_group_46,38.03131864912918,-84.46576966145622,32760.0,golfer,4,#007cbf,,,,,,,,
golfer_group_46,38.0311189562348,-84.46604161874937,32820.0,golfer,4,#007cbf,,,,,,,,
golfer_group_46,38.030919263340415,-84.46631357604252,32880.0,golfer,4,#007cbf,,,,,,,,
golfer_group_46,38.030718115722834,-84.46658350967269,32940.0,golfer,4,#007cbf,,,,,,,,
golfer_group_46,38.0304866033238,-84.46681120290668,33000.0,golfer,4,#007cbf,,,,,,,,
golfer_group_46,38.030255090924776,-84.46703889614066,33060.0,golfer,4,#007cbf,,,,,,,,
golfer_group_46,38.03002357852575,-84.46726658937465,33120.0,golfer,4,#007cbf,,,,,,,,
golfer_group_46,38.02979206612672,-84.46749428260863,33180.0,golfer,4,#007cbf,,,,,,,,
golfer_group_46,38.02956055372769,-84.46772197584261,33240.0,golfer,4,#007cbf,,,,,,,,
golfer_group_46,38.02932904132866,-84.4679496690766,33300.0,golfer,4,#007cbf,,,,,,,,
golfer_group_46,38.02909752892963,-84.46817736231058,33360.0,golfer,4,#007cbf,,,,,,,,
golfer_group_46,38.0288660165306,-84.46840505554457,33420.0,golfer,4,#007cbf,,,,,,,,
golfer_group_46,38.02869804015225,-84.46870681462924,33480.0,golfer,4,#007cbf,,,,,,,,
golfer_group_46,38.028539024924726,-84.46901901999702,33540.0,golfer,4,#007cbf,,,,,,,,
golfer_group_46,38.0283800096972,-84.46933122536481,33600.0,golfer,4,#007cbf,,,,,,,,
golfer_group_46,38.028129065075696,-84.46949162304078,33660.0,golfer,4,#007cbf,,,,,,,,
golfer_group_46,38.02785052807789,-84.46960645602002,33720.0,golfer,1,#007cbf,,,,,,,,
golfer_group_46,38.027571991080094,-84.46972128899925,33780.0,golfer,1,#007cbf,,,,,,,,
golfer_group_46,38.02729345408229,-84.4698361219785,33840.0,golfer,4,#007cbf,,,,,,,,
golfer_group_46,38.027014917084486,-84.46995095495774,33900.0,golfer,4,#007cbf,,,,,,,,
golfer_group_46,38.02677219339408,-84.46990690842384,33960.0,golfer,4,#007cbf,,,,,,,,
golfer_group_46,38.026583670283,-84.46962241044099,34020.0,golfer,4,#007cbf,,,,,,,,
golfer_group_46,38.02639514717193,-84.46933791245814,34080.0,golfer,4,#007cbf,,,,,,,,
golfer_group_46,38.026206624060855,-84.4690534144753,34140.0,golfer,4,#007cbf,,,,,,,,
golfer_group_46,38.02601810094978,-84.46876891649245,34200.0,golfer,4,#007cbf,,,,,,,,
golfer_group_46,38.0258295778387,-84.4684844185096,34260.0,golfer,4,#007cbf,,,,,,,,
golfer_group_46,38.02564105472762,-84.46819992052676,34320.0,golfer,4,#007cbf,,,,,,,,
golfer_group_46,38.02539873776804,-84.4680332578427,34380.0,golfer,4,#007cbf,,,,,,,,
golfer_group_46,38.02511056304286,-84.46796704648648,34440.0,golfer,4,#007cbf,,,,,,,,
golfer_group_46,38.02482238831767,-84.46790083513027,34500.0,golfer,4,#007cbf,,,,,,,,
golfer_group_46,38.02466098715723,-84.46791926274804,34560.0,golfer,4,#007cbf,,,,,,,,
golfer_group_46,38.0248672597656,-84.46818316370741,34620.0,golfer,4,#007cbf,,,,,,,,
golfer_group_46,38.025073532373966,-84.46844706466678,34680.0,golfer,4,#007cbf,,,,,,,,
golfer_group_46,38.02498232223591,-84.46858500193528,34740.0,golfer,4,#007cbf,,,,,,,,
golfer_group_46,38.024692555469876,-84.46863886398934,34800.0,golfer,4,#007cbf,,,,,,,,
golfer_group_46,38.02440278870384,-84.4686927260434,34860.0,golfer,4,#007cbf,,,,,,,,
golfer_group_46,38.0241130219378,-84.46874658809746,34920.0,golfer,4,#007cbf,,,,,,,,
golfer_group_46,38.02382325517176,-84.46880045015152,34980.0,golfer,4,#007cbf,,,,,,,,
golfer_group_46,38.023533488405725,-84.46885431220558,35040.0,golfer,4,#007cbf,,,,,,,,
golfer_group_46,38.02325287292604,-84.46895459002404,35100.0,golfer,4,#007cbf,,,,,,,,
golfer_group_46,38.023120094224296,-84.46908677293466,35160.0,golfer,4,#007cbf,,,,,,,,
golfer_group_46,38.02338797984743,-84.46923698741324,35220.0,golfer,4,#007cbf,,,,,,,,
golfer_group_46,38.02365586547056,-84.46938720189182,35280.0,golfer,4,#007cbf,,,,,,,,
golfer_group_46,38.02392375109368,-84.4695374163704,35340.0,golfer,4,#007cbf,,,,,,,,
golfer_group_46,38.024191636716814,-84.46968763084898,35400.0,golfer,4,#007cbf,,,,,,,,
golfer_group_46,38.024459522339946,-84.46983784532756,35460.0,golfer,4,#007cbf,,,,,,,,
golfer_group_46,38.02472740796308,-84.46998805980614,35520.0,golfer,4,#007cbf,,,,,,,,
golfer_group_46,38.0249952935862,-84.47013827428472,35580.0,golfer,4,#007cbf,,,,,,,,
golfer_group_46,38.02526317920933,-84.4702884887633,35640.0,golfer,4,#007cbf,,,,,,,,
golfer_group_46,38.02549053793203,-84.47051685206469,35700.0,golfer,4,#007cbf,,,,,,,,
golfer_group_46,38.02570511747455,-84.47076985771169,35760.0,golfer,4,#007cbf,,,,,,,,
golfer_group_46,38.025919697017066,-84.4710228633587,35820.0,golfer,4,#007cbf,,,,,,,,
golfer_group_46,38.02613427655959,-84.4712758690057,35880.0,golfer,4,#007cbf,,,,,,,,
golfer_group_46,38.02634885610211,-84.4715288746527,35940.0,golfer,4,#007cbf,,,,,,,,
golfer_group_46,38.026563435644626,-84.4717818802997,36000.0,golfer,4,#007cbf,,,,,,,,
golfer_group_46,38.02678243981026,-84.47202860408251,36060.0,golfer,4,#007cbf,,,,,,,,
golfer_group_46,38.02668611647238,-84.47218057293104,36120.0,golfer,4,#007cbf,,,,,,,,
golfer_group_46,38.02640386024167,-84.4722796932027,36180.0,golfer,4,#007cbf,,,,,,,,
golfer_group_46,38.02612160401096,-84.47237881347434,36240.0,golfer,4,#007cbf,,,,,,,,
golfer_group_46,38.02583934778024,-84.47247793374599,36300.0,golfer,4,#007cbf,,,,,,,,
golfer_group_46,38.02555709154953,-84.47257705401765,36360.0,golfer,4,#007cbf,,,,,,,,
golfer_group_46,38.025278899056985,-84.47258808504574,36420.0,golfer,4,#007cbf,,,,,,,,
golfer_group_46,38.02505413568005,-84.47238241246707,36480.0,golfer,4,#007cbf,,,,,,,,
golfer_group_46,38.02491621232278,-84.47205445775451,36540.0,golfer,4,#007cbf,,,,,,,,
golfer_group_46,38.02477828896551,-84.47172650304194,36600.0,golfer,4,#007cbf,,,,,,,,
golfer_group_46,38.024640365608235,-84.47139854832938,36660.0,golfer,4,#007cbf,,,,,,,,
golfer_group_46,38.02450244225096,-84.4710705936168,36720.0,golfer,4,#007cbf,,,,,,,,
golfer_group_46,38.02436451889369,-84.47074263890424,36780.0,golfer,4,#007cbf,,,,,,,,
golfer_group_46,38.02422659553642,-84.47041468419167,36840.0,golfer,4,#007cbf,,,,,,,,
golfer_group_46,38.02408867217915,-84.4700867294791,36900.0,golfer,4,#007cbf,,,,,,,,
golfer_group_46,38.023830177494666,-84.46991493651929,36960.0,golfer,4,#007cbf,,,,,,,,
golfer_group_46,38.02356911857893,-84.46974646470437,37020.0,golfer,4,#007cbf,,,,,,,,
golfer_group_46,38.0233080596632,-84.46957799288944,37080.0,golfer,4,#007cbf,,,,,,,,
golfer_group_46,38.02304700074746,-84.46940952107451,37140.0,golfer,4,#007cbf,,,,,,,,
golfer_group_46,38.0227847606833,-84.46924457405959,37200.0,golfer,4,#007cbf,,,,,,,,
golfer_group_46,38.02250809559787,-84.46912267439926,37260.0,golfer,4,#007cbf,,,,,,,,
golfer_group_46,38.022527943550884,-84.46893235209967,37320.0,golfer,4,#007cbf,,,,,,,,
golfer_group_46,38.02275311404551,-84.46869465006165,37380.0,golfer,4,#007cbf,,,,,,,,
golfer_group_46,38.02297828454014,-84.46845694802364,37440.0,golfer,4,#007cbf,,,,,,,,
golfer_group_46,38.02320345503476,-84.46821924598564,37500.0,golfer,4,#007cbf,,,,,,,,
golfer_group_46,38.023428625529384,-84.46798154394763,37560.0,golfer,4,#007cbf,,,,,,,,
golfer_group_46,38.02365379602401,-84.46774384190961,37620.0,golfer,4,#007cbf,,,,,,,,
golfer_group_46,38.02387896651864,-84.4675061398716,37680.0,golfer,4,#007cbf,,,,,,,,
golfer_group_46,38.02410413701326,-84.4672684378336,37740.0,golfer,4,#007cbf,,,,,,,,
golfer_group_46,38.024329307507884,-84.46703073579559,37800.0,golfer,4,#007cbf,,,,,,,,
golfer_group_46,38.024516630016976,-84.46674714202182,37860.0,golfer,4,#007cbf,,,,,,,,
golfer_group_46,38.02469334505099,-84.4664506863893,37920.0,golfer,4,#007cbf,,,,,,,,
golfer_group_46,38.02487006008501,-84.46615423075679,37980.0,golfer,4,#007cbf,,,,,,,,
golfer_group_46,38.02504677511902,-84.46585777512426,38040.0,golfer,4,#007cbf,,,,,,,,
golfer_group_46,38.02525798622544,-84.46562593134438,38100.0,golfer,4,#007cbf,,,,,,,,
golfer_group_46,38.025540368765746,-84.46552739312297,38160.0,golfer,4,#007cbf,,,,,,,,
golfer_group_46,38.02582275130605,-84.46542885490156,38220.0,golfer,4,#007cbf,,,,,,,,
golfer_group_46,38.02610513384636,-84.46533031668015,38280.0,golfer,4,#007cbf,,,,,,,,
golfer_group_46,38.02637936666449,-84.46537020680762,38340.0,golfer,4,#007cbf,,,,,,,,
golfer_group_46,38.02664707383,-84.4655209394031,38400.0,golfer,4,#007cbf,,,,,,,,
golfer_group_46,38.026914780995504,-84.46567167199859,38460.0,golfer,4,#007cbf,,,,,,,,
golfer_group_46,38.02718248816101,-84.46582240459409,38520.0,golfer,4,#007cbf,,,,,,,,
golfer_group_46,38.027450195326516,-84.46597313718958,38580.0,golfer,4,#007cbf,,,,,,,,
golfer_group_46,38.02771790249202,-84.46612386978506,38640.0,golfer,4,#007cbf,,,,,,,,
golfer_group_46,38.027985609657534,-84.46627460238055,38700.0,golfer,4,#007cbf,,,,,,,,
golfer_group_46,38.02825331682304,-84.46642533497604,38760.0,golfer,4,#007cbf,,,,,,,,
golfer_group_46,38.02854411583699,-84.46643446747252,38820.0,golfer,4,#007cbf,,,,,,,,
golfer_group_46,38.02883696025459,-84.46643105747557,38880.0,golfer,4,#007cbf,,,,,,,,
golfer_group_46,38.02912980467218,-84.46642764747862,38940.0,golfer,4,#007cbf,,,,,,,,
golfer_group_46,38.029422649089774,-84.46642423748168,39000.0,golfer,4,#007cbf,,,,,,,,
golfer_group_46,38.029714660100595,-84.46640554510962,39060.0,golfer,4,#007cbf,,,,,,,,
golfer_group_46,38.03000508074206,-84.46635768976212,39120.0,golfer,4,#007cbf,,,,,,,,
golfer_group_46,38.03029550138352,-84.46630983441462,39180.0,golfer,4,#007cbf,,,,,,,,
golfer_group_46,38.03034421537664,-84.46623396436489,39240.0,golfer,4,#007cbf,,,,,,,,
golfer_group_46,38.0300654222068,-84.4661201350132,39300.0,golfer,4,#007cbf,,,,,,,,
golfer_group_46,38.02978662903697,-84.46600630566151,39360.0,golfer,4,#007cbf,,,,,,,,
golfer_group_46,38.02950783586713,-84.46589247630982,39420.0,golfer,4,#007cbf,,,,,,,,
golfer_group_46,38.029229042697295,-84.46577864695813,39480.0,golfer,4,#007cbf,,,,,,,,
golfer_group_46,38.02895024952746,-84.46566481760644,39540.0,golfer,4,#007cbf,,,,,,,,
golfer_group_46,38.02867145635763,-84.46555098825475,39600.0,golfer,4,#007cbf,,,,,,,,
golfer_group_46,38.02839266318779,-84.46543715890306,39660.0,golfer,4,#007cbf,,,,,,,,
golfer_group_46,38.02811294382565,-84.46532834232956,39720.0,golfer,4,#007cbf,,,,,,,,
golfer_group_46,38.02782336017175,-84.46527291370359,39780.0,golfer,4,#007cbf,,,,,,,,
golfer_group_46,38.02753377651786,-84.46521748507763,39840.0,golfer,4,#007cbf,,,,,,,,
golfer_group_46,38.027244192863975,-84.46516205645167,39900.0,golfer,4,#007cbf,,,,,,,,
golfer_group_46,38.02695460921009,-84.46510662782572,39960.0,golfer,4,#007cbf,,,,,,,,
golfer_group_46,38.02666502555619,-84.46505119919976,40020.0,golfer,4,#007cbf,,,,,,,,
golfer_group_46,38.02637326063661,-84.4650346343973,40080.0,golfer,4,#007cbf,,,,,,,,
golfer_group_46,38.02608041188864,-84.46503738027086,40140.0,golfer,4,#007cbf,,,,,,,,
golfer_group_46,38.025787563140675,-84.46504012614442,40200.0,golfer,2,#007cbf,,,,,,,,
golfer_group_46,38.025494714392714,-84.46504287201797,40260.0,golfer,4,#007cbf,,,,,,,,
golfer_group_46,38.02556401049359,-84.4653626218534,40320.0,golfer,4,#007cbf,,,,,,,,
golfer_group_46,38.025666096931715,-84.46571107475296,40380.0,golfer,4,#007cbf,,,,,,,,
golfer_group_46,38.02576818336984,-84.46605952765252,40440.0,golfer,4,#007cbf,,,,,,,,
golfer_group_46,38.02587026980797,-84.46640798055208,40500.0,golfer,4,#007cbf,,,,,,,,
golfer_group_46,38.02597235624609,-84.46675643345164,40560.0,golfer,4,#007cbf,,,,,,,,
golfer_group_46,38.02607444268422,-84.46710488635118,40620.0,golfer,4,#007cbf,,,,,,,,
golfer_group_46,38.026176529122345,-84.46745333925074,40680.0,golfer,4,#007cbf,,,,,,,,
golfer_group_46,38.02627861556047,-84.4678017921503,40740.0,golfer,4,#007cbf,,,,,,,,
golfer_group_46,38.026391551516966,-84.46814347235242,40800.0,golfer,4,#007cbf,,,,,,,,
golfer_group_46,38.0265466275618,-84.46845884704874,40860.0,golfer,4,#007cbf,,,,,,,,
golfer_group_46,38.02670170360664,-84.46877422174504,40920.0,golfer,4,#007cbf,,,,,,,,
golfer_group_46,38.02685677965148,-84.46908959644135,40980.0,golfer,4,#007cbf,,,,,,,,
golfer_group_46,38.027011855696315,-84.46940497113766,41040.0,golfer,4,#007cbf,,,,,,,,
golfer_group_46,38.027202562026105,-84.46967624119414,41100.0,golfer,4,#007cbf,,,,,,,,
golfer_group_46,38.027447,-84.469881,41160.0,golfer,1,#007cbf,,,,,,,,
golfer_group_47,38.027447,-84.469881,27360.0,golfer,1,#007cbf,,,,,,,,
golfer_group_47,38.02754627606764,-84.46962578282717,27420.0,golfer,1,#007cbf,,,,,,,,
golfer_group_47,38.02744283462056,-84.4692779685763,27480.0,golfer,1,#007cbf,,,,,,,,
golfer_group_47,38.02733939317348,-84.46893015432545,27540.0,golfer,1,#007cbf,,,,,,,,
golfer_group_47,38.0272359517264,-84.46858234007459,27600.0,golfer,1,#007cbf,,,,,,,,
golfer_group_47,38.027132510279316,-84.46823452582373,27660.0,golfer,1,#007cbf,,,,,,,,
golfer_group_47,38.027029068832235,-84.46788671157287,27720.0,golfer,1,#007cbf,,,,,,,,
golfer_group_47,38.026925627385154,-84.46753889732202,27780.0,golfer,1,#007cbf,,,,,,,,
golfer_group_47,38.02682218593807,-84.46719108307117,27840.0,golfer,1,#007cbf,,,,,,,,
golfer_group_47,38.026707885382585,-84.46684997010087,27900.0,golfer,1,#007cbf,,,,,,,,
golfer_group_47,38.0265563489919,-84.46653183579225,27960.0,golfer,1,#007cbf,,,,,,,,
golfer_group_47,38.02640481260122,-84.46621370148365,28020.0,golfer,1,#007cbf,,,,,,,,
golfer_group_47,38.02625327621054,-84.46589556717504,28080.0,golfer,1,#007cbf,,,,,,,,
golfer_group_47,38.026097865476636,-84.4655806681031,28140.0,golfer,1,#007cbf,,,,,,,,
golfer_group_47,38.02592778516153,-84.46527801873756,28200.0,golfer,4,#007cbf,,,,,,,,
golfer_group_47,38.02575770484643,-84.46497536937204,28260.0,golfer,2,#007cbf,,,,,,,,
golfer_group_47,38.02580429978306,-84.46478189846547,28320.0,golfer,2,#007cbf,,,,,,,,
golfer_group_47,38.02609158193444,-84.46470970518055,28380.0,golfer,2,#007cbf,,,,,,,,
golfer_group_47,38.02637886408582,-84.46463751189565,28440.0,golfer,2,#007cbf,,,,,,,,
golfer_group_47,38.0266661462372,-84.46456531861072,28500.0,golfer,2,#007cbf,,,,,,,,
golfer_group_47,38.02695342838857,-84.4644931253258,28560.0,golfer,2,#007cbf,,,,,,,,
golfer_group_47,38.02723262500985,-84.46440936561527,28620.0,golfer,2,#007cbf,,,,,,,,
golfer_group_47,38.02732323296244,-84.46405582806928,28680.0,golfer,2,#007cbf,,,,,,,,
golfer_group_47,38.027413840915024,-84.46370229052329,28740.0,golfer,3,#007cbf,,,,,,,,
golfer_group_47,38.02755613921936,-84.46339199540722,28800.0,golfer,3,#007cbf,,,,,,,,
golfer_group_47,38.02777631020529,-84.46314684598785,28860.0,golfer,3,#007cbf,,,,,,,,
golfer_group_47,38.027996481191224,-84.4629016965685,28920.0,golfer,3,#007cbf,,,,,,,,
golfer_group_47,38.028216652177164,-84.46265654714912,28980.0,golfer,3,#007cbf,,,,,,,,
golfer_group_47,38.0284368231631,-84.46241139772975,29040.0,golfer,3,#007cbf,,,,,,,,
golfer_group_47,38.02865699414903,-84.4621662483104,29100.0,golfer,3,#007cbf,,,,,,,,
golfer_group_47,38.02887716513497,-84.46192109889103,29160.0,golfer,3,#007cbf,,,,,,,,
golfer_group_47,38.029097336120905,-84.46167594947165,29220.0,golfer,3,#007cbf,,,,,,,,
golfer_group_47,38.02932048603734,-84.46143527844885,29280.0,golfer,3,#007cbf,,,,,,,,
golfer_group_47,38.02954781666501,-84.4612008925283,29340.0,golfer,3,#007cbf,,,,,,,,
golfer_group_47,38.029775147292675,-84.46096650660775,29400.0,golfer,3,#007cbf,,,,,,,,
golfer_group_47,38.03000247792034,-84.46073212068718,29460.0,golfer,3,#007cbf,,,,,,,,
golfer_group_47,38.03022980854801,-84.46049773476663,29520.0,golfer,3,#007cbf,,,,,,,,
golfer_group_47,38.03028198771919,-84.46029007968264,29580.0,golfer,3,#007cbf,,,,,,,,
golfer_group_47,38.030017377451664,-84.46013077159431,29640.0,golfer,4,#007cbf,,,,,,,,
golfer_group_47,38.02974997117584,-84.46003134117494,29700.0,golfer,4,#007cbf,,,,,,,,
golfer_group_47,38.029472388508275,-84.46014984237516,29760.0,golfer,4,#007cbf,,,,,,,,
golfer_group_47,38.02919480584071,-84.46026834357538,29820.0,golfer,4,#007cbf,,,,,,,,
golfer_group_47,38.02891722317315,-84.46038684477558,29880.0,golfer,4,#007cbf,,,,,,,,
golfer_group_47,38.02863964050559,-84.4605053459758,29940.0,golfer,4,#007cbf,,,,,,,,
golfer_group_47,38.02846819932939,-84.46074999771898,30000.0,golfer,4,#007cbf,,,,,,,,
golfer_group_47,38.028356651102726,-84.46108459413088,30060.0,golfer,4,#007cbf,,,,,,,,
golfer_group_47,38.028163251425084,-84.46136377382878,30120.0,golfer,4,#007cbf,,,,,,,,
golfer_group_47,38.02796985174745,-84.46164295352668,30180.0,golfer,4,#007cbf,,,,,,,,
golfer_group_47,38.02777645206981,-84.46192213322458,30240.0,golfer,4,#007cbf,,,,,,,,
golfer_group_47,38.027583052392174,-84.46220131292247,30300.0,golfer,4,#007cbf,,,,,,,,
golfer_group_47,38.02739313138997,-84.4624841808364,30360.0,golfer,4,#007cbf,,,,,,,,
golfer_group_47,38.02721114487077,-84.46277546117278,30420.0,golfer,4,#007cbf,,,,,,,,
golfer_group_47,38.02702915835156,-84.46306674150915,30480.0,golfer,4,#007cbf,,,,,,,,
golfer_group_47,38.02684717183235,-84.46335802184554,30540.0,golfer,4,#007cbf,,,,,,,,
golfer_group_47,38.027030664719845,-84.46345337202217,30600.0,golfer,4,#007cbf,,,,,,,,
golfer_group_47,38.02732202605173,-84.46349089491457,30660.0,golfer,3,#007cbf,,,,,,,,
golfer_group_47,38.02761338738361,-84.46352841780696,30720.0,golfer,3,#007cbf,,,,,,,,
golfer_group_47,38.02787761975422,-84.46365295047241,30780.0,golfer,4,#007cbf,,,,,,,,
golfer_group_47,38.02811027773896,-84.46387875056652,30840.0,golfer,4,#007cbf,,,,,,,,
golfer_group_47,38.02834293572369,-84.46410455066062,30900.0,golfer,4,#007cbf,,,,,,,,
golfer_group_47,38.028575593708425,-84.46433035075472,30960.0,golfer,4,#007cbf,,,,,,,,
golfer_group_47,38.028808251693164,-84.46455615084882,31020.0,golfer,4,#007cbf,,,,,,,,
golfer_group_47,38.029040909677896,-84.46478195094294,31080.0,golfer,4,#007cbf,,,,,,,,
golfer_group_47,38.02927356766263,-84.46500775103704,31140.0,golfer,4,#007cbf,,,,,,,,
golfer_group_47,38.02950622564737,-84.46523355113113,31200.0,golfer,4,#007cbf,,,,,,,,
golfer_group_47,38.02975350361947,-84.4654282954189,31260.0,golfer,4,#007cbf,,,,,,,,
golfer_group_47,38.030020352724144,-84.46558146666777,31320.0,golfer,4,#007cbf,,,,,,,,
golfer_group_47,38.03028720182882,-84.46573463791665,31380.0,golfer,4,#007cbf,,,,,,,,
golfer_group_47,38.030554050933496,-84.46588780916554,31440.0,golfer,4,#007cbf,,,,,,,,
golfer_group_47,38.0308144451061,-84.46601508231271,31500.0,golfer,4,#007cbf,,,,,,,,
golfer_group_47,38.03096331555731,-84.46569490649415,31560.0,golfer,4,#007cbf,,,,,,,,
golfer_group_47,38.03100160851583,-84.46532942233877,31620.0,golfer,4,#007cbf,,,,,,,,
golfer_group_47,38.03102825601745,-84.4649591665407,31680.0,golfer,4,#007cbf,,,,,,,,
golfer_group_47,38.03105490351906,-84.46458891074262,31740.0,golfer,4,#007cbf,,,,,,,,
golfer_group_47,38.031081551020684,-84.46421865494455,31800.0,golfer,4,#007cbf,,,,,,,,
golfer_group_47,38.031108198522304,-84.46384839914647,31860.0,golfer,4,#007cbf,,,,,,,,
golfer_group_47,38.03113484602392,-84.4634781433484,31920.0,golfer,4,#007cbf,,,,,,,,
golfer_group_47,38.03116149352554,-84.46310788755032,31980.0,golfer,4,#007cbf,,,,,,,,
golfer_group_47,38.031127268705696,-84.46274982308951,32040.0,golfer,4,#007cbf,,,,,,,,
golfer_group_47,38.031012137391194,-84.4624079623538,32100.0,golfer,4,#007cbf,,,,,,,,
golfer_group_47,38.03089700607669,-84.46206610161808,32160.0,golfer,4,#007cbf,,,,,,,,
golfer_group_47,38.0307818747622,-84.46172424088235,32220.0,golfer,4,#007cbf,,,,,,,,
golfer_group_47,38.030666743447696,-84.46138238014663,32280.0,golfer,4,#007cbf,,,,,,,,
golfer_group_47,38.030551612133195,-84.46104051941091,32340.0,golfer,4,#007cbf,,,,,,,,
golfer_group_47,38.03081531898336,-84.46091137688049,32400.0,golfer,4,#007cbf,,,,,,,,
golfer_group_47,38.0310279411826,-84.46098091912485,32460.0,golfer,4,#007cbf,,,,,,,,
golfer_group_47,38.03115090321037,-84.46131835889211,32520.0,golfer,4,#007cbf,,,,,,,,
golfer_group_47,38.031273865238134,-84.46165579865938,32580.0,golfer,4,#007cbf,,,,,,,,
golfer_group_47,38.03139682726591,-84.46199323842663,32640.0,golfer,4,#007cbf,,,,,,,,
golfer_group_47,38.031519789293675,-84.4623306781939,32700.0,golfer,4,#007cbf,,,,,,,,
golfer_group_47,38.03164275132144,-84.46266811796116,32760.0,golfer,4,#007cbf,,,,,,,,
golfer_group_47,38.03176571334921,-84.46300555772842,32820.0,golfer,4,#007cbf,,,,,,,,
golfer_group_47,38.031888675376976,-84.46334299749569,32880.0,golfer,4,#007cbf,,,,,,,,
golfer_group_47,38.031909837946635,-84.46368872876327,32940.0,golfer,4,#007cbf,,,,,,,,
golfer_group_47,38.03182184589159,-84.46404335060477,33000.0,golfer,4,#007cbf,,,,,,,,
golfer_group_47,38.03173385383655,-84.46439797244628,33060.0,golfer,4,#007cbf,,,,,,,,
golfer_group_47,38.031645861781506,-84.46475259428779,33120.0,golfer,4,#007cbf,,,,,,,,
golfer_group_47,38.03155786972646,-84.46510721612928,33180.0,golfer,4,#007cbf,,,,,,,,
golfer_group_47,38.03146987767142,-84.46546183797079,33240.0,golfer,4,#007cbf,,,,,,,,
golfer_group_47,38.03131864912918,-84.46576966145622,33300.0,golfer,4,#007cbf,,,,,,,,
golfer_group_47,38.0311189562348,-84.46604161874937,33360.0,golfer,4,#007cbf,,,,,,,,
golfer_group_47,38.030919263340415,-84.46631357604252,33420.0,golfer,4,#007cbf,,,,,,,,
golfer_group_47,38.030718115722834,-84.46658350967269,33480.0,golfer,4,#007cbf,,,,,,,,
golfer_group_47,38.0304866033238,-84.46681120290668,33540.0,golfer,4,#007cbf,,,,,,,,
golfer_group_47,38.030255090924776,-84.46703889614066,33600.0,golfer,4,#007cbf,,,,,,,,
golfer_group_47,38.03002357852575,-84.46726658937465,33660.0,golfer,4,#007cbf,,,,,,,,
golfer_group_47,38.02979206612672,-84.46749428260863,33720.0,golfer,4,#007cbf,,,,,,,,
golfer_group_47,38.02956055372769,-84.46772197584261,33780.0,golfer,4,#007cbf,,,,,,,,
golfer_group_47,38.02932904132866,-84.4679496690766,33840.0,golfer,4,#007cbf,,,,,,,,
golfer_group_47,38.02909752892963,-84.46817736231058,33900.0,golfer,4,#007cbf,,,,,,,,
golfer_group_47,38.0288660165306,-84.46840505554457,33960.0,golfer,4,#007cbf,,,,,,,,
golfer_group_47,38.02869804015225,-84.46870681462924,34020.0,golfer,4,#007cbf,,,,,,,,
golfer_group_47,38.028539024924726,-84.46901901999702,34080.0,golfer,4,#007cbf,,,,,,,,
golfer_group_47,38.0283800096972,-84.46933122536481,34140.0,golfer,4,#007cbf,,,,,,,,
golfer_group_47,38.028129065075696,-84.46949162304078,34200.0,golfer,4,#007cbf,,,,,,,,
golfer_group_47,38.02785052807789,-84.46960645602002,34260.0,golfer,1,#007cbf,,,,,,,,
golfer_group_47,38.027571991080094,-84.46972128899925,34320.0,golfer,1,#007cbf,,,,,,,,
golfer_group_47,38.02729345408229,-84.4698361219785,34380.0,golfer,4,#007cbf,,,,,,,,
golfer_group_47,38.027014917084486,-84.46995095495774,34440.0,golfer,4,#007cbf,,,,,,,,
golfer_group_47,38.02677219339408,-84.46990690842384,34500.0,golfer,4,#007cbf,,,,,,,,
golfer_group_47,38.026583670283,-84.46962241044099,34560.0,golfer,4,#007cbf,,,,,,,,
golfer_group_47,38.02639514717193,-84.46933791245814,34620.0,golfer,4,#007cbf,,,,,,,,
golfer_group_47,38.026206624060855,-84.4690534144753,34680.0,golfer,4,#007cbf,,,,,,,,
golfer_group_47,38.02601810094978,-84.46876891649245,34740.0,golfer,4,#007cbf,,,,,,,,
golfer_group_47,38.0258295778387,-84.4684844185096,34800.0,golfer,4,#007cbf,,,,,,,,
golfer_group_47,38.02564105472762,-84.46819992052676,34860.0,golfer,4,#007cbf,,,,,,,,
golfer_group_47,38.02539873776804,-84.4680332578427,34920.0,golfer,4,#007cbf,,,,,,,,
golfer_group_47,38.02511056304286,-84.46796704648648,34980.0,golfer,4,#007cbf,,,,,,,,
golfer_group_47,38.02482238831767,-84.46790083513027,35040.0,golfer,4,#007cbf,,,,,,,,
golfer_group_47,38.02466098715723,-84.46791926274804,35100.0,golfer,4,#007cbf,,,,,,,,
golfer_group_47,38.0248672597656,-84.46818316370741,35160.0,golfer,4,#007cbf,,,,,,,,
golfer_group_47,38.025073532373966,-84.46844706466678,35220.0,golfer,4,#007cbf,,,,,,,,
golfer_group_47,38.02498232223591,-84.46858500193528,35280.0,golfer,4,#007cbf,,,,,,,,
golfer_group_47,38.024692555469876,-84.46863886398934,35340.0,golfer,4,#007cbf,,,,,,,,
golfer_group_47,38.02440278870384,-84.4686927260434,35400.0,golfer,4,#007cbf,,,,,,,,
golfer_group_47,38.0241130219378,-84.46874658809746,35460.0,golfer,4,#007cbf,,,,,,,,
golfer_group_47,38.02382325517176,-84.46880045015152,35520.0,golfer,4,#007cbf,,,,,,,,
golfer_group_47,38.023533488405725,-84.46885431220558,35580.0,golfer,4,#007cbf,,,,,,,,
golfer_group_47,38.02325287292604,-84.46895459002404,35640.0,golfer,4,#007cbf,,,,,,,,
golfer_group_47,38.023120094224296,-84.46908677293466,35700.0,golfer,4,#007cbf,,,,,,,,
golfer_group_47,38.02338797984743,-84.46923698741324,35760.0,golfer,4,#007cbf,,,,,,,,
golfer_group_47,38.02365586547056,-84.46938720189182,35820.0,golfer,4,#007cbf,,,,,,,,
golfer_group_47,38.02392375109368,-84.4695374163704,35880.0,golfer,4,#007cbf,,,,,,,,
golfer_group_47,38.024191636716814,-84.46968763084898,35940.0,golfer,4,#007cbf,,,,,,,,
golfer_group_47,38.024459522339946,-84.46983784532756,36000.0,golfer,4,#007cbf,,,,,,,,
golfer_group_47,38.02472740796308,-84.46998805980614,36060.0,golfer,4,#007cbf,,,,,,,,
golfer_group_47,38.0249952935862,-84.47013827428472,36120.0,golfer,4,#007cbf,,,,,,,,
golfer_group_47,38.02526317920933,-84.4702884887633,36180.0,golfer,4,#007cbf,,,,,,,,
golfer_group_47,38.02549053793203,-84.47051685206469,36240.0,golfer,4,#007cbf,,,,,,,,
golfer_group_47,38.02570511747455,-84.47076985771169,36300.0,golfer,4,#007cbf,,,,,,,,
golfer_group_47,38.025919697017066,-84.4710228633587,36360.0,golfer,4,#007cbf,,,,,,,,
golfer_group_47,38.02613427655959,-84.4712758690057,36420.0,golfer,4,#007cbf,,,,,,,,
golfer_group_47,38.02634885610211,-84.4715288746527,36480.0,golfer,4,#007cbf,,,,,,,,
golfer_group_47,38.026563435644626,-84.4717818802997,36540.0,golfer,4,#007cbf,,,,,,,,
golfer_group_47,38.02678243981026,-84.47202860408251,36600.0,golfer,4,#007cbf,,,,,,,,
golfer_group_47,38.02668611647238,-84.47218057293104,36660.0,golfer,4,#007cbf,,,,,,,,
golfer_group_47,38.02640386024167,-84.4722796932027,36720.0,golfer,4,#007cbf,,,,,,,,
golfer_group_47,38.02612160401096,-84.47237881347434,36780.0,golfer,4,#007cbf,,,,,,,,
golfer_group_47,38.02583934778024,-84.47247793374599,36840.0,golfer,4,#007cbf,,,,,,,,
golfer_group_47,38.02555709154953,-84.47257705401765,36900.0,golfer,4,#007cbf,,,,,,,,
golfer_group_47,38.025278899056985,-84.47258808504574,36960.0,golfer,4,#007cbf,,,,,,,,
golfer_group_47,38.02505413568005,-84.47238241246707,37020.0,golfer,4,#007cbf,,,,,,,,
golfer_group_47,38.02491621232278,-84.47205445775451,37080.0,golfer,4,#007cbf,,,,,,,,
golfer_group_47,38.02477828896551,-84.47172650304194,37140.0,golfer,4,#007cbf,,,,,,,,
golfer_group_47,38.024640365608235,-84.47139854832938,37200.0,golfer,4,#007cbf,,,,,,,,
golfer_group_47,38.02450244225096,-84.4710705936168,37260.0,golfer,4,#007cbf,,,,,,,,
golfer_group_47,38.02436451889369,-84.47074263890424,37320.0,golfer,4,#007cbf,,,,,,,,
golfer_group_47,38.02422659553642,-84.47041468419167,37380.0,golfer,4,#007cbf,,,,,,,,
golfer_group_47,38.02408867217915,-84.4700867294791,37440.0,golfer,4,#007cbf,,,,,,,,
golfer_group_47,38.023830177494666,-84.46991493651929,37500.0,golfer,4,#007cbf,,,,,,,,
golfer_group_47,38.02356911857893,-84.46974646470437,37560.0,golfer,4,#007cbf,,,,,,,,
golfer_group_47,38.0233080596632,-84.46957799288944,37620.0,golfer,4,#007cbf,,,,,,,,
golfer_group_47,38.02304700074746,-84.46940952107451,37680.0,golfer,4,#007cbf,,,,,,,,
golfer_group_47,38.0227847606833,-84.46924457405959,37740.0,golfer,4,#007cbf,,,,,,,,
golfer_group_47,38.02250809559787,-84.46912267439926,37800.0,golfer,4,#007cbf,,,,,,,,
golfer_group_47,38.022527943550884,-84.46893235209967,37860.0,golfer,4,#007cbf,,,,,,,,
golfer_group_47,38.02275311404551,-84.46869465006165,37920.0,golfer,4,#007cbf,,,,,,,,
golfer_group_47,38.02297828454014,-84.46845694802364,37980.0,golfer,4,#007cbf,,,,,,,,
golfer_group_47,38.02320345503476,-84.46821924598564,38040.0,golfer,4,#007cbf,,,,,,,,
golfer_group_47,38.023428625529384,-84.46798154394763,38100.0,golfer,4,#007cbf,,,,,,,,
golfer_group_47,38.02365379602401,-84.46774384190961,38160.0,golfer,4,#007cbf,,,,,,,,
golfer_group_47,38.02387896651864,-84.4675061398716,38220.0,golfer,4,#007cbf,,,,,,,,
golfer_group_47,38.02410413701326,-84.4672684378336,38280.0,golfer,4,#007cbf,,,,,,,,
golfer_group_47,38.024329307507884,-84.46703073579559,38340.0,golfer,4,#007cbf,,,,,,,,
golfer_group_47,38.024516630016976,-84.46674714202182,38400.0,golfer,4,#007cbf,,,,,,,,
golfer_group_47,38.02469334505099,-84.4664506863893,38460.0,golfer,4,#007cbf,,,,,,,,
golfer_group_47,38.02487006008501,-84.46615423075679,38520.0,golfer,4,#007cbf,,,,,,,,
golfer_group_47,38.02504677511902,-84.46585777512426,38580.0,golfer,4,#007cbf,,,,,,,,
golfer_group_47,38.02525798622544,-84.46562593134438,38640.0,golfer,4,#007cbf,,,,,,,,
golfer_group_47,38.025540368765746,-84.46552739312297,38700.0,golfer,4,#007cbf,,,,,,,,
golfer_group_47,38.02582275130605,-84.46542885490156,38760.0,golfer,4,#007cbf,,,,,,,,
golfer_group_47,38.02610513384636,-84.46533031668015,38820.0,golfer,4,#007cbf,,,,,,,,
golfer_group_47,38.02637936666449,-84.46537020680762,38880.0,golfer,4,#007cbf,,,,,,,,
golfer_group_47,38.02664707383,-84.4655209394031,38940.0,golfer,4,#007cbf,,,,,,,,
golfer_group_47,38.026914780995504,-84.46567167199859,39000.0,golfer,4,#007cbf,,,,,,,,
golfer_group_47,38.02718248816101,-84.46582240459409,39060.0,golfer,4,#007cbf,,,,,,,,
golfer_group_47,38.027450195326516,-84.46597313718958,39120.0,golfer,4,#007cbf,,,,,,,,
golfer_group_47,38.02771790249202,-84.46612386978506,39180.0,golfer,4,#007cbf,,,,,,,,
golfer_group_47,38.027985609657534,-84.46627460238055,39240.0,golfer,4,#007cbf,,,,,,,,
golfer_group_47,38.02825331682304,-84.46642533497604,39300.0,golfer,4,#007cbf,,,,,,,,
golfer_group_47,38.02854411583699,-84.46643446747252,39360.0,golfer,4,#007cbf,,,,,,,,
golfer_group_47,38.02883696025459,-84.46643105747557,39420.0,golfer,4,#007cbf,,,,,,,,
golfer_group_47,38.02912980467218,-84.46642764747862,39480.0,golfer,4,#007cbf,,,,,,,,
golfer_group_47,38.029422649089774,-84.46642423748168,39540.0,golfer,4,#007cbf,,,,,,,,
golfer_group_47,38.029714660100595,-84.46640554510962,39600.0,golfer,4,#007cbf,,,,,,,,
golfer_group_47,38.03000508074206,-84.46635768976212,39660.0,golfer,4,#007cbf,,,,,,,,
golfer_group_47,38.03029550138352,-84.46630983441462,39720.0,golfer,4,#007cbf,,,,,,,,
golfer_group_47,38.03034421537664,-84.46623396436489,39780.0,golfer,4,#007cbf,,,,,,,,
golfer_group_47,38.0300654222068,-84.4661201350132,39840.0,golfer,4,#007cbf,,,,,,,,
golfer_group_47,38.02978662903697,-84.46600630566151,39900.0,golfer,4,#007cbf,,,,,,,,
golfer_group_47,38.02950783586713,-84.46589247630982,39960.0,golfer,4,#007cbf,,,,,,,,
golfer_group_47,38.029229042697295,-84.46577864695813,40020.0,golfer,4,#007cbf,,,,,,,,
golfer_group_47,38.02895024952746,-84.46566481760644,40080.0,golfer,4,#007cbf,,,,,,,,
golfer_group_47,38.02867145635763,-84.46555098825475,40140.0,golfer,4,#007cbf,,,,,,,,
golfer_group_47,38.02839266318779,-84.46543715890306,40200.0,golfer,4,#007cbf,,,,,,,,
golfer_group_47,38.02811294382565,-84.46532834232956,40260.0,golfer,4,#007cbf,,,,,,,,
golfer_group_47,38.02782336017175,-84.46527291370359,40320.0,golfer,4,#007cbf,,,,,,,,
golfer_group_47,38.02753377651786,-84.46521748507763,40380.0,golfer,4,#007cbf,,,,,,,,
golfer_group_47,38.027244192863975,-84.46516205645167,40440.0,golfer,4,#007cbf,,,,,,,,
golfer_group_47,38.02695460921009,-84.46510662782572,40500.0,golfer,4,#007cbf,,,,,,,,
golfer_group_47,38.02666502555619,-84.46505119919976,40560.0,golfer,4,#007cbf,,,,,,,,
golfer_group_47,38.02637326063661,-84.4650346343973,40620.0,golfer,4,#007cbf,,,,,,,,
golfer_group_47,38.02608041188864,-84.46503738027086,40680.0,golfer,4,#007cbf,,,,,,,,
golfer_group_47,38.025787563140675,-84.46504012614442,40740.0,golfer,2,#007cbf,,,,,,,,
golfer_group_47,38.025494714392714,-84.46504287201797,40800.0,golfer,4,#007cbf,,,,,,,,
golfer_group_47,38.02556401049359,-84.4653626218534,40860.0,golfer,4,#007cbf,,,,,,,,
golfer_group_47,38.025666096931715,-84.46571107475296,40920.0,golfer,4,#007cbf,,,,,,,,
golfer_group_47,38.02576818336984,-84.46605952765252,40980.0,golfer,4,#007cbf,,,,,,,,
golfer_group_47,38.02587026980797,-84.46640798055208,41040.0,golfer,4,#007cbf,,,,,,,,
golfer_group_47,38.02597235624609,-84.46675643345164,41100.0,golfer,4,#007cbf,,,,,,,,
golfer_group_47,38.02607444268422,-84.46710488635118,41160.0,golfer,4,#007cbf,,,,,,,,
golfer_group_47,38.026176529122345,-84.46745333925074,41220.0,golfer,4,#007cbf,,,,,,,,
golfer_group_47,38.02627861556047,-84.4678017921503,41280.0,golfer,4,#007cbf,,,,,,,,
golfer_group_47,38.026391551516966,-84.46814347235242,41340.0,golfer,4,#007cbf,,,,,,,,
golfer_group_47,38.0265466275618,-84.46845884704874,41400.0,golfer,4,#007cbf,,,,,,,,
golfer_group_47,38.02670170360664,-84.46877422174504,41460.0,golfer,4,#007cbf,,,,,,,,
golfer_group_47,38.02685677965148,-84.46908959644135,41520.0,golfer,4,#007cbf,,,,,,,,
golfer_group_47,38.027011855696315,-84.46940497113766,41580.0,golfer,4,#007cbf,,,,,,,,
golfer_group_47,38.027202562026105,-84.46967624119414,41640.0,golfer,4,#007cbf,,,,,,,,
golfer_group_47,38.027447,-84.469881,41700.0,golfer,1,#007cbf,,,,,,,,
golfer_group_48,38.027447,-84.469881,27900.0,golfer,1,#007cbf,,,,,,,,
golfer_group_48,38.02754627606764,-84.46962578282717,27960.0,golfer,1,#007cbf,,,,,,,,
golfer_group_48,38.02744283462056,-84.4692779685763,28020.0,golfer,1,#007cbf,,,,,,,,
golfer_group_48,38.02733939317348,-84.46893015432545,28080.0,golfer,1,#007cbf,,,,,,,,
golfer_group_48,38.0272359517264,-84.46858234007459,28140.0,golfer,1,#007cbf,,,,,,,,
golfer_group_48,38.027132510279316,-84.46823452582373,28200.0,golfer,1,#007cbf,,,,,,,,
golfer_group_48,38.027029068832235,-84.46788671157287,28260.0,golfer,1,#007cbf,,,,,,,,
golfer_group_48,38.026925627385154,-84.46753889732202,28320.0,golfer,1,#007cbf,,,,,,,,
golfer_group_48,38.02682218593807,-84.46719108307117,28380.0,golfer,1,#007cbf,,,,,,,,
golfer_group_48,38.026707885382585,-84.46684997010087,28440.0,golfer,1,#007cbf,,,,,,,,
golfer_group_48,38.0265563489919,-84.46653183579225,28500.0,golfer,1,#007cbf,,,,,,,,
golfer_group_48,38.02640481260122,-84.46621370148365,28560.0,golfer,1,#007cbf,,,,,,,,
golfer_group_48,38.02625327621054,-84.46589556717504,28620.0,golfer,1,#007cbf,,,,,,,,
golfer_group_48,38.026097865476636,-84.4655806681031,28680.0,golfer,1,#007cbf,,,,,,,,
golfer_group_48,38.02592778516153,-84.46527801873756,28740.0,golfer,4,#007cbf,,,,,,,,
golfer_group_48,38.02575770484643,-84.46497536937204,28800.0,golfer,2,#007cbf,,,,,,,,
golfer_group_48,38.02580429978306,-84.46478189846547,28860.0,golfer,2,#007cbf,,,,,,,,
golfer_group_48,38.02609158193444,-84.46470970518055,28920.0,golfer,2,#007cbf,,,,,,,,
golfer_group_48,38.02637886408582,-84.46463751189565,28980.0,golfer,2,#007cbf,,,,,,,,
golfer_group_48,38.0266661462372,-84.46456531861072,29040.0,golfer,2,#007cbf,,,,,,,,
golfer_group_48,38.02695342838857,-84.4644931253258,29100.0,golfer,2,#007cbf,,,,,,,,
golfer_group_48,38.02723262500985,-84.46440936561527,29160.0,golfer,2,#007cbf,,,,,,,,
golfer_group_48,38.02732323296244,-84.46405582806928,29220.0,golfer,2,#007cbf,,,,,,,,
golfer_group_48,38.027413840915024,-84.46370229052329,29280.0,golfer,3,#007cbf,,,,,,,,
golfer_group_48,38.02755613921936,-84.46339199540722,29340.0,golfer,3,#007cbf,,,,,,,,
golfer_group_48,38.02777631020529,-84.46314684598785,29400.0,golfer,3,#007cbf,,,,,,,,
golfer_group_48,38.027996481191224,-84.4629016965685,29460.0,golfer,3,#007cbf,,,,,,,,
golfer_group_48,38.028216652177164,-84.46265654714912,29520.0,golfer,3,#007cbf,,,,,,,,
golfer_group_48,38.0284368231631,-84.46241139772975,29580.0,golfer,3,#007cbf,,,,,,,,
golfer_group_48,38.02865699414903,-84.4621662483104,29640.0,golfer,3,#007cbf,,,,,,,,
golfer_group_48,38.02887716513497,-84.46192109889103,29700.0,golfer,3,#007cbf,,,,,,,,
golfer_group_48,38.029097336120905,-84.46167594947165,29760.0,golfer,3,#007cbf,,,,,,,,
golfer_group_48,38.02932048603734,-84.46143527844885,29820.0,golfer,3,#007cbf,,,,,,,,
golfer_group_48,38.02954781666501,-84.4612008925283,29880.0,golfer,3,#007cbf,,,,,,,,
golfer_group_48,38.029775147292675,-84.46096650660775,29940.0,golfer,3,#007cbf,,,,,,,,
golfer_group_48,38.03000247792034,-84.46073212068718,30000.0,golfer,3,#007cbf,,,,,,,,
golfer_group_48,38.03022980854801,-84.46049773476663,30060.0,golfer,3,#007cbf,,,,,,,,
golfer_group_48,38.03028198771919,-84.46029007968264,30120.0,golfer,3,#007cbf,,,,,,,,
golfer_group_48,38.030017377451664,-84.46013077159431,30180.0,golfer,4,#007cbf,,,,,,,,
golfer_group_48,38.02974997117584,-84.46003134117494,30240.0,golfer,4,#007cbf,,,,,,,,
golfer_group_48,38.029472388508275,-84.46014984237516,30300.0,golfer,4,#007cbf,,,,,,,,
golfer_group_48,38.02919480584071,-84.46026834357538,30360.0,golfer,4,#007cbf,,,,,,,,
golfer_group_48,38.02891722317315,-84.46038684477558,30420.0,golfer,4,#007cbf,,,,,,,,
golfer_group_48,38.02863964050559,-84.4605053459758,30480.0,golfer,4,#007cbf,,,,,,,,
golfer_group_48,38.02846819932939,-84.46074999771898,30540.0,golfer,4,#007cbf,,,,,,,,
golfer_group_48,38.028356651102726,-84.46108459413088,30600.0,golfer,4,#007cbf,,,,,,,,
golfer_group_48,38.028163251425084,-84.46136377382878,30660.0,golfer,4,#007cbf,,,,,,,,
golfer_group_48,38.02796985174745,-84.46164295352668,30720.0,golfer,4,#007cbf,,,,,,,,
golfer_group_48,38.02777645206981,-84.46192213322458,30780.0,golfer,4,#007cbf,,,,,,,,
golfer_group_48,38.027583052392174,-84.46220131292247,30840.0,golfer,4,#007cbf,,,,,,,,
golfer_group_48,38.02739313138997,-84.4624841808364,30900.0,golfer,4,#007cbf,,,,,,,,
golfer_group_48,38.02721114487077,-84.46277546117278,30960.0,golfer,4,#007cbf,,,,,,,,
golfer_group_48,38.02702915835156,-84.46306674150915,31020.0,golfer,4,#007cbf,,,,,,,,
golfer_group_48,38.02684717183235,-84.46335802184554,31080.0,golfer,4,#007cbf,,,,,,,,
golfer_group_48,38.027030664719845,-84.46345337202217,31140.0,golfer,4,#007cbf,,,,,,,,
golfer_group_48,38.02732202605173,-84.46349089491457,31200.0,golfer,3,#007cbf,,,,,,,,
golfer_group_48,38.02761338738361,-84.46352841780696,31260.0,golfer,3,#007cbf,,,,,,,,
golfer_group_48,38.02787761975422,-84.46365295047241,31320.0,golfer,4,#007cbf,,,,,,,,
golfer_group_48,38.02811027773896,-84.46387875056652,31380.0,golfer,4,#007cbf,,,,,,,,
golfer_group_48,38.02834293572369,-84.46410455066062,31440.0,golfer,4,#007cbf,,,,,,,,
golfer_group_48,38.028575593708425,-84.46433035075472,31500.0,golfer,4,#007cbf,,,,,,,,
golfer_group_48,38.028808251693164,-84.46455615084882,31560.0,golfer,4,#007cbf,,,,,,,,
golfer_group_48,38.029040909677896,-84.46478195094294,31620.0,golfer,4,#007cbf,,,,,,,,
golfer_group_48,38.02927356766263,-84.46500775103704,31680.0,golfer,4,#007cbf,,,,,,,,
golfer_group_48,38.02950622564737,-84.46523355113113,31740.0,golfer,4,#007cbf,,,,,,,,
golfer_group_48,38.02975350361947,-84.4654282954189,31800.0,golfer,4,#007cbf,,,,,,,,
golfer_group_48,38.030020352724144,-84.46558146666777,31860.0,golfer,4,#007cbf,,,,,,,,
golfer_group_48,38.03028720182882,-84.46573463791665,31920.0,golfer,4,#007cbf,,,,,,,,
golfer_group_48,38.030554050933496,-84.46588780916554,31980.0,golfer,4,#007cbf,,,,,,,,
golfer_group_48,38.0308144451061,-84.46601508231271,32040.0,golfer,4,#007cbf,,,,,,,,
golfer_group_48,38.03096331555731,-84.46569490649415,32100.0,golfer,4,#007cbf,,,,,,,,
golfer_group_48,38.03100160851583,-84.46532942233877,32160.0,golfer,4,#007cbf,,,,,,,,
golfer_group_48,38.03102825601745,-84.4649591665407,32220.0,golfer,4,#007cbf,,,,,,,,
golfer_group_48,38.03105490351906,-84.46458891074262,32280.0,golfer,4,#007cbf,,,,,,,,
golfer_group_48,38.031081551020684,-84.46421865494455,32340.0,golfer,4,#007cbf,,,,,,,,
golfer_group_48,38.031108198522304,-84.46384839914647,32400.0,golfer,4,#007cbf,,,,,,,,
golfer_group_48,38.03113484602392,-84.4634781433484,32460.0,golfer,4,#007cbf,,,,,,,,
golfer_group_48,38.03116149352554,-84.46310788755032,32520.0,golfer,4,#007cbf,,,,,,,,
golfer_group_48,38.031127268705696,-84.46274982308951,32580.0,golfer,4,#007cbf,,,,,,,,
golfer_group_48,38.031012137391194,-84.4624079623538,32640.0,golfer,4,#007cbf,,,,,,,,
golfer_group_48,38.03089700607669,-84.46206610161808,32700.0,golfer,4,#007cbf,,,,,,,,
golfer_group_48,38.0307818747622,-84.46172424088235,32760.0,golfer,4,#007cbf,,,,,,,,
golfer_group_48,38.030666743447696,-84.46138238014663,32820.0,golfer,4,#007cbf,,,,,,,,
golfer_group_48,38.030551612133195,-84.46104051941091,32880.0,golfer,4,#007cbf,,,,,,,,
golfer_group_48,38.03081531898336,-84.46091137688049,32940.0,golfer,4,#007cbf,,,,,,,,
golfer_group_48,38.0310279411826,-84.46098091912485,33000.0,golfer,4,#007cbf,,,,,,,,
golfer_group_48,38.03115090321037,-84.46131835889211,33060.0,golfer,4,#007cbf,,,,,,,,
golfer_group_48,38.031273865238134,-84.46165579865938,33120.0,golfer,4,#007cbf,,,,,,,,
golfer_group_48,38.03139682726591,-84.46199323842663,33180.0,golfer,4,#007cbf,,,,,,,,
golfer_group_48,38.031519789293675,-84.4623306781939,33240.0,golfer,4,#007cbf,,,,,,,,
golfer_group_48,38.03164275132144,-84.46266811796116,33300.0,golfer,4,#007cbf,,,,,,,,
golfer_group_48,38.03176571334921,-84.46300555772842,33360.0,golfer,4,#007cbf,,,,,,,,
golfer_group_48,38.031888675376976,-84.46334299749569,33420.0,golfer,4,#007cbf,,,,,,,,
golfer_group_48,38.031909837946635,-84.46368872876327,33480.0,golfer,4,#007cbf,,,,,,,,
golfer_group_48,38.03182184589159,-84.46404335060477,33540.0,golfer,4,#007cbf,,,,,,,,
golfer_group_48,38.03173385383655,-84.46439797244628,33600.0,golfer,4,#007cbf,,,,,,,,
golfer_group_48,38.031645861781506,-84.46475259428779,33660.0,golfer,4,#007cbf,,,,,,,,
golfer_group_48,38.03155786972646,-84.46510721612928,33720.0,golfer,4,#007cbf,,,,,,,,
golfer_group_48,38.03146987767142,-84.46546183797079,33780.0,golfer,4,#007cbf,,,,,,,,
golfer_group_48,38.03131864912918,-84.46576966145622,33840.0,golfer,4,#007cbf,,,,,,,,
golfer_group_48,38.0311189562348,-84.46604161874937,33900.0,golfer,4,#007cbf,,,,,,,,
golfer_group_48,38.030919263340415,-84.46631357604252,33960.0,golfer,4,#007cbf,,,,,,,,
golfer_group_48,38.030718115722834,-84.46658350967269,34020.0,golfer,4,#007cbf,,,,,,,,
golfer_group_48,38.0304866033238,-84.46681120290668,34080.0,golfer,4,#007cbf,,,,,,,,
golfer_group_48,38.030255090924776,-84.46703889614066,34140.0,golfer,4,#007cbf,,,,,,,,
golfer_group_48,38.03002357852575,-84.46726658937465,34200.0,golfer,4,#007cbf,,,,,,,,
golfer_group_48,38.02979206612672,-84.46749428260863,34260.0,golfer,4,#007cbf,,,,,,,,
golfer_group_48,38.02956055372769,-84.46772197584261,34320.0,golfer,4,#007cbf,,,,,,,,
golfer_group_48,38.02932904132866,-84.4679496690766,34380.0,golfer,4,#007cbf,,,,,,,,
golfer_group_48,38.02909752892963,-84.46817736231058,34440.0,golfer,4,#007cbf,,,,,,,,
golfer_group_48,38.0288660165306,-84.46840505554457,34500.0,golfer,4,#007cbf,,,,,,,,
golfer_group_48,38.02869804015225,-84.46870681462924,34560.0,golfer,4,#007cbf,,,,,,,,
golfer_group_48,38.028539024924726,-84.46901901999702,34620.0,golfer,4,#007cbf,,,,,,,,
golfer_group_48,38.0283800096972,-84.46933122536481,34680.0,golfer,4,#007cbf,,,,,,,,
golfer_group_48,38.028129065075696,-84.46949162304078,34740.0,golfer,4,#007cbf,,,,,,,,
golfer_group_48,38.02785052807789,-84.46960645602002,34800.0,golfer,1,#007cbf,,,,,,,,
golfer_group_48,38.027571991080094,-84.46972128899925,34860.0,golfer,1,#007cbf,,,,,,,,
golfer_group_48,38.02729345408229,-84.4698361219785,34920.0,golfer,4,#007cbf,,,,,,,,
golfer_group_48,38.027014917084486,-84.46995095495774,34980.0,golfer,4,#007cbf,,,,,,,,
golfer_group_48,38.02677219339408,-84.46990690842384,35040.0,golfer,4,#007cbf,,,,,,,,
golfer_group_48,38.026583670283,-84.46962241044099,35100.0,golfer,4,#007cbf,,,,,,,,
golfer_group_48,38.02639514717193,-84.46933791245814,35160.0,golfer,4,#007cbf,,,,,,,,
golfer_group_48,38.026206624060855,-84.4690534144753,35220.0,golfer,4,#007cbf,,,,,,,,
golfer_group_48,38.02601810094978,-84.46876891649245,35280.0,golfer,4,#007cbf,,,,,,,,
golfer_group_48,38.0258295778387,-84.4684844185096,35340.0,golfer,4,#007cbf,,,,,,,,
golfer_group_48,38.02564105472762,-84.46819992052676,35400.0,golfer,4,#007cbf,,,,,,,,
golfer_group_48,38.02539873776804,-84.4680332578427,35460.0,golfer,4,#007cbf,,,,,,,,
golfer_group_48,38.02511056304286,-84.46796704648648,35520.0,golfer,4,#007cbf,,,,,,,,
golfer_group_48,38.02482238831767,-84.46790083513027,35580.0,golfer,4,#007cbf,,,,,,,,
golfer_group_48,38.02466098715723,-84.46791926274804,35640.0,golfer,4,#007cbf,,,,,,,,
golfer_group_48,38.0248672597656,-84.46818316370741,35700.0,golfer,4,#007cbf,,,,,,,,
golfer_group_48,38.025073532373966,-84.46844706466678,35760.0,golfer,4,#007cbf,,,,,,,,
golfer_group_48,38.02498232223591,-84.46858500193528,35820.0,golfer,4,#007cbf,,,,,,,,
golfer_group_48,38.024692555469876,-84.46863886398934,35880.0,golfer,4,#007cbf,,,,,,,,
golfer_group_48,38.02440278870384,-84.4686927260434,35940.0,golfer,4,#007cbf,,,,,,,,
golfer_group_48,38.0241130219378,-84.46874658809746,36000.0,golfer,4,#007cbf,,,,,,,,
golfer_group_48,38.02382325517176,-84.46880045015152,36060.0,golfer,4,#007cbf,,,,,,,,
golfer_group_48,38.023533488405725,-84.46885431220558,36120.0,golfer,4,#007cbf,,,,,,,,
golfer_group_48,38.02325287292604,-84.46895459002404,36180.0,golfer,4,#007cbf,,,,,,,,
golfer_group_48,38.023120094224296,-84.46908677293466,36240.0,golfer,4,#007cbf,,,,,,,,
golfer_group_48,38.02338797984743,-84.46923698741324,36300.0,golfer,4,#007cbf,,,,,,,,
golfer_group_48,38.02365586547056,-84.46938720189182,36360.0,golfer,4,#007cbf,,,,,,,,
golfer_group_48,38.02392375109368,-84.4695374163704,36420.0,golfer,4,#007cbf,,,,,,,,
golfer_group_48,38.024191636716814,-84.46968763084898,36480.0,golfer,4,#007cbf,,,,,,,,
golfer_group_48,38.024459522339946,-84.46983784532756,36540.0,golfer,4,#007cbf,,,,,,,,
golfer_group_48,38.02472740796308,-84.46998805980614,36600.0,golfer,4,#007cbf,,,,,,,,
golfer_group_48,38.0249952935862,-84.47013827428472,36660.0,golfer,4,#007cbf,,,,,,,,
golfer_group_48,38.02526317920933,-84.4702884887633,36720.0,golfer,4,#007cbf,,,,,,,,
golfer_group_48,38.02549053793203,-84.47051685206469,36780.0,golfer,4,#007cbf,,,,,,,,
golfer_group_48,38.02570511747455,-84.47076985771169,36840.0,golfer,4,#007cbf,,,,,,,,
golfer_group_48,38.025919697017066,-84.4710228633587,36900.0,golfer,4,#007cbf,,,,,,,,
golfer_group_48,38.02613427655959,-84.4712758690057,36960.0,golfer,4,#007cbf,,,,,,,,
golfer_group_48,38.02634885610211,-84.4715288746527,37020.0,golfer,4,#007cbf,,,,,,,,
golfer_group_48,38.026563435644626,-84.4717818802997,37080.0,golfer,4,#007cbf,,,,,,,,
golfer_group_48,38.02678243981026,-84.47202860408251,37140.0,golfer,4,#007cbf,,,,,,,,
golfer_group_48,38.02668611647238,-84.47218057293104,37200.0,golfer,4,#007cbf,,,,,,,,
golfer_group_48,38.02640386024167,-84.4722796932027,37260.0,golfer,4,#007cbf,,,,,,,,
golfer_group_48,38.02612160401096,-84.47237881347434,37320.0,golfer,4,#007cbf,,,,,,,,
golfer_group_48,38.02583934778024,-84.47247793374599,37380.0,golfer,4,#007cbf,,,,,,,,
golfer_group_48,38.02555709154953,-84.47257705401765,37440.0,golfer,4,#007cbf,,,,,,,,
golfer_group_48,38.025278899056985,-84.47258808504574,37500.0,golfer,4,#007cbf,,,,,,,,
golfer_group_48,38.02505413568005,-84.47238241246707,37560.0,golfer,4,#007cbf,,,,,,,,
golfer_group_48,38.02491621232278,-84.47205445775451,37620.0,golfer,4,#007cbf,,,,,,,,
golfer_group_48,38.02477828896551,-84.47172650304194,37680.0,golfer,4,#007cbf,,,,,,,,
golfer_group_48,38.024640365608235,-84.47139854832938,37740.0,golfer,4,#007cbf,,,,,,,,
golfer_group_48,38.02450244225096,-84.4710705936168,37800.0,golfer,4,#ffe6cc,,,,,,,,
golfer_group_48,38.02436451889369,-84.47074263890424,37860.0,golfer,4,#ffe6cc,,,,,,,,
golfer_group_48,38.02422659553642,-84.47041468419167,37920.0,golfer,4,#ffe6cc,,,,,,,,
golfer_group_48,38.02408867217915,-84.4700867294791,37980.0,golfer,4,#ffe6cc,,,,,,,,
golfer_group_48,38.023830177494666,-84.46991493651929,38040.0,golfer,4,#ffe6cc,,,,,,,,
golfer_group_48,38.02356911857893,-84.46974646470437,38100.0,golfer,4,#ffe6cc,,,,,,,,
golfer_group_48,38.0233080596632,-84.46957799288944,38160.0,golfer,4,#ffe6cc,,,,,,,,
golfer_group_48,38.02304700074746,-84.46940952107451,38220.0,golfer,4,#ffe6cc,,,,,,,,
golfer_group_48,38.0227847606833,-84.46924457405959,38280.0,golfer,4,#ffe6cc,,,,,,,,
golfer_group_48,38.02250809559787,-84.46912267439926,38340.0,golfer,4,#ffe6cc,,,,,,,,
golfer_group_48,38.022527943550884,-84.46893235209967,38400.0,golfer,4,#ffcc99,,,,,,,,
golfer_group_48,38.02275311404551,-84.46869465006165,38460.0,golfer,4,#ffcc99,,,,,,,,
golfer_group_48,38.02297828454014,-84.46845694802364,38520.0,golfer,4,#ffcc99,,,,,,,,
golfer_group_48,38.02320345503476,-84.46821924598564,38580.0,golfer,4,#ffcc99,,,,,,,,
golfer_group_48,38.023428625529384,-84.46798154394763,38640.0,golfer,4,#00b894,,,,,,,,
golfer_group_48,38.02365379602401,-84.46774384190961,38700.0,golfer,4,#00b894,,,,,,,,
golfer_group_48,38.02387896651864,-84.4675061398716,38760.0,golfer,4,#00b894,,,,,,,,
golfer_group_48,38.02410413701326,-84.4672684378336,38820.0,golfer,4,#00b894,,,,,,,,
golfer_group_48,38.024329307507884,-84.46703073579559,38880.0,golfer,4,#00b894,,,,,,,,
golfer_group_48,38.024516630016976,-84.46674714202182,38940.0,golfer,4,#00b894,,,,,,,,
golfer_group_48,38.02469334505099,-84.4664506863893,39000.0,golfer,4,#00b894,,,,,,,,
golfer_group_48,38.02487006008501,-84.46615423075679,39060.0,golfer,4,#00b894,,,,,,,,
golfer_group_48,38.02504677511902,-84.46585777512426,39120.0,golfer,4,#00b894,,,,,,,,
golfer_group_48,38.02525798622544,-84.46562593134438,39180.0,golfer,4,#00b894,,,,,,,,
golfer_group_48,38.025540368765746,-84.46552739312297,39240.0,golfer,4,#00b894,,,,,,,,
golfer_group_48,38.02582275130605,-84.46542885490156,39300.0,golfer,4,#00b894,,,,,,,,
golfer_group_48,38.02610513384636,-84.46533031668015,39360.0,golfer,4,#00b894,,,,,,,,
golfer_group_48,38.02637936666449,-84.46537020680762,39420.0,golfer,4,#00b894,,,,,,,,
golfer_group_48,38.02664707383,-84.4655209394031,39480.0,golfer,4,#00b894,,,,,,,,
golfer_group_48,38.026914780995504,-84.46567167199859,39540.0,golfer,4,#00b894,,,,,,,,
golfer_group_48,38.02718248816101,-84.46582240459409,39600.0,golfer,4,#00b894,,,,,,,,
golfer_group_48,38.027450195326516,-84.46597313718958,39660.0,golfer,4,#00b894,,,,,,,,
golfer_group_48,38.02771790249202,-84.46612386978506,39720.0,golfer,4,#00b894,,,,,,,,
golfer_group_48,38.027985609657534,-84.46627460238055,39780.0,golfer,4,#00b894,,,,,,,,
golfer_group_48,38.02825331682304,-84.46642533497604,39840.0,golfer,4,#00b894,,,,,,,,
golfer_group_48,38.02854411583699,-84.46643446747252,39900.0,golfer,4,#00b894,,,,,,,,
golfer_group_48,38.02883696025459,-84.46643105747557,39960.0,golfer,4,#00b894,,,,,,,,
golfer_group_48,38.02912980467218,-84.46642764747862,40020.0,golfer,4,#00b894,,,,,,,,
golfer_group_48,38.029422649089774,-84.46642423748168,40080.0,golfer,4,#00b894,,,,,,,,
golfer_group_48,38.029714660100595,-84.46640554510962,40140.0,golfer,4,#00b894,,,,,,,,
golfer_group_48,38.03000508074206,-84.46635768976212,40200.0,golfer,4,#00b894,,,,,,,,
golfer_group_48,38.03029550138352,-84.46630983441462,40260.0,golfer,4,#00b894,,,,,,,,
golfer_group_48,38.03034421537664,-84.46623396436489,40320.0,golfer,4,#00b894,,,,,,,,
golfer_group_48,38.0300654222068,-84.4661201350132,40380.0,golfer,4,#00b894,,,,,,,,
golfer_group_48,38.02978662903697,-84.46600630566151,40440.0,golfer,4,#00b894,,,,,,,,
golfer_group_48,38.02950783586713,-84.46589247630982,40500.0,golfer,4,#00b894,,,,,,,,
golfer_group_48,38.029229042697295,-84.46577864695813,40560.0,golfer,4,#00b894,,,,,,,,
golfer_group_48,38.02895024952746,-84.46566481760644,40620.0,golfer,4,#00b894,,,,,,,,
golfer_group_48,38.02867145635763,-84.46555098825475,40680.0,golfer,4,#00b894,,,,,,,,
golfer_group_48,38.02839266318779,-84.46543715890306,40740.0,golfer,4,#00b894,,,,,,,,
golfer_group_48,38.02811294382565,-84.46532834232956,40800.0,golfer,4,#00b894,,,,,,,,
golfer_group_48,38.02782336017175,-84.46527291370359,40860.0,golfer,4,#00b894,,,,,,,,
golfer_group_48,38.02753377651786,-84.46521748507763,40920.0,golfer,4,#00b894,,,,,,,,
golfer_group_48,38.027244192863975,-84.46516205645167,40980.0,golfer,4,#00b894,,,,,,,,
golfer_group_48,38.02695460921009,-84.46510662782572,41040.0,golfer,4,#00b894,,,,,,,,
golfer_group_48,38.02666502555619,-84.46505119919976,41100.0,golfer,4,#00b894,,,,,,,,
golfer_group_48,38.02637326063661,-84.4650346343973,41160.0,golfer,4,#00b894,,,,,,,,
golfer_group_48,38.02608041188864,-84.46503738027086,41220.0,golfer,4,#00b894,,,,,,,,
golfer_group_48,38.025787563140675,-84.46504012614442,41280.0,golfer,2,#00b894,,,,,,,,
golfer_group_48,38.025494714392714,-84.46504287201797,41340.0,golfer,4,#00b894,,,,,,,,
golfer_group_48,38.02556401049359,-84.4653626218534,41400.0,golfer,4,#00b894,,,,,,,,
golfer_group_48,38.025666096931715,-84.46571107475296,41460.0,golfer,4,#00b894,,,,,,,,
golfer_group_48,38.02576818336984,-84.46605952765252,41520.0,golfer,4,#00b894,,,,,,,,
golfer_group_48,38.02587026980797,-84.46640798055208,41580.0,golfer,4,#00b894,,,,,,,,
golfer_group_48,38.02597235624609,-84.46675643345164,41640.0,golfer,4,#00b894,,,,,,,,
golfer_group_48,38.02607444268422,-84.46710488635118,41700.0,golfer,4,#00b894,,,,,,,,
golfer_group_48,38.026176529122345,-84.46745333925074,41760.0,golfer,4,#00b894,,,,,,,,
golfer_group_48,38.02627861556047,-84.4678017921503,41820.0,golfer,4,#00b894,,,,,,,,
golfer_group_48,38.026391551516966,-84.46814347235242,41880.0,golfer,4,#00b894,,,,,,,,
golfer_group_48,38.0265466275618,-84.46845884704874,41940.0,golfer,4,#00b894,,,,,,,,
golfer_group_48,38.02670170360664,-84.46877422174504,42000.0,golfer,4,#00b894,,,,,,,,
golfer_group_48,38.02685677965148,-84.46908959644135,42060.0,golfer,4,#00b894,,,,,,,,
golfer_group_48,38.027011855696315,-84.46940497113766,42120.0,golfer,4,#00b894,,,,,,,,
golfer_group_48,38.027202562026105,-84.46967624119414,42180.0,golfer,4,#00b894,,,,,,,,
golfer_group_48,38.027447,-84.469881,42240.0,golfer,1,#00b894,,,,,,,,
golfer_group_49,38.027447,-84.469881,28440.0,golfer,1,#007cbf,,,,,,,,
golfer_group_49,38.02754627606764,-84.46962578282717,28500.0,golfer,1,#007cbf,,,,,,,,
golfer_group_49,38.02744283462056,-84.4692779685763,28560.0,golfer,1,#007cbf,,,,,,,,
golfer_group_49,38.02733939317348,-84.46893015432545,28620.0,golfer,1,#007cbf,,,,,,,,
golfer_group_49,38.0272359517264,-84.46858234007459,28680.0,golfer,1,#007cbf,,,,,,,,
golfer_group_49,38.027132510279316,-84.46823452582373,28740.0,golfer,1,#007cbf,,,,,,,,
golfer_group_49,38.027029068832235,-84.46788671157287,28800.0,golfer,1,#007cbf,,,,,,,,
golfer_group_49,38.026925627385154,-84.46753889732202,28860.0,golfer,1,#007cbf,,,,,,,,
golfer_group_49,38.02682218593807,-84.46719108307117,28920.0,golfer,1,#007cbf,,,,,,,,
golfer_group_49,38.026707885382585,-84.46684997010087,28980.0,golfer,1,#007cbf,,,,,,,,
golfer_group_49,38.0265563489919,-84.46653183579225,29040.0,golfer,1,#007cbf,,,,,,,,
golfer_group_49,38.02640481260122,-84.46621370148365,29100.0,golfer,1,#007cbf,,,,,,,,
golfer_group_49,38.02625327621054,-84.46589556717504,29160.0,golfer,1,#007cbf,,,,,,,,
golfer_group_49,38.026097865476636,-84.4655806681031,29220.0,golfer,1,#007cbf,,,,,,,,
golfer_group_49,38.02592778516153,-84.46527801873756,29280.0,golfer,4,#007cbf,,,,,,,,
golfer_group_49,38.02575770484643,-84.46497536937204,29340.0,golfer,2,#007cbf,,,,,,,,
golfer_group_49,38.02580429978306,-84.46478189846547,29400.0,golfer,2,#007cbf,,,,,,,,
golfer_group_49,38.02609158193444,-84.46470970518055,29460.0,golfer,2,#007cbf,,,,,,,,
golfer_group_49,38.02637886408582,-84.46463751189565,29520.0,golfer,2,#007cbf,,,,,,,,
golfer_group_49,38.0266661462372,-84.46456531861072,29580.0,golfer,2,#007cbf,,,,,,,,
golfer_group_49,38.02695342838857,-84.4644931253258,29640.0,golfer,2,#007cbf,,,,,,,,
golfer_group_49,38.02723262500985,-84.46440936561527,29700.0,golfer,2,#007cbf,,,,,,,,
golfer_group_49,38.02732323296244,-84.46405582806928,29760.0,golfer,2,#007cbf,,,,,,,,
golfer_group_49,38.027413840915024,-84.46370229052329,29820.0,golfer,3,#007cbf,,,,,,,,
golfer_group_49,38.02755613921936,-84.46339199540722,29880.0,golfer,3,#007cbf,,,,,,,,
golfer_group_49,38.02777631020529,-84.46314684598785,29940.0,golfer,3,#007cbf,,,,,,,,
golfer_group_49,38.027996481191224,-84.4629016965685,30000.0,golfer,3,#007cbf,,,,,,,,
golfer_group_49,38.028216652177164,-84.46265654714912,30060.0,golfer,3,#007cbf,,,,,,,,
golfer_group_49,38.0284368231631,-84.46241139772975,30120.0,golfer,3,#007cbf,,,,,,,,
golfer_group_49,38.02865699414903,-84.4621662483104,30180.0,golfer,3,#007cbf,,,,,,,,
golfer_group_49,38.02887716513497,-84.46192109889103,30240.0,golfer,3,#007cbf,,,,,,,,
golfer_group_49,38.029097336120905,-84.46167594947165,30300.0,golfer,3,#007cbf,,,,,,,,
golfer_group_49,38.02932048603734,-84.46143527844885,30360.0,golfer,3,#007cbf,,,,,,,,
golfer_group_49,38.02954781666501,-84.4612008925283,30420.0,golfer,3,#007cbf,,,,,,,,
golfer_group_49,38.029775147292675,-84.46096650660775,30480.0,golfer,3,#007cbf,,,,,,,,
golfer_group_49,38.03000247792034,-84.46073212068718,30540.0,golfer,3,#007cbf,,,,,,,,
golfer_group_49,38.03022980854801,-84.46049773476663,30600.0,golfer,3,#007cbf,,,,,,,,
golfer_group_49,38.03028198771919,-84.46029007968264,30660.0,golfer,3,#007cbf,,,,,,,,
golfer_group_49,38.030017377451664,-84.46013077159431,30720.0,golfer,4,#007cbf,,,,,,,,
golfer_group_49,38.02974997117584,-84.46003134117494,30780.0,golfer,4,#007cbf,,,,,,,,
golfer_group_49,38.029472388508275,-84.46014984237516,30840.0,golfer,4,#007cbf,,,,,,,,
golfer_group_49,38.02919480584071,-84.46026834357538,30900.0,golfer,4,#007cbf,,,,,,,,
golfer_group_49,38.02891722317315,-84.46038684477558,30960.0,golfer,4,#007cbf,,,,,,,,
golfer_group_49,38.02863964050559,-84.4605053459758,31020.0,golfer,4,#007cbf,,,,,,,,
golfer_group_49,38.02846819932939,-84.46074999771898,31080.0,golfer,4,#007cbf,,,,,,,,
golfer_group_49,38.028356651102726,-84.46108459413088,31140.0,golfer,4,#007cbf,,,,,,,,
golfer_group_49,38.028163251425084,-84.46136377382878,31200.0,golfer,4,#007cbf,,,,,,,,
golfer_group_49,38.02796985174745,-84.46164295352668,31260.0,golfer,4,#007cbf,,,,,,,,
golfer_group_49,38.02777645206981,-84.46192213322458,31320.0,golfer,4,#007cbf,,,,,,,,
golfer_group_49,38.027583052392174,-84.46220131292247,31380.0,golfer,4,#007cbf,,,,,,,,
golfer_group_49,38.02739313138997,-84.4624841808364,31440.0,golfer,4,#007cbf,,,,,,,,
golfer_group_49,38.02721114487077,-84.46277546117278,31500.0,golfer,4,#007cbf,,,,,,,,
golfer_group_49,38.02702915835156,-84.46306674150915,31560.0,golfer,4,#007cbf,,,,,,,,
golfer_group_49,38.02684717183235,-84.46335802184554,31620.0,golfer,4,#007cbf,,,,,,,,
golfer_group_49,38.027030664719845,-84.46345337202217,31680.0,golfer,4,#007cbf,,,,,,,,
golfer_group_49,38.02732202605173,-84.46349089491457,31740.0,golfer,3,#007cbf,,,,,,,,
golfer_group_49,38.02761338738361,-84.46352841780696,31800.0,golfer,3,#007cbf,,,,,,,,
golfer_group_49,38.02787761975422,-84.46365295047241,31860.0,golfer,4,#007cbf,,,,,,,,
golfer_group_49,38.02811027773896,-84.46387875056652,31920.0,golfer,4,#007cbf,,,,,,,,
golfer_group_49,38.02834293572369,-84.46410455066062,31980.0,golfer,4,#007cbf,,,,,,,,
golfer_group_49,38.028575593708425,-84.46433035075472,32040.0,golfer,4,#007cbf,,,,,,,,
golfer_group_49,38.028808251693164,-84.46455615084882,32100.0,golfer,4,#007cbf,,,,,,,,
golfer_group_49,38.029040909677896,-84.46478195094294,32160.0,golfer,4,#007cbf,,,,,,,,
golfer_group_49,38.02927356766263,-84.46500775103704,32220.0,golfer,4,#007cbf,,,,,,,,
golfer_group_49,38.02950622564737,-84.46523355113113,32280.0,golfer,4,#007cbf,,,,,,,,
golfer_group_49,38.02975350361947,-84.4654282954189,32340.0,golfer,4,#007cbf,,,,,,,,
golfer_group_49,38.030020352724144,-84.46558146666777,32400.0,golfer,4,#007cbf,,,,,,,,
golfer_group_49,38.03028720182882,-84.46573463791665,32460.0,golfer,4,#007cbf,,,,,,,,
golfer_group_49,38.030554050933496,-84.46588780916554,32520.0,golfer,4,#007cbf,,,,,,,,
golfer_group_49,38.0308144451061,-84.46601508231271,32580.0,golfer,4,#007cbf,,,,,,,,
golfer_group_49,38.03096331555731,-84.46569490649415,32640.0,golfer,4,#007cbf,,,,,,,,
golfer_group_49,38.03100160851583,-84.46532942233877,32700.0,golfer,4,#007cbf,,,,,,,,
golfer_group_49,38.03102825601745,-84.4649591665407,32760.0,golfer,4,#007cbf,,,,,,,,
golfer_group_49,38.03105490351906,-84.46458891074262,32820.0,golfer,4,#007cbf,,,,,,,,
golfer_group_49,38.031081551020684,-84.46421865494455,32880.0,golfer,4,#007cbf,,,,,,,,
golfer_group_49,38.031108198522304,-84.46384839914647,32940.0,golfer,4,#007cbf,,,,,,,,
golfer_group_49,38.03113484602392,-84.4634781433484,33000.0,golfer,4,#007cbf,,,,,,,,
golfer_group_49,38.03116149352554,-84.46310788755032,33060.0,golfer,4,#007cbf,,,,,,,,
golfer_group_49,38.031127268705696,-84.46274982308951,33120.0,golfer,4,#007cbf,,,,,,,,
golfer_group_49,38.031012137391194,-84.4624079623538,33180.0,golfer,4,#007cbf,,,,,,,,
golfer_group_49,38.03089700607669,-84.46206610161808,33240.0,golfer,4,#007cbf,,,,,,,,
golfer_group_49,38.0307818747622,-84.46172424088235,33300.0,golfer,4,#007cbf,,,,,,,,
golfer_group_49,38.030666743447696,-84.46138238014663,33360.0,golfer,4,#007cbf,,,,,,,,
golfer_group_49,38.030551612133195,-84.46104051941091,33420.0,golfer,4,#007cbf,,,,,,,,
golfer_group_49,38.03081531898336,-84.46091137688049,33480.0,golfer,4,#007cbf,,,,,,,,
golfer_group_49,38.0310279411826,-84.46098091912485,33540.0,golfer,4,#007cbf,,,,,,,,
golfer_group_49,38.03115090321037,-84.46131835889211,33600.0,golfer,4,#007cbf,,,,,,,,
golfer_group_49,38.031273865238134,-84.46165579865938,33660.0,golfer,4,#007cbf,,,,,,,,
golfer_group_49,38.03139682726591,-84.46199323842663,33720.0,golfer,4,#007cbf,,,,,,,,
golfer_group_49,38.031519789293675,-84.4623306781939,33780.0,golfer,4,#007cbf,,,,,,,,
golfer_group_49,38.03164275132144,-84.46266811796116,33840.0,golfer,4,#007cbf,,,,,,,,
golfer_group_49,38.03176571334921,-84.46300555772842,33900.0,golfer,4,#007cbf,,,,,,,,
golfer_group_49,38.031888675376976,-84.46334299749569,33960.0,golfer,4,#007cbf,,,,,,,,
golfer_group_49,38.031909837946635,-84.46368872876327,34020.0,golfer,4,#007cbf,,,,,,,,
golfer_group_49,38.03182184589159,-84.46404335060477,34080.0,golfer,4,#007cbf,,,,,,,,
golfer_group_49,38.03173385383655,-84.46439797244628,34140.0,golfer,4,#007cbf,,,,,,,,
golfer_group_49,38.031645861781506,-84.46475259428779,34200.0,golfer,4,#007cbf,,,,,,,,
golfer_group_49,38.03155786972646,-84.46510721612928,34260.0,golfer,4,#007cbf,,,,,,,,
golfer_group_49,38.03146987767142,-84.46546183797079,34320.0,golfer,4,#007cbf,,,,,,,,
golfer_group_49,38.03131864912918,-84.46576966145622,34380.0,golfer,4,#007cbf,,,,,,,,
golfer_group_49,38.0311189562348,-84.46604161874937,34440.0,golfer,4,#007cbf,,,,,,,,
golfer_group_49,38.030919263340415,-84.46631357604252,34500.0,golfer,4,#007cbf,,,,,,,,
golfer_group_49,38.030718115722834,-84.46658350967269,34560.0,golfer,4,#007cbf,,,,,,,,
golfer_group_49,38.0304866033238,-84.46681120290668,34620.0,golfer,4,#007cbf,,,,,,,,
golfer_group_49,38.030255090924776,-84.46703889614066,34680.0,golfer,4,#007cbf,,,,,,,,
golfer_group_49,38.03002357852575,-84.46726658937465,34740.0,golfer,4,#007cbf,,,,,,,,
golfer_group_49,38.02979206612672,-84.46749428260863,34800.0,golfer,4,#007cbf,,,,,,,,
golfer_group_49,38.02956055372769,-84.46772197584261,34860.0,golfer,4,#007cbf,,,,,,,,
golfer_group_49,38.02932904132866,-84.4679496690766,34920.0,golfer,4,#007cbf,,,,,,,,
golfer_group_49,38.02909752892963,-84.46817736231058,34980.0,golfer,4,#007cbf,,,,,,,,
golfer_group_49,38.0288660165306,-84.46840505554457,35040.0,golfer,4,#007cbf,,,,,,,,
golfer_group_49,38.02869804015225,-84.46870681462924,35100.0,golfer,4,#007cbf,,,,,,,,
golfer_group_49,38.028539024924726,-84.46901901999702,35160.0,golfer,4,#007cbf,,,,,,,,
golfer_group_49,38.0283800096972,-84.46933122536481,35220.0,golfer,4,#007cbf,,,,,,,,
golfer_group_49,38.028129065075696,-84.46949162304078,35280.0,golfer,4,#007cbf,,,,,,,,
golfer_group_49,38.02785052807789,-84.46960645602002,35340.0,golfer,1,#007cbf,,,,,,,,
golfer_group_49,38.027571991080094,-84.46972128899925,35400.0,golfer,1,#007cbf,,,,,,,,
golfer_group_49,38.02729345408229,-84.4698361219785,35460.0,golfer,4,#007cbf,,,,,,,,
golfer_group_49,38.027014917084486,-84.46995095495774,35520.0,golfer,4,#007cbf,,,,,,,,
golfer_group_49,38.02677219339408,-84.46990690842384,35580.0,golfer,4,#007cbf,,,,,,,,
golfer_group_49,38.026583670283,-84.46962241044099,35640.0,golfer,4,#007cbf,,,,,,,,
golfer_group_49,38.02639514717193,-84.46933791245814,35700.0,golfer,4,#007cbf,,,,,,,,
golfer_group_49,38.026206624060855,-84.4690534144753,35760.0,golfer,4,#007cbf,,,,,,,,
golfer_group_49,38.02601810094978,-84.46876891649245,35820.0,golfer,4,#007cbf,,,,,,,,
golfer_group_49,38.0258295778387,-84.4684844185096,35880.0,golfer,4,#007cbf,,,,,,,,
golfer_group_49,38.02564105472762,-84.46819992052676,35940.0,golfer,4,#007cbf,,,,,,,,
golfer_group_49,38.02539873776804,-84.4680332578427,36000.0,golfer,4,#007cbf,,,,,,,,
golfer_group_49,38.02511056304286,-84.46796704648648,36060.0,golfer,4,#007cbf,,,,,,,,
golfer_group_49,38.02482238831767,-84.46790083513027,36120.0,golfer,4,#007cbf,,,,,,,,
golfer_group_49,38.02466098715723,-84.46791926274804,36180.0,golfer,4,#007cbf,,,,,,,,
golfer_group_49,38.0248672597656,-84.46818316370741,36240.0,golfer,4,#007cbf,,,,,,,,
golfer_group_49,38.025073532373966,-84.46844706466678,36300.0,golfer,4,#007cbf,,,,,,,,
golfer_group_49,38.02498232223591,-84.46858500193528,36360.0,golfer,4,#007cbf,,,,,,,,
golfer_group_49,38.024692555469876,-84.46863886398934,36420.0,golfer,4,#007cbf,,,,,,,,
golfer_group_49,38.02440278870384,-84.4686927260434,36480.0,golfer,4,#007cbf,,,,,,,,
golfer_group_49,38.0241130219378,-84.46874658809746,36540.0,golfer,4,#007cbf,,,,,,,,
golfer_group_49,38.02382325517176,-84.46880045015152,36600.0,golfer,4,#007cbf,,,,,,,,
golfer_group_49,38.023533488405725,-84.46885431220558,36660.0,golfer,4,#007cbf,,,,,,,,
golfer_group_49,38.02325287292604,-84.46895459002404,36720.0,golfer,4,#007cbf,,,,,,,,
golfer_group_49,38.023120094224296,-84.46908677293466,36780.0,golfer,4,#007cbf,,,,,,,,
golfer_group_49,38.02338797984743,-84.46923698741324,36840.0,golfer,4,#007cbf,,,,,,,,
golfer_group_49,38.02365586547056,-84.46938720189182,36900.0,golfer,4,#007cbf,,,,,,,,
golfer_group_49,38.02392375109368,-84.4695374163704,36960.0,golfer,4,#007cbf,,,,,,,,
golfer_group_49,38.024191636716814,-84.46968763084898,37020.0,golfer,4,#007cbf,,,,,,,,
golfer_group_49,38.024459522339946,-84.46983784532756,37080.0,golfer,4,#007cbf,,,,,,,,
golfer_group_49,38.02472740796308,-84.46998805980614,37140.0,golfer,4,#007cbf,,,,,,,,
golfer_group_49,38.0249952935862,-84.47013827428472,37200.0,golfer,4,#007cbf,,,,,,,,
golfer_group_49,38.02526317920933,-84.4702884887633,37260.0,golfer,4,#007cbf,,,,,,,,
golfer_group_49,38.02549053793203,-84.47051685206469,37320.0,golfer,4,#007cbf,,,,,,,,
golfer_group_49,38.02570511747455,-84.47076985771169,37380.0,golfer,4,#007cbf,,,,,,,,
golfer_group_49,38.025919697017066,-84.4710228633587,37440.0,golfer,4,#007cbf,,,,,,,,
golfer_group_49,38.02613427655959,-84.4712758690057,37500.0,golfer,4,#007cbf,,,,,,,,
golfer_group_49,38.02634885610211,-84.4715288746527,37560.0,golfer,4,#007cbf,,,,,,,,
golfer_group_49,38.026563435644626,-84.4717818802997,37620.0,golfer,4,#007cbf,,,,,,,,
golfer_group_49,38.02678243981026,-84.47202860408251,37680.0,golfer,4,#007cbf,,,,,,,,
golfer_group_49,38.02668611647238,-84.47218057293104,37740.0,golfer,4,#007cbf,,,,,,,,
golfer_group_49,38.02640386024167,-84.4722796932027,37800.0,golfer,4,#007cbf,,,,,,,,
golfer_group_49,38.02612160401096,-84.47237881347434,37860.0,golfer,4,#007cbf,,,,,,,,
golfer_group_49,38.02583934778024,-84.47247793374599,37920.0,golfer,4,#007cbf,,,,,,,,
golfer_group_49,38.02555709154953,-84.47257705401765,37980.0,golfer,4,#007cbf,,,,,,,,
golfer_group_49,38.025278899056985,-84.47258808504574,38040.0,golfer,4,#007cbf,,,,,,,,
golfer_group_49,38.02505413568005,-84.47238241246707,38100.0,golfer,4,#007cbf,,,,,,,,
golfer_group_49,38.02491621232278,-84.47205445775451,38160.0,golfer,4,#007cbf,,,,,,,,
golfer_group_49,38.02477828896551,-84.47172650304194,38220.0,golfer,4,#007cbf,,,,,,,,
golfer_group_49,38.024640365608235,-84.47139854832938,38280.0,golfer,4,#007cbf,,,,,,,,
golfer_group_49,38.02450244225096,-84.4710705936168,38340.0,golfer,4,#007cbf,,,,,,,,
golfer_group_49,38.02436451889369,-84.47074263890424,38400.0,golfer,4,#007cbf,,,,,,,,
golfer_group_49,38.02422659553642,-84.47041468419167,38460.0,golfer,4,#007cbf,,,,,,,,
golfer_group_49,38.02408867217915,-84.4700867294791,38520.0,golfer,4,#007cbf,,,,,,,,
golfer_group_49,38.023830177494666,-84.46991493651929,38580.0,golfer,4,#007cbf,,,,,,,,
golfer_group_49,38.02356911857893,-84.46974646470437,38640.0,golfer,4,#007cbf,,,,,,,,
golfer_group_49,38.0233080596632,-84.46957799288944,38700.0,golfer,4,#007cbf,,,,,,,,
golfer_group_49,38.02304700074746,-84.46940952107451,38760.0,golfer,4,#007cbf,,,,,,,,
golfer_group_49,38.0227847606833,-84.46924457405959,38820.0,golfer,4,#007cbf,,,,,,,,
golfer_group_49,38.02250809559787,-84.46912267439926,38880.0,golfer,4,#007cbf,,,,,,,,
golfer_group_49,38.022527943550884,-84.46893235209967,38940.0,golfer,4,#007cbf,,,,,,,,
golfer_group_49,38.02275311404551,-84.46869465006165,39000.0,golfer,4,#007cbf,,,,,,,,
golfer_group_49,38.02297828454014,-84.46845694802364,39060.0,golfer,4,#007cbf,,,,,,,,
golfer_group_49,38.02320345503476,-84.46821924598564,39120.0,golfer,4,#007cbf,,,,,,,,
golfer_group_49,38.023428625529384,-84.46798154394763,39180.0,golfer,4,#007cbf,,,,,,,,
golfer_group_49,38.02365379602401,-84.46774384190961,39240.0,golfer,4,#007cbf,,,,,,,,
golfer_group_49,38.02387896651864,-84.4675061398716,39300.0,golfer,4,#007cbf,,,,,,,,
golfer_group_49,38.02410413701326,-84.4672684378336,39360.0,golfer,4,#007cbf,,,,,,,,
golfer_group_49,38.024329307507884,-84.46703073579559,39420.0,golfer,4,#007cbf,,,,,,,,
golfer_group_49,38.024516630016976,-84.46674714202182,39480.0,golfer,4,#007cbf,,,,,,,,
golfer_group_49,38.02469334505099,-84.4664506863893,39540.0,golfer,4,#007cbf,,,,,,,,
golfer_group_49,38.02487006008501,-84.46615423075679,39600.0,golfer,4,#007cbf,,,,,,,,
golfer_group_49,38.02504677511902,-84.46585777512426,39660.0,golfer,4,#007cbf,,,,,,,,
golfer_group_49,38.02525798622544,-84.46562593134438,39720.0,golfer,4,#007cbf,,,,,,,,
golfer_group_49,38.025540368765746,-84.46552739312297,39780.0,golfer,4,#007cbf,,,,,,,,
golfer_group_49,38.02582275130605,-84.46542885490156,39840.0,golfer,4,#007cbf,,,,,,,,
golfer_group_49,38.02610513384636,-84.46533031668015,39900.0,golfer,4,#007cbf,,,,,,,,
golfer_group_49,38.02637936666449,-84.46537020680762,39960.0,golfer,4,#007cbf,,,,,,,,
golfer_group_49,38.02664707383,-84.4655209394031,40020.0,golfer,4,#007cbf,,,,,,,,
golfer_group_49,38.026914780995504,-84.46567167199859,40080.0,golfer,4,#007cbf,,,,,,,,
golfer_group_49,38.02718248816101,-84.46582240459409,40140.0,golfer,4,#007cbf,,,,,,,,
golfer_group_49,38.027450195326516,-84.46597313718958,40200.0,golfer,4,#007cbf,,,,,,,,
golfer_group_49,38.02771790249202,-84.46612386978506,40260.0,golfer,4,#007cbf,,,,,,,,
golfer_group_49,38.027985609657534,-84.46627460238055,40320.0,golfer,4,#007cbf,,,,,,,,
golfer_group_49,38.02825331682304,-84.46642533497604,40380.0,golfer,4,#007cbf,,,,,,,,
golfer_group_49,38.02854411583699,-84.46643446747252,40440.0,golfer,4,#007cbf,,,,,,,,
golfer_group_49,38.02883696025459,-84.46643105747557,40500.0,golfer,4,#007cbf,,,,,,,,
golfer_group_49,38.02912980467218,-84.46642764747862,40560.0,golfer,4,#007cbf,,,,,,,,
golfer_group_49,38.029422649089774,-84.46642423748168,40620.0,golfer,4,#007cbf,,,,,,,,
golfer_group_49,38.029714660100595,-84.46640554510962,40680.0,golfer,4,#007cbf,,,,,,,,
golfer_group_49,38.03000508074206,-84.46635768976212,40740.0,golfer,4,#007cbf,,,,,,,,
golfer_group_49,38.03029550138352,-84.46630983441462,40800.0,golfer,4,#007cbf,,,,,,,,
golfer_group_49,38.03034421537664,-84.46623396436489,40860.0,golfer,4,#007cbf,,,,,,,,
golfer_group_49,38.0300654222068,-84.4661201350132,40920.0,golfer,4,#007cbf,,,,,,,,
golfer_group_49,38.02978662903697,-84.46600630566151,40980.0,golfer,4,#007cbf,,,,,,,,
golfer_group_49,38.02950783586713,-84.46589247630982,41040.0,golfer,4,#007cbf,,,,,,,,
golfer_group_49,38.029229042697295,-84.46577864695813,41100.0,golfer,4,#007cbf,,,,,,,,
golfer_group_49,38.02895024952746,-84.46566481760644,41160.0,golfer,4,#007cbf,,,,,,,,
golfer_group_49,38.02867145635763,-84.46555098825475,41220.0,golfer,4,#007cbf,,,,,,,,
golfer_group_49,38.02839266318779,-84.46543715890306,41280.0,golfer,4,#007cbf,,,,,,,,
golfer_group_49,38.02811294382565,-84.46532834232956,41340.0,golfer,4,#007cbf,,,,,,,,
golfer_group_49,38.02782336017175,-84.46527291370359,41400.0,golfer,4,#007cbf,,,,,,,,
golfer_group_49,38.02753377651786,-84.46521748507763,41460.0,golfer,4,#007cbf,,,,,,,,
golfer_group_49,38.027244192863975,-84.46516205645167,41520.0,golfer,4,#007cbf,,,,,,,,
golfer_group_49,38.02695460921009,-84.46510662782572,41580.0,golfer,4,#007cbf,,,,,,,,
golfer_group_49,38.02666502555619,-84.46505119919976,41640.0,golfer,4,#007cbf,,,,,,,,
golfer_group_49,38.02637326063661,-84.4650346343973,41700.0,golfer,4,#007cbf,,,,,,,,
golfer_group_49,38.02608041188864,-84.46503738027086,41760.0,golfer,4,#007cbf,,,,,,,,
golfer_group_49,38.025787563140675,-84.46504012614442,41820.0,golfer,2,#007cbf,,,,,,,,
golfer_group_49,38.025494714392714,-84.46504287201797,41880.0,golfer,4,#007cbf,,,,,,,,
golfer_group_49,38.02556401049359,-84.4653626218534,41940.0,golfer,4,#007cbf,,,,,,,,
golfer_group_49,38.025666096931715,-84.46571107475296,42000.0,golfer,4,#007cbf,,,,,,,,
golfer_group_49,38.02576818336984,-84.46605952765252,42060.0,golfer,4,#007cbf,,,,,,,,
golfer_group_49,38.02587026980797,-84.46640798055208,42120.0,golfer,4,#007cbf,,,,,,,,
golfer_group_49,38.02597235624609,-84.46675643345164,42180.0,golfer,4,#007cbf,,,,,,,,
golfer_group_49,38.02607444268422,-84.46710488635118,42240.0,golfer,4,#007cbf,,,,,,,,
golfer_group_49,38.026176529122345,-84.46745333925074,42300.0,golfer,4,#007cbf,,,,,,,,
golfer_group_49,38.02627861556047,-84.4678017921503,42360.0,golfer,4,#007cbf,,,,,,,,
golfer_group_49,38.026391551516966,-84.46814347235242,42420.0,golfer,4,#007cbf,,,,,,,,
golfer_group_49,38.0265466275618,-84.46845884704874,42480.0,golfer,4,#007cbf,,,,,,,,
golfer_group_49,38.02670170360664,-84.46877422174504,42540.0,golfer,4,#007cbf,,,,,,,,
golfer_group_49,38.02685677965148,-84.46908959644135,42600.0,golfer,4,#007cbf,,,,,,,,
golfer_group_49,38.027011855696315,-84.46940497113766,42660.0,golfer,4,#007cbf,,,,,,,,
golfer_group_49,38.027202562026105,-84.46967624119414,42720.0,golfer,4,#007cbf,,,,,,,,
golfer_group_49,38.027447,-84.469881,42780.0,golfer,1,#007cbf,,,,,,,,
golfer_group_5,38.027447,-84.469881,4620.0,golfer,1,#007cbf,,,,,,,,
golfer_group_5,38.02754627606764,-84.46962578282717,4680.0,golfer,1,#007cbf,,,,,,,,
golfer_group_5,38.02744283462056,-84.4692779685763,4740.0,golfer,1,#007cbf,,,,,,,,
golfer_group_5,38.02733939317348,-84.46893015432545,4800.0,golfer,1,#007cbf,,,,,,,,
golfer_group_5,38.0272359517264,-84.46858234007459,4860.0,golfer,1,#007cbf,,,,,,,,
golfer_group_5,38.027132510279316,-84.46823452582373,4920.0,golfer,1,#007cbf,,,,,,,,
golfer_group_5,38.027029068832235,-84.46788671157287,4980.0,golfer,1,#007cbf,,,,,,,,
golfer_group_5,38.026925627385154,-84.46753889732202,5040.0,golfer,1,#007cbf,,,,,,,,
golfer_group_5,38.02682218593807,-84.46719108307117,5100.0,golfer,1,#007cbf,,,,,,,,
golfer_group_5,38.026707885382585,-84.46684997010087,5160.0,golfer,1,#007cbf,,,,,,,,
golfer_group_5,38.0265563489919,-84.46653183579225,5220.0,golfer,1,#007cbf,,,,,,,,
golfer_group_5,38.02640481260122,-84.46621370148365,5280.0,golfer,1,#007cbf,,,,,,,,
golfer_group_5,38.02625327621054,-84.46589556717504,5340.0,golfer,1,#007cbf,,,,,,,,
golfer_group_5,38.026097865476636,-84.4655806681031,5400.0,golfer,1,#007cbf,,,,,,,,
golfer_group_5,38.02592778516153,-84.46527801873756,5460.0,golfer,4,#007cbf,,,,,,,,
golfer_group_5,38.02575770484643,-84.46497536937204,5520.0,golfer,2,#007cbf,,,,,,,,
golfer_group_5,38.02580429978306,-84.46478189846547,5580.0,golfer,2,#007cbf,,,,,,,,
golfer_group_5,38.02609158193444,-84.46470970518055,5640.0,golfer,2,#007cbf,,,,,,,,
golfer_group_5,38.02637886408582,-84.46463751189565,5700.0,golfer,2,#007cbf,,,,,,,,
golfer_group_5,38.0266661462372,-84.46456531861072,5760.0,golfer,2,#007cbf,,,,,,,,
golfer_group_5,38.02695342838857,-84.4644931253258,5820.0,golfer,2,#007cbf,,,,,,,,
golfer_group_5,38.02723262500985,-84.46440936561527,5880.0,golfer,2,#007cbf,,,,,,,,
golfer_group_5,38.02732323296244,-84.46405582806928,5940.0,golfer,2,#007cbf,,,,,,,,
golfer_group_5,38.027413840915024,-84.46370229052329,6000.0,golfer,3,#007cbf,,,,,,,,
golfer_group_5,38.02755613921936,-84.46339199540722,6060.0,golfer,3,#007cbf,,,,,,,,
golfer_group_5,38.02777631020529,-84.46314684598785,6120.0,golfer,3,#007cbf,,,,,,,,
golfer_group_5,38.027996481191224,-84.4629016965685,6180.0,golfer,3,#007cbf,,,,,,,,
golfer_group_5,38.028216652177164,-84.46265654714912,6240.0,golfer,3,#007cbf,,,,,,,,
golfer_group_5,38.0284368231631,-84.46241139772975,6300.0,golfer,3,#007cbf,,,,,,,,
golfer_group_5,38.02865699414903,-84.4621662483104,6360.0,golfer,3,#007cbf,,,,,,,,
golfer_group_5,38.02887716513497,-84.46192109889103,6420.0,golfer,3,#007cbf,,,,,,,,
golfer_group_5,38.029097336120905,-84.46167594947165,6480.0,golfer,3,#007cbf,,,,,,,,
golfer_group_5,38.02932048603734,-84.46143527844885,6540.0,golfer,3,#007cbf,,,,,,,,
golfer_group_5,38.02954781666501,-84.4612008925283,6600.0,golfer,3,#007cbf,,,,,,,,
golfer_group_5,38.029775147292675,-84.46096650660775,6660.0,golfer,3,#007cbf,,,,,,,,
golfer_group_5,38.03000247792034,-84.46073212068718,6720.0,golfer,3,#007cbf,,,,,,,,
golfer_group_5,38.03022980854801,-84.46049773476663,6780.0,golfer,3,#007cbf,,,,,,,,
golfer_group_5,38.03028198771919,-84.46029007968264,6840.0,golfer,3,#007cbf,,,,,,,,
golfer_group_5,38.030017377451664,-84.46013077159431,6900.0,golfer,4,#007cbf,,,,,,,,
golfer_group_5,38.02974997117584,-84.46003134117494,6960.0,golfer,4,#007cbf,,,,,,,,
golfer_group_5,38.029472388508275,-84.46014984237516,7020.0,golfer,4,#007cbf,,,,,,,,
golfer_group_5,38.02919480584071,-84.46026834357538,7080.0,golfer,4,#007cbf,,,,,,,,
golfer_group_5,38.02891722317315,-84.46038684477558,7140.0,golfer,4,#007cbf,,,,,,,,
golfer_group_5,38.02863964050559,-84.4605053459758,7200.0,golfer,4,#007cbf,,,,,,,,
golfer_group_5,38.02846819932939,-84.46074999771898,7260.0,golfer,4,#007cbf,,,,,,,,
golfer_group_5,38.028356651102726,-84.46108459413088,7320.0,golfer,4,#007cbf,,,,,,,,
golfer_group_5,38.028163251425084,-84.46136377382878,7380.0,golfer,4,#007cbf,,,,,,,,
golfer_group_5,38.02796985174745,-84.46164295352668,7440.0,golfer,4,#007cbf,,,,,,,,
golfer_group_5,38.02777645206981,-84.46192213322458,7500.0,golfer,4,#007cbf,,,,,,,,
golfer_group_5,38.027583052392174,-84.46220131292247,7560.0,golfer,4,#007cbf,,,,,,,,
golfer_group_5,38.02739313138997,-84.4624841808364,7620.0,golfer,4,#007cbf,,,,,,,,
golfer_group_5,38.02721114487077,-84.46277546117278,7680.0,golfer,4,#007cbf,,,,,,,,
golfer_group_5,38.02702915835156,-84.46306674150915,7740.0,golfer,4,#007cbf,,,,,,,,
golfer_group_5,38.02684717183235,-84.46335802184554,7800.0,golfer,4,#007cbf,,,,,,,,
golfer_group_5,38.027030664719845,-84.46345337202217,7860.0,golfer,4,#007cbf,,,,,,,,
golfer_group_5,38.02732202605173,-84.46349089491457,7920.0,golfer,3,#007cbf,,,,,,,,
golfer_group_5,38.02761338738361,-84.46352841780696,7980.0,golfer,3,#007cbf,,,,,,,,
golfer_group_5,38.02787761975422,-84.46365295047241,8040.0,golfer,4,#007cbf,,,,,,,,
golfer_group_5,38.02811027773896,-84.46387875056652,8100.0,golfer,4,#007cbf,,,,,,,,
golfer_group_5,38.02834293572369,-84.46410455066062,8160.0,golfer,4,#007cbf,,,,,,,,
golfer_group_5,38.028575593708425,-84.46433035075472,8220.0,golfer,4,#007cbf,,,,,,,,
golfer_group_5,38.028808251693164,-84.46455615084882,8280.0,golfer,4,#007cbf,,,,,,,,
golfer_group_5,38.029040909677896,-84.46478195094294,8340.0,golfer,4,#007cbf,,,,,,,,
golfer_group_5,38.02927356766263,-84.46500775103704,8400.0,golfer,4,#007cbf,,,,,,,,
golfer_group_5,38.02950622564737,-84.46523355113113,8460.0,golfer,4,#007cbf,,,,,,,,
golfer_group_5,38.02975350361947,-84.4654282954189,8520.0,golfer,4,#007cbf,,,,,,,,
golfer_group_5,38.030020352724144,-84.46558146666777,8580.0,golfer,4,#007cbf,,,,,,,,
golfer_group_5,38.03028720182882,-84.46573463791665,8640.0,golfer,4,#007cbf,,,,,,,,
golfer_group_5,38.030554050933496,-84.46588780916554,8700.0,golfer,4,#007cbf,,,,,,,,
golfer_group_5,38.0308144451061,-84.46601508231271,8760.0,golfer,4,#007cbf,,,,,,,,
golfer_group_5,38.03096331555731,-84.46569490649415,8820.0,golfer,4,#007cbf,,,,,,,,
golfer_group_5,38.03100160851583,-84.46532942233877,8880.0,golfer,4,#007cbf,,,,,,,,
golfer_group_5,38.03102825601745,-84.4649591665407,8940.0,golfer,4,#007cbf,,,,,,,,
golfer_group_5,38.03105490351906,-84.46458891074262,9000.0,golfer,4,#007cbf,,,,,,,,
golfer_group_5,38.031081551020684,-84.46421865494455,9060.0,golfer,4,#007cbf,,,,,,,,
golfer_group_5,38.031108198522304,-84.46384839914647,9120.0,golfer,4,#007cbf,,,,,,,,
golfer_group_5,38.03113484602392,-84.4634781433484,9180.0,golfer,4,#007cbf,,,,,,,,
golfer_group_5,38.03116149352554,-84.46310788755032,9240.0,golfer,4,#007cbf,,,,,,,,
golfer_group_5,38.031127268705696,-84.46274982308951,9300.0,golfer,4,#007cbf,,,,,,,,
golfer_group_5,38.031012137391194,-84.4624079623538,9360.0,golfer,4,#007cbf,,,,,,,,
golfer_group_5,38.03089700607669,-84.46206610161808,9420.0,golfer,4,#007cbf,,,,,,,,
golfer_group_5,38.0307818747622,-84.46172424088235,9480.0,golfer,4,#007cbf,,,,,,,,
golfer_group_5,38.030666743447696,-84.46138238014663,9540.0,golfer,4,#007cbf,,,,,,,,
golfer_group_5,38.030551612133195,-84.46104051941091,9600.0,golfer,4,#007cbf,,,,,,,,
golfer_group_5,38.03081531898336,-84.46091137688049,9660.0,golfer,4,#007cbf,,,,,,,,
golfer_group_5,38.0310279411826,-84.46098091912485,9720.0,golfer,4,#007cbf,,,,,,,,
golfer_group_5,38.03115090321037,-84.46131835889211,9780.0,golfer,4,#007cbf,,,,,,,,
golfer_group_5,38.031273865238134,-84.46165579865938,9840.0,golfer,4,#007cbf,,,,,,,,
golfer_group_5,38.03139682726591,-84.46199323842663,9900.0,golfer,4,#007cbf,,,,,,,,
golfer_group_5,38.031519789293675,-84.4623306781939,9960.0,golfer,4,#007cbf,,,,,,,,
golfer_group_5,38.03164275132144,-84.46266811796116,10020.0,golfer,4,#007cbf,,,,,,,,
golfer_group_5,38.03176571334921,-84.46300555772842,10080.0,golfer,4,#007cbf,,,,,,,,
golfer_group_5,38.031888675376976,-84.46334299749569,10140.0,golfer,4,#007cbf,,,,,,,,
golfer_group_5,38.031909837946635,-84.46368872876327,10200.0,golfer,4,#007cbf,,,,,,,,
golfer_group_5,38.03182184589159,-84.46404335060477,10260.0,golfer,4,#007cbf,,,,,,,,
golfer_group_5,38.03173385383655,-84.46439797244628,10320.0,golfer,4,#007cbf,,,,,,,,
golfer_group_5,38.031645861781506,-84.46475259428779,10380.0,golfer,4,#007cbf,,,,,,,,
golfer_group_5,38.03155786972646,-84.46510721612928,10440.0,golfer,4,#007cbf,,,,,,,,
golfer_group_5,38.03146987767142,-84.46546183797079,10500.0,golfer,4,#007cbf,,,,,,,,
golfer_group_5,38.03131864912918,-84.46576966145622,10560.0,golfer,4,#007cbf,,,,,,,,
golfer_group_5,38.0311189562348,-84.46604161874937,10620.0,golfer,4,#007cbf,,,,,,,,
golfer_group_5,38.030919263340415,-84.46631357604252,10680.0,golfer,4,#007cbf,,,,,,,,
golfer_group_5,38.030718115722834,-84.46658350967269,10740.0,golfer,4,#007cbf,,,,,,,,
golfer_group_5,38.0304866033238,-84.46681120290668,10800.0,golfer,4,#007cbf,,,,,,,,
golfer_group_5,38.030255090924776,-84.46703889614066,10860.0,golfer,4,#007cbf,,,,,,,,
golfer_group_5,38.03002357852575,-84.46726658937465,10920.0,golfer,4,#007cbf,,,,,,,,
golfer_group_5,38.02979206612672,-84.46749428260863,10980.0,golfer,4,#007cbf,,,,,,,,
golfer_group_5,38.02956055372769,-84.46772197584261,11040.0,golfer,4,#007cbf,,,,,,,,
golfer_group_5,38.02932904132866,-84.4679496690766,11100.0,golfer,4,#007cbf,,,,,,,,
golfer_group_5,38.02909752892963,-84.46817736231058,11160.0,golfer,4,#007cbf,,,,,,,,
golfer_group_5,38.0288660165306,-84.46840505554457,11220.0,golfer,4,#007cbf,,,,,,,,
golfer_group_5,38.02869804015225,-84.46870681462924,11280.0,golfer,4,#007cbf,,,,,,,,
golfer_group_5,38.028539024924726,-84.46901901999702,11340.0,golfer,4,#007cbf,,,,,,,,
golfer_group_5,38.0283800096972,-84.46933122536481,11400.0,golfer,4,#007cbf,,,,,,,,
golfer_group_5,38.028129065075696,-84.46949162304078,11460.0,golfer,4,#007cbf,,,,,,,,
golfer_group_5,38.02785052807789,-84.46960645602002,11520.0,golfer,1,#007cbf,,,,,,,,
golfer_group_5,38.027571991080094,-84.46972128899925,11580.0,golfer,1,#007cbf,,,,,,,,
golfer_group_5,38.02729345408229,-84.4698361219785,11640.0,golfer,4,#007cbf,,,,,,,,
golfer_group_5,38.027014917084486,-84.46995095495774,11700.0,golfer,4,#007cbf,,,,,,,,
golfer_group_5,38.02677219339408,-84.46990690842384,11760.0,golfer,4,#007cbf,,,,,,,,
golfer_group_5,38.026583670283,-84.46962241044099,11820.0,golfer,4,#007cbf,,,,,,,,
golfer_group_5,38.02639514717193,-84.46933791245814,11880.0,golfer,4,#007cbf,,,,,,,,
golfer_group_5,38.026206624060855,-84.4690534144753,11940.0,golfer,4,#007cbf,,,,,,,,
golfer_group_5,38.02601810094978,-84.46876891649245,12000.0,golfer,4,#007cbf,,,,,,,,
golfer_group_5,38.0258295778387,-84.4684844185096,12060.0,golfer,4,#007cbf,,,,,,,,
golfer_group_5,38.02564105472762,-84.46819992052676,12120.0,golfer,4,#007cbf,,,,,,,,
golfer_group_5,38.02539873776804,-84.4680332578427,12180.0,golfer,4,#007cbf,,,,,,,,
golfer_group_5,38.02511056304286,-84.46796704648648,12240.0,golfer,4,#007cbf,,,,,,,,
golfer_group_5,38.02482238831767,-84.46790083513027,12300.0,golfer,4,#007cbf,,,,,,,,
golfer_group_5,38.02466098715723,-84.46791926274804,12360.0,golfer,4,#007cbf,,,,,,,,
golfer_group_5,38.0248672597656,-84.46818316370741,12420.0,golfer,4,#007cbf,,,,,,,,
golfer_group_5,38.025073532373966,-84.46844706466678,12480.0,golfer,4,#007cbf,,,,,,,,
golfer_group_5,38.02498232223591,-84.46858500193528,12540.0,golfer,4,#007cbf,,,,,,,,
golfer_group_5,38.024692555469876,-84.46863886398934,12600.0,golfer,4,#007cbf,,,,,,,,
golfer_group_5,38.02440278870384,-84.4686927260434,12660.0,golfer,4,#007cbf,,,,,,,,
golfer_group_5,38.0241130219378,-84.46874658809746,12720.0,golfer,4,#007cbf,,,,,,,,
golfer_group_5,38.02382325517176,-84.46880045015152,12780.0,golfer,4,#007cbf,,,,,,,,
golfer_group_5,38.023533488405725,-84.46885431220558,12840.0,golfer,4,#007cbf,,,,,,,,
golfer_group_5,38.02325287292604,-84.46895459002404,12900.0,golfer,4,#007cbf,,,,,,,,
golfer_group_5,38.023120094224296,-84.46908677293466,12960.0,golfer,4,#007cbf,,,,,,,,
golfer_group_5,38.02338797984743,-84.46923698741324,13020.0,golfer,4,#007cbf,,,,,,,,
golfer_group_5,38.02365586547056,-84.46938720189182,13080.0,golfer,4,#007cbf,,,,,,,,
golfer_group_5,38.02392375109368,-84.4695374163704,13140.0,golfer,4,#007cbf,,,,,,,,
golfer_group_5,38.024191636716814,-84.46968763084898,13200.0,golfer,4,#007cbf,,,,,,,,
golfer_group_5,38.024459522339946,-84.46983784532756,13260.0,golfer,4,#007cbf,,,,,,,,
golfer_group_5,38.02472740796308,-84.46998805980614,13320.0,golfer,4,#007cbf,,,,,,,,
golfer_group_5,38.0249952935862,-84.47013827428472,13380.0,golfer,4,#007cbf,,,,,,,,
golfer_group_5,38.02526317920933,-84.4702884887633,13440.0,golfer,4,#007cbf,,,,,,,,
golfer_group_5,38.02549053793203,-84.47051685206469,13500.0,golfer,4,#007cbf,,,,,,,,
golfer_group_5,38.02570511747455,-84.47076985771169,13560.0,golfer,4,#007cbf,,,,,,,,
golfer_group_5,38.025919697017066,-84.4710228633587,13620.0,golfer,4,#007cbf,,,,,,,,
golfer_group_5,38.02613427655959,-84.4712758690057,13680.0,golfer,4,#007cbf,,,,,,,,
golfer_group_5,38.02634885610211,-84.4715288746527,13740.0,golfer,4,#007cbf,,,,,,,,
golfer_group_5,38.026563435644626,-84.4717818802997,13800.0,golfer,4,#007cbf,,,,,,,,
golfer_group_5,38.02678243981026,-84.47202860408251,13860.0,golfer,4,#007cbf,,,,,,,,
golfer_group_5,38.02668611647238,-84.47218057293104,13920.0,golfer,4,#007cbf,,,,,,,,
golfer_group_5,38.02640386024167,-84.4722796932027,13980.0,golfer,4,#007cbf,,,,,,,,
golfer_group_5,38.02612160401096,-84.47237881347434,14040.0,golfer,4,#007cbf,,,,,,,,
golfer_group_5,38.02583934778024,-84.47247793374599,14100.0,golfer,4,#007cbf,,,,,,,,
golfer_group_5,38.02555709154953,-84.47257705401765,14160.0,golfer,4,#007cbf,,,,,,,,
golfer_group_5,38.025278899056985,-84.47258808504574,14220.0,golfer,4,#007cbf,,,,,,,,
golfer_group_5,38.02505413568005,-84.47238241246707,14280.0,golfer,4,#007cbf,,,,,,,,
golfer_group_5,38.02491621232278,-84.47205445775451,14340.0,golfer,4,#007cbf,,,,,,,,
golfer_group_5,38.02477828896551,-84.47172650304194,14400.0,golfer,4,#007cbf,,,,,,,,
golfer_group_5,38.024640365608235,-84.47139854832938,14460.0,golfer,4,#007cbf,,,,,,,,
golfer_group_5,38.02450244225096,-84.4710705936168,14520.0,golfer,4,#007cbf,,,,,,,,
golfer_group_5,38.02436451889369,-84.47074263890424,14580.0,golfer,4,#007cbf,,,,,,,,
golfer_group_5,38.02422659553642,-84.47041468419167,14640.0,golfer,4,#007cbf,,,,,,,,
golfer_group_5,38.02408867217915,-84.4700867294791,14700.0,golfer,4,#007cbf,,,,,,,,
golfer_group_5,38.023830177494666,-84.46991493651929,14760.0,golfer,4,#007cbf,,,,,,,,
golfer_group_5,38.02356911857893,-84.46974646470437,14820.0,golfer,4,#007cbf,,,,,,,,
golfer_group_5,38.0233080596632,-84.46957799288944,14880.0,golfer,4,#007cbf,,,,,,,,
golfer_group_5,38.02304700074746,-84.46940952107451,14940.0,golfer,4,#007cbf,,,,,,,,
golfer_group_5,38.0227847606833,-84.46924457405959,15000.0,golfer,4,#007cbf,,,,,,,,
golfer_group_5,38.02250809559787,-84.46912267439926,15060.0,golfer,4,#007cbf,,,,,,,,
golfer_group_5,38.022527943550884,-84.46893235209967,15120.0,golfer,4,#007cbf,,,,,,,,
golfer_group_5,38.02275311404551,-84.46869465006165,15180.0,golfer,4,#007cbf,,,,,,,,
golfer_group_5,38.02297828454014,-84.46845694802364,15240.0,golfer,4,#007cbf,,,,,,,,
golfer_group_5,38.02320345503476,-84.46821924598564,15300.0,golfer,4,#007cbf,,,,,,,,
golfer_group_5,38.023428625529384,-84.46798154394763,15360.0,golfer,4,#007cbf,,,,,,,,
golfer_group_5,38.02365379602401,-84.46774384190961,15420.0,golfer,4,#007cbf,,,,,,,,
golfer_group_5,38.02387896651864,-84.4675061398716,15480.0,golfer,4,#007cbf,,,,,,,,
golfer_group_5,38.02410413701326,-84.4672684378336,15540.0,golfer,4,#007cbf,,,,,,,,
golfer_group_5,38.024329307507884,-84.46703073579559,15600.0,golfer,4,#007cbf,,,,,,,,
golfer_group_5,38.024516630016976,-84.46674714202182,15660.0,golfer,4,#007cbf,,,,,,,,
golfer_group_5,38.02469334505099,-84.4664506863893,15720.0,golfer,4,#007cbf,,,,,,,,
golfer_group_5,38.02487006008501,-84.46615423075679,15780.0,golfer,4,#007cbf,,,,,,,,
golfer_group_5,38.02504677511902,-84.46585777512426,15840.0,golfer,4,#007cbf,,,,,,,,
golfer_group_5,38.02525798622544,-84.46562593134438,15900.0,golfer,4,#007cbf,,,,,,,,
golfer_group_5,38.025540368765746,-84.46552739312297,15960.0,golfer,4,#007cbf,,,,,,,,
golfer_group_5,38.02582275130605,-84.46542885490156,16020.0,golfer,4,#007cbf,,,,,,,,
golfer_group_5,38.02610513384636,-84.46533031668015,16080.0,golfer,4,#007cbf,,,,,,,,
golfer_group_5,38.02637936666449,-84.46537020680762,16140.0,golfer,4,#007cbf,,,,,,,,
golfer_group_5,38.02664707383,-84.4655209394031,16200.0,golfer,4,#007cbf,,,,,,,,
golfer_group_5,38.026914780995504,-84.46567167199859,16260.0,golfer,4,#007cbf,,,,,,,,
golfer_group_5,38.02718248816101,-84.46582240459409,16320.0,golfer,4,#007cbf,,,,,,,,
golfer_group_5,38.027450195326516,-84.46597313718958,16380.0,golfer,4,#007cbf,,,,,,,,
golfer_group_5,38.02771790249202,-84.46612386978506,16440.0,golfer,4,#007cbf,,,,,,,,
golfer_group_5,38.027985609657534,-84.46627460238055,16500.0,golfer,4,#007cbf,,,,,,,,
golfer_group_5,38.02825331682304,-84.46642533497604,16560.0,golfer,4,#ffe6cc,,,,,,,,
golfer_group_5,38.02854411583699,-84.46643446747252,16620.0,golfer,4,#ffe6cc,,,,,,,,
golfer_group_5,38.02883696025459,-84.46643105747557,16680.0,golfer,4,#ffe6cc,,,,,,,,
golfer_group_5,38.02912980467218,-84.46642764747862,16740.0,golfer,4,#ffe6cc,,,,,,,,
golfer_group_5,38.029422649089774,-84.46642423748168,16800.0,golfer,4,#ffe6cc,,,,,,,,
golfer_group_5,38.029714660100595,-84.46640554510962,16860.0,golfer,4,#ffe6cc,,,,,,,,
golfer_group_5,38.03000508074206,-84.46635768976212,16920.0,golfer,4,#ffe6cc,,,,,,,,
golfer_group_5,38.03029550138352,-84.46630983441462,16980.0,golfer,4,#ffe6cc,,,,,,,,
golfer_group_5,38.03034421537664,-84.46623396436489,17040.0,golfer,4,#ffe6cc,,,,,,,,
golfer_group_5,38.0300654222068,-84.4661201350132,17100.0,golfer,4,#ffe6cc,,,,,,,,
golfer_group_5,38.02978662903697,-84.46600630566151,17160.0,golfer,4,#ffcc99,,,,,,,,
golfer_group_5,38.02950783586713,-84.46589247630982,17220.0,golfer,4,#ffcc99,,,,,,,,
golfer_group_5,38.029229042697295,-84.46577864695813,17280.0,golfer,4,#ffcc99,,,,,,,,
golfer_group_5,38.02895024952746,-84.46566481760644,17340.0,golfer,4,#ffe6cc,,,,,,,,
golfer_group_5,38.02867145635763,-84.46555098825475,17400.0,golfer,4,#ffe6cc,,,,,,,,
golfer_group_5,38.02839266318779,-84.46543715890306,17460.0,golfer,4,#ffe6cc,,,,,,,,
golfer_group_5,38.02811294382565,-84.46532834232956,17520.0,golfer,4,#ffe6cc,,,,,,,,
golfer_group_5,38.02782336017175,-84.46527291370359,17580.0,golfer,4,#ffe6cc,,,,,,,,
golfer_group_5,38.02753377651786,-84.46521748507763,17640.0,golfer,4,#ffe6cc,,,,,,,,
golfer_group_5,38.027244192863975,-84.46516205645167,17700.0,golfer,4,#ffe6cc,,,,,,,,
golfer_group_5,38.02695460921009,-84.46510662782572,17760.0,golfer,4,#ffe6cc,,,,,,,,
golfer_group_5,38.02666502555619,-84.46505119919976,17820.0,golfer,4,#ffe6cc,,,,,,,,
golfer_group_5,38.02637326063661,-84.4650346343973,17880.0,golfer,4,#ffe6cc,,,,,,,,
golfer_group_5,38.02608041188864,-84.46503738027086,17940.0,golfer,4,#ffcc99,,,,,,,,
golfer_group_5,38.025787563140675,-84.46504012614442,18000.0,golfer,2,#ffcc99,,,,,,,,
golfer_group_5,38.025494714392714,-84.46504287201797,18060.0,golfer,4,#ffcc99,,,,,,,,
golfer_group_5,38.02556401049359,-84.4653626218534,18120.0,golfer,4,#ffcc99,,,,,,,,
golfer_group_5,38.025666096931715,-84.46571107475296,18180.0,golfer,4,#ffcc99,,,,,,,,
golfer_group_5,38.02576818336984,-84.46605952765252,18240.0,golfer,4,#ffcc99,,,,,,,,
golfer_group_5,38.02587026980797,-84.46640798055208,18300.0,golfer,4,#ffcc99,,,,,,,,
golfer_group_5,38.02597235624609,-84.46675643345164,18360.0,golfer,4,#ffcc99,,,,,,,,
golfer_group_5,38.02607444268422,-84.46710488635118,18420.0,golfer,4,#00b894,,,,,,,,
golfer_group_5,38.026176529122345,-84.46745333925074,18480.0,golfer,4,#00b894,,,,,,,,
golfer_group_5,38.02627861556047,-84.4678017921503,18540.0,golfer,4,#00b894,,,,,,,,
golfer_group_5,38.026391551516966,-84.46814347235242,18600.0,golfer,4,#00b894,,,,,,,,
golfer_group_5,38.0265466275618,-84.46845884704874,18660.0,golfer,4,#00b894,,,,,,,,
golfer_group_5,38.02670170360664,-84.46877422174504,18720.0,golfer,4,#00b894,,,,,,,,
golfer_group_5,38.02685677965148,-84.46908959644135,18780.0,golfer,4,#00b894,,,,,,,,
golfer_group_5,38.027011855696315,-84.46940497113766,18840.0,golfer,4,#00b894,,,,,,,,
golfer_group_5,38.027202562026105,-84.46967624119414,18900.0,golfer,4,#00b894,,,,,,,,
golfer_group_5,38.027447,-84.469881,18960.0,golfer,1,#00b894,,,,,,,,
golfer_group_50,38.027447,-84.469881,28980.0,golfer,1,#007cbf,,,,,,,,
golfer_group_50,38.02754627606764,-84.46962578282717,29040.0,golfer,1,#007cbf,,,,,,,,
golfer_group_50,38.02744283462056,-84.4692779685763,29100.0,golfer,1,#007cbf,,,,,,,,
golfer_group_50,38.02733939317348,-84.46893015432545,29160.0,golfer,1,#007cbf,,,,,,,,
golfer_group_50,38.0272359517264,-84.46858234007459,29220.0,golfer,1,#007cbf,,,,,,,,
golfer_group_50,38.027132510279316,-84.46823452582373,29280.0,golfer,1,#007cbf,,,,,,,,
golfer_group_50,38.027029068832235,-84.46788671157287,29340.0,golfer,1,#007cbf,,,,,,,,
golfer_group_50,38.026925627385154,-84.46753889732202,29400.0,golfer,1,#007cbf,,,,,,,,
golfer_group_50,38.02682218593807,-84.46719108307117,29460.0,golfer,1,#007cbf,,,,,,,,
golfer_group_50,38.026707885382585,-84.46684997010087,29520.0,golfer,1,#007cbf,,,,,,,,
golfer_group_50,38.0265563489919,-84.46653183579225,29580.0,golfer,1,#007cbf,,,,,,,,
golfer_group_50,38.02640481260122,-84.46621370148365,29640.0,golfer,1,#007cbf,,,,,,,,
golfer_group_50,38.02625327621054,-84.46589556717504,29700.0,golfer,1,#007cbf,,,,,,,,
golfer_group_50,38.026097865476636,-84.4655806681031,29760.0,golfer,1,#007cbf,,,,,,,,
golfer_group_50,38.02592778516153,-84.46527801873756,29820.0,golfer,4,#007cbf,,,,,,,,
golfer_group_50,38.02575770484643,-84.46497536937204,29880.0,golfer,2,#007cbf,,,,,,,,
golfer_group_50,38.02580429978306,-84.46478189846547,29940.0,golfer,2,#007cbf,,,,,,,,
golfer_group_50,38.02609158193444,-84.46470970518055,30000.0,golfer,2,#007cbf,,,,,,,,
golfer_group_50,38.02637886408582,-84.46463751189565,30060.0,golfer,2,#007cbf,,,,,,,,
golfer_group_50,38.0266661462372,-84.46456531861072,30120.0,golfer,2,#007cbf,,,,,,,,
golfer_group_50,38.02695342838857,-84.4644931253258,30180.0,golfer,2,#007cbf,,,,,,,,
golfer_group_50,38.02723262500985,-84.46440936561527,30240.0,golfer,2,#007cbf,,,,,,,,
golfer_group_50,38.02732323296244,-84.46405582806928,30300.0,golfer,2,#007cbf,,,,,,,,
golfer_group_50,38.027413840915024,-84.46370229052329,30360.0,golfer,3,#007cbf,,,,,,,,
golfer_group_50,38.02755613921936,-84.46339199540722,30420.0,golfer,3,#007cbf,,,,,,,,
golfer_group_50,38.02777631020529,-84.46314684598785,30480.0,golfer,3,#007cbf,,,,,,,,
golfer_group_50,38.027996481191224,-84.4629016965685,30540.0,golfer,3,#007cbf,,,,,,,,
golfer_group_50,38.028216652177164,-84.46265654714912,30600.0,golfer,3,#007cbf,,,,,,,,
golfer_group_50,38.0284368231631,-84.46241139772975,30660.0,golfer,3,#007cbf,,,,,,,,
golfer_group_50,38.02865699414903,-84.4621662483104,30720.0,golfer,3,#007cbf,,,,,,,,
golfer_group_50,38.02887716513497,-84.46192109889103,30780.0,golfer,3,#007cbf,,,,,,,,
golfer_group_50,38.029097336120905,-84.46167594947165,30840.0,golfer,3,#007cbf,,,,,,,,
golfer_group_50,38.02932048603734,-84.46143527844885,30900.0,golfer,3,#007cbf,,,,,,,,
golfer_group_50,38.02954781666501,-84.4612008925283,30960.0,golfer,3,#007cbf,,,,,,,,
golfer_group_50,38.029775147292675,-84.46096650660775,31020.0,golfer,3,#007cbf,,,,,,,,
golfer_group_50,38.03000247792034,-84.46073212068718,31080.0,golfer,3,#007cbf,,,,,,,,
golfer_group_50,38.03022980854801,-84.46049773476663,31140.0,golfer,3,#007cbf,,,,,,,,
golfer_group_50,38.03028198771919,-84.46029007968264,31200.0,golfer,3,#007cbf,,,,,,,,
golfer_group_50,38.030017377451664,-84.46013077159431,31260.0,golfer,4,#007cbf,,,,,,,,
golfer_group_50,38.02974997117584,-84.46003134117494,31320.0,golfer,4,#007cbf,,,,,,,,
golfer_group_50,38.029472388508275,-84.46014984237516,31380.0,golfer,4,#007cbf,,,,,,,,
golfer_group_50,38.02919480584071,-84.46026834357538,31440.0,golfer,4,#007cbf,,,,,,,,
golfer_group_50,38.02891722317315,-84.46038684477558,31500.0,golfer,4,#007cbf,,,,,,,,
golfer_group_50,38.02863964050559,-84.4605053459758,31560.0,golfer,4,#007cbf,,,,,,,,
golfer_group_50,38.02846819932939,-84.46074999771898,31620.0,golfer,4,#007cbf,,,,,,,,
golfer_group_50,38.028356651102726,-84.46108459413088,31680.0,golfer,4,#007cbf,,,,,,,,
golfer_group_50,38.028163251425084,-84.46136377382878,31740.0,golfer,4,#007cbf,,,,,,,,
golfer_group_50,38.02796985174745,-84.46164295352668,31800.0,golfer,4,#007cbf,,,,,,,,
golfer_group_50,38.02777645206981,-84.46192213322458,31860.0,golfer,4,#007cbf,,,,,,,,
golfer_group_50,38.027583052392174,-84.46220131292247,31920.0,golfer,4,#007cbf,,,,,,,,
golfer_group_50,38.02739313138997,-84.4624841808364,31980.0,golfer,4,#007cbf,,,,,,,,
golfer_group_50,38.02721114487077,-84.46277546117278,32040.0,golfer,4,#007cbf,,,,,,,,
golfer_group_50,38.02702915835156,-84.46306674150915,32100.0,golfer,4,#007cbf,,,,,,,,
golfer_group_50,38.02684717183235,-84.46335802184554,32160.0,golfer,4,#007cbf,,,,,,,,
golfer_group_50,38.027030664719845,-84.46345337202217,32220.0,golfer,4,#007cbf,,,,,,,,
golfer_group_50,38.02732202605173,-84.46349089491457,32280.0,golfer,3,#ffe6cc,,,,,,,,
golfer_group_50,38.02761338738361,-84.46352841780696,32340.0,golfer,3,#ffe6cc,,,,,,,,
golfer_group_50,38.02787761975422,-84.46365295047241,32400.0,golfer,4,#ffe6cc,,,,,,,,
golfer_group_50,38.02811027773896,-84.46387875056652,32460.0,golfer,4,#ffe6cc,,,,,,,,
golfer_group_50,38.02834293572369,-84.46410455066062,32520.0,golfer,4,#ffe6cc,,,,,,,,
golfer_group_50,38.028575593708425,-84.46433035075472,32580.0,golfer,4,#ffe6cc,,,,,,,,
golfer_group_50,38.028808251693164,-84.46455615084882,32640.0,golfer,4,#ffe6cc,,,,,,,,
golfer_group_50,38.029040909677896,-84.46478195094294,32700.0,golfer,4,#ffe6cc,,,,,,,,
golfer_group_50,38.02927356766263,-84.46500775103704,32760.0,golfer,4,#ffe6cc,,,,,,,,
golfer_group_50,38.02950622564737,-84.46523355113113,32820.0,golfer,4,#ffe6cc,,,,,,,,
golfer_group_50,38.02975350361947,-84.4654282954189,32880.0,golfer,4,#ffcc99,,,,,,,,
golfer_group_50,38.030020352724144,-84.46558146666777,32940.0,golfer,4,#ffcc99,,,,,,,,
golfer_group_50,38.03028720182882,-84.46573463791665,33000.0,golfer,4,#ffcc99,,,,,,,,
golfer_group_50,38.030554050933496,-84.46588780916554,33060.0,golfer,4,#ffcc99,,,,,,,,
golfer_group_50,38.0308144451061,-84.46601508231271,33120.0,golfer,4,#ffcc99,,,,,,,,
golfer_group_50,38.03096331555731,-84.46569490649415,33180.0,golfer,4,#00b894,,,,,,,,
golfer_group_50,38.03100160851583,-84.46532942233877,33240.0,golfer,4,#00b894,,,,,,,,
golfer_group_50,38.03102825601745,-84.4649591665407,33300.0,golfer,4,#00b894,,,,,,,,
golfer_group_50,38.03105490351906,-84.46458891074262,33360.0,golfer,4,#00b894,,,,,,,,
golfer_group_50,38.031081551020684,-84.46421865494455,33420.0,golfer,4,#00b894,,,,,,,,
golfer_group_50,38.031108198522304,-84.46384839914647,33480.0,golfer,4,#00b894,,,,,,,,
golfer_group_50,38.03113484602392,-84.4634781433484,33540.0,golfer,4,#00b894,,,,,,,,
golfer_group_50,38.03116149352554,-84.46310788755032,33600.0,golfer,4,#00b894,,,,,,,,
golfer_group_50,38.031127268705696,-84.46274982308951,33660.0,golfer,4,#00b894,,,,,,,,
golfer_group_50,38.031012137391194,-84.4624079623538,33720.0,golfer,4,#00b894,,,,,,,,
golfer_group_50,38.03089700607669,-84.46206610161808,33780.0,golfer,4,#00b894,,,,,,,,
golfer_group_50,38.0307818747622,-84.46172424088235,33840.0,golfer,4,#00b894,,,,,,,,
golfer_group_50,38.030666743447696,-84.46138238014663,33900.0,golfer,4,#00b894,,,,,,,,
golfer_group_50,38.030551612133195,-84.46104051941091,33960.0,golfer,4,#00b894,,,,,,,,
golfer_group_50,38.03081531898336,-84.46091137688049,34020.0,golfer,4,#00b894,,,,,,,,
golfer_group_50,38.0310279411826,-84.46098091912485,34080.0,golfer,4,#00b894,,,,,,,,
golfer_group_50,38.03115090321037,-84.46131835889211,34140.0,golfer,4,#00b894,,,,,,,,
golfer_group_50,38.031273865238134,-84.46165579865938,34200.0,golfer,4,#00b894,,,,,,,,
golfer_group_50,38.03139682726591,-84.46199323842663,34260.0,golfer,4,#00b894,,,,,,,,
golfer_group_50,38.031519789293675,-84.4623306781939,34320.0,golfer,4,#00b894,,,,,,,,
golfer_group_50,38.03164275132144,-84.46266811796116,34380.0,golfer,4,#00b894,,,,,,,,
golfer_group_50,38.03176571334921,-84.46300555772842,34440.0,golfer,4,#00b894,,,,,,,,
golfer_group_50,38.031888675376976,-84.46334299749569,34500.0,golfer,4,#00b894,,,,,,,,
golfer_group_50,38.031909837946635,-84.46368872876327,34560.0,golfer,4,#00b894,,,,,,,,
golfer_group_50,38.03182184589159,-84.46404335060477,34620.0,golfer,4,#00b894,,,,,,,,
golfer_group_50,38.03173385383655,-84.46439797244628,34680.0,golfer,4,#00b894,,,,,,,,
golfer_group_50,38.031645861781506,-84.46475259428779,34740.0,golfer,4,#00b894,,,,,,,,
golfer_group_50,38.03155786972646,-84.46510721612928,34800.0,golfer,4,#00b894,,,,,,,,
golfer_group_50,38.03146987767142,-84.46546183797079,34860.0,golfer,4,#00b894,,,,,,,,
golfer_group_50,38.03131864912918,-84.46576966145622,34920.0,golfer,4,#00b894,,,,,,,,
golfer_group_50,38.0311189562348,-84.46604161874937,34980.0,golfer,4,#00b894,,,,,,,,
golfer_group_50,38.030919263340415,-84.46631357604252,35040.0,golfer,4,#00b894,,,,,,,,
golfer_group_50,38.030718115722834,-84.46658350967269,35100.0,golfer,4,#00b894,,,,,,,,
golfer_group_50,38.0304866033238,-84.46681120290668,35160.0,golfer,4,#00b894,,,,,,,,
golfer_group_50,38.030255090924776,-84.46703889614066,35220.0,golfer,4,#00b894,,,,,,,,
golfer_group_50,38.03002357852575,-84.46726658937465,35280.0,golfer,4,#00b894,,,,,,,,
golfer_group_50,38.02979206612672,-84.46749428260863,35340.0,golfer,4,#00b894,,,,,,,,
golfer_group_50,38.02956055372769,-84.46772197584261,35400.0,golfer,4,#00b894,,,,,,,,
golfer_group_50,38.02932904132866,-84.4679496690766,35460.0,golfer,4,#00b894,,,,,,,,
golfer_group_50,38.02909752892963,-84.46817736231058,35520.0,golfer,4,#00b894,,,,,,,,
golfer_group_50,38.0288660165306,-84.46840505554457,35580.0,golfer,4,#00b894,,,,,,,,
golfer_group_50,38.02869804015225,-84.46870681462924,35640.0,golfer,4,#00b894,,,,,,,,
golfer_group_50,38.028539024924726,-84.46901901999702,35700.0,golfer,4,#00b894,,,,,,,,
golfer_group_50,38.0283800096972,-84.46933122536481,35760.0,golfer,4,#00b894,,,,,,,,
golfer_group_50,38.028129065075696,-84.46949162304078,35820.0,golfer,4,#00b894,,,,,,,,
golfer_group_50,38.02785052807789,-84.46960645602002,35880.0,golfer,1,#00b894,,,,,,,,
golfer_group_50,38.027571991080094,-84.46972128899925,35940.0,golfer,1,#00b894,,,,,,,,
golfer_group_50,38.02729345408229,-84.4698361219785,36000.0,golfer,4,#00b894,,,,,,,,
golfer_group_50,38.027014917084486,-84.46995095495774,36060.0,golfer,4,#00b894,,,,,,,,
golfer_group_50,38.02677219339408,-84.46990690842384,36120.0,golfer,4,#00b894,,,,,,,,
golfer_group_50,38.026583670283,-84.46962241044099,36180.0,golfer,4,#00b894,,,,,,,,
golfer_group_50,38.02639514717193,-84.46933791245814,36240.0,golfer,4,#00b894,,,,,,,,
golfer_group_50,38.026206624060855,-84.4690534144753,36300.0,golfer,4,#00b894,,,,,,,,
golfer_group_50,38.02601810094978,-84.46876891649245,36360.0,golfer,4,#00b894,,,,,,,,
golfer_group_50,38.0258295778387,-84.4684844185096,36420.0,golfer,4,#00b894,,,,,,,,
golfer_group_50,38.02564105472762,-84.46819992052676,36480.0,golfer,4,#00b894,,,,,,,,
golfer_group_50,38.02539873776804,-84.4680332578427,36540.0,golfer,4,#00b894,,,,,,,,
golfer_group_50,38.02511056304286,-84.46796704648648,36600.0,golfer,4,#00b894,,,,,,,,
golfer_group_50,38.02482238831767,-84.46790083513027,36660.0,golfer,4,#00b894,,,,,,,,
golfer_group_50,38.02466098715723,-84.46791926274804,36720.0,golfer,4,#00b894,,,,,,,,
golfer_group_50,38.0248672597656,-84.46818316370741,36780.0,golfer,4,#00b894,,,,,,,,
golfer_group_50,38.025073532373966,-84.46844706466678,36840.0,golfer,4,#00b894,,,,,,,,
golfer_group_50,38.02498232223591,-84.46858500193528,36900.0,golfer,4,#00b894,,,,,,,,
golfer_group_50,38.024692555469876,-84.46863886398934,36960.0,golfer,4,#00b894,,,,,,,,
golfer_group_50,38.02440278870384,-84.4686927260434,37020.0,golfer,4,#00b894,,,,,,,,
golfer_group_50,38.0241130219378,-84.46874658809746,37080.0,golfer,4,#00b894,,,,,,,,
golfer_group_50,38.02382325517176,-84.46880045015152,37140.0,golfer,4,#00b894,,,,,,,,
golfer_group_50,38.023533488405725,-84.46885431220558,37200.0,golfer,4,#00b894,,,,,,,,
golfer_group_50,38.02325287292604,-84.46895459002404,37260.0,golfer,4,#00b894,,,,,,,,
golfer_group_50,38.023120094224296,-84.46908677293466,37320.0,golfer,4,#00b894,,,,,,,,
golfer_group_50,38.02338797984743,-84.46923698741324,37380.0,golfer,4,#00b894,,,,,,,,
golfer_group_50,38.02365586547056,-84.46938720189182,37440.0,golfer,4,#00b894,,,,,,,,
golfer_group_50,38.02392375109368,-84.4695374163704,37500.0,golfer,4,#00b894,,,,,,,,
golfer_group_50,38.024191636716814,-84.46968763084898,37560.0,golfer,4,#00b894,,,,,,,,
golfer_group_50,38.024459522339946,-84.46983784532756,37620.0,golfer,4,#00b894,,,,,,,,
golfer_group_50,38.02472740796308,-84.46998805980614,37680.0,golfer,4,#00b894,,,,,,,,
golfer_group_50,38.0249952935862,-84.47013827428472,37740.0,golfer,4,#00b894,,,,,,,,
golfer_group_50,38.02526317920933,-84.4702884887633,37800.0,golfer,4,#00b894,,,,,,,,
golfer_group_50,38.02549053793203,-84.47051685206469,37860.0,golfer,4,#00b894,,,,,,,,
golfer_group_50,38.02570511747455,-84.47076985771169,37920.0,golfer,4,#00b894,,,,,,,,
golfer_group_50,38.025919697017066,-84.4710228633587,37980.0,golfer,4,#00b894,,,,,,,,
golfer_group_50,38.02613427655959,-84.4712758690057,38040.0,golfer,4,#00b894,,,,,,,,
golfer_group_50,38.02634885610211,-84.4715288746527,38100.0,golfer,4,#00b894,,,,,,,,
golfer_group_50,38.026563435644626,-84.4717818802997,38160.0,golfer,4,#00b894,,,,,,,,
golfer_group_50,38.02678243981026,-84.47202860408251,38220.0,golfer,4,#00b894,,,,,,,,
golfer_group_50,38.02668611647238,-84.47218057293104,38280.0,golfer,4,#00b894,,,,,,,,
golfer_group_50,38.02640386024167,-84.4722796932027,38340.0,golfer,4,#00b894,,,,,,,,
golfer_group_50,38.02612160401096,-84.47237881347434,38400.0,golfer,4,#00b894,,,,,,,,
golfer_group_50,38.02583934778024,-84.47247793374599,38460.0,golfer,4,#00b894,,,,,,,,
golfer_group_50,38.02555709154953,-84.47257705401765,38520.0,golfer,4,#00b894,,,,,,,,
golfer_group_50,38.025278899056985,-84.47258808504574,38580.0,golfer,4,#00b894,,,,,,,,
golfer_group_50,38.02505413568005,-84.47238241246707,38640.0,golfer,4,#00b894,,,,,,,,
golfer_group_50,38.02491621232278,-84.47205445775451,38700.0,golfer,4,#00b894,,,,,,,,
golfer_group_50,38.02477828896551,-84.47172650304194,38760.0,golfer,4,#00b894,,,,,,,,
golfer_group_50,38.024640365608235,-84.47139854832938,38820.0,golfer,4,#00b894,,,,,,,,
golfer_group_50,38.02450244225096,-84.4710705936168,38880.0,golfer,4,#00b894,,,,,,,,
golfer_group_50,38.02436451889369,-84.47074263890424,38940.0,golfer,4,#00b894,,,,,,,,
golfer_group_50,38.02422659553642,-84.47041468419167,39000.0,golfer,4,#00b894,,,,,,,,
golfer_group_50,38.02408867217915,-84.4700867294791,39060.0,golfer,4,#00b894,,,,,,,,
golfer_group_50,38.023830177494666,-84.46991493651929,39120.0,golfer,4,#00b894,,,,,,,,
golfer_group_50,38.02356911857893,-84.46974646470437,39180.0,golfer,4,#00b894,,,,,,,,
golfer_group_50,38.0233080596632,-84.46957799288944,39240.0,golfer,4,#00b894,,,,,,,,
golfer_group_50,38.02304700074746,-84.46940952107451,39300.0,golfer,4,#00b894,,,,,,,,
golfer_group_50,38.0227847606833,-84.46924457405959,39360.0,golfer,4,#00b894,,,,,,,,
golfer_group_50,38.02250809559787,-84.46912267439926,39420.0,golfer,4,#00b894,,,,,,,,
golfer_group_50,38.022527943550884,-84.46893235209967,39480.0,golfer,4,#00b894,,,,,,,,
golfer_group_50,38.02275311404551,-84.46869465006165,39540.0,golfer,4,#00b894,,,,,,,,
golfer_group_50,38.02297828454014,-84.46845694802364,39600.0,golfer,4,#00b894,,,,,,,,
golfer_group_50,38.02320345503476,-84.46821924598564,39660.0,golfer,4,#00b894,,,,,,,,
golfer_group_50,38.023428625529384,-84.46798154394763,39720.0,golfer,4,#00b894,,,,,,,,
golfer_group_50,38.02365379602401,-84.46774384190961,39780.0,golfer,4,#00b894,,,,,,,,
golfer_group_50,38.02387896651864,-84.4675061398716,39840.0,golfer,4,#00b894,,,,,,,,
golfer_group_50,38.02410413701326,-84.4672684378336,39900.0,golfer,4,#00b894,,,,,,,,
golfer_group_50,38.024329307507884,-84.46703073579559,39960.0,golfer,4,#00b894,,,,,,,,
golfer_group_50,38.024516630016976,-84.46674714202182,40020.0,golfer,4,#00b894,,,,,,,,
golfer_group_50,38.02469334505099,-84.4664506863893,40080.0,golfer,4,#00b894,,,,,,,,
golfer_group_50,38.02487006008501,-84.46615423075679,40140.0,golfer,4,#00b894,,,,,,,,
golfer_group_50,38.02504677511902,-84.46585777512426,40200.0,golfer,4,#00b894,,,,,,,,
golfer_group_50,38.02525798622544,-84.46562593134438,40260.0,golfer,4,#00b894,,,,,,,,
golfer_group_50,38.025540368765746,-84.46552739312297,40320.0,golfer,4,#00b894,,,,,,,,
golfer_group_50,38.02582275130605,-84.46542885490156,40380.0,golfer,4,#00b894,,,,,,,,
golfer_group_50,38.02610513384636,-84.46533031668015,40440.0,golfer,4,#00b894,,,,,,,,
golfer_group_50,38.02637936666449,-84.46537020680762,40500.0,golfer,4,#00b894,,,,,,,,
golfer_group_50,38.02664707383,-84.4655209394031,40560.0,golfer,4,#00b894,,,,,,,,
golfer_group_50,38.026914780995504,-84.46567167199859,40620.0,golfer,4,#00b894,,,,,,,,
golfer_group_50,38.02718248816101,-84.46582240459409,40680.0,golfer,4,#00b894,,,,,,,,
golfer_group_50,38.027450195326516,-84.46597313718958,40740.0,golfer,4,#00b894,,,,,,,,
golfer_group_50,38.02771790249202,-84.46612386978506,40800.0,golfer,4,#00b894,,,,,,,,
golfer_group_50,38.027985609657534,-84.46627460238055,40860.0,golfer,4,#00b894,,,,,,,,
golfer_group_50,38.02825331682304,-84.46642533497604,40920.0,golfer,4,#00b894,,,,,,,,
golfer_group_50,38.02854411583699,-84.46643446747252,40980.0,golfer,4,#00b894,,,,,,,,
golfer_group_50,38.02883696025459,-84.46643105747557,41040.0,golfer,4,#00b894,,,,,,,,
golfer_group_50,38.02912980467218,-84.46642764747862,41100.0,golfer,4,#00b894,,,,,,,,
golfer_group_50,38.029422649089774,-84.46642423748168,41160.0,golfer,4,#00b894,,,,,,,,
golfer_group_50,38.029714660100595,-84.46640554510962,41220.0,golfer,4,#00b894,,,,,,,,
golfer_group_50,38.03000508074206,-84.46635768976212,41280.0,golfer,4,#00b894,,,,,,,,
golfer_group_50,38.03029550138352,-84.46630983441462,41340.0,golfer,4,#00b894,,,,,,,,
golfer_group_50,38.03034421537664,-84.46623396436489,41400.0,golfer,4,#00b894,,,,,,,,
golfer_group_50,38.0300654222068,-84.4661201350132,41460.0,golfer,4,#00b894,,,,,,,,
golfer_group_50,38.02978662903697,-84.46600630566151,41520.0,golfer,4,#00b894,,,,,,,,
golfer_group_50,38.02950783586713,-84.46589247630982,41580.0,golfer,4,#00b894,,,,,,,,
golfer_group_50,38.029229042697295,-84.46577864695813,41640.0,golfer,4,#00b894,,,,,,,,
golfer_group_50,38.02895024952746,-84.46566481760644,41700.0,golfer,4,#00b894,,,,,,,,
golfer_group_50,38.02867145635763,-84.46555098825475,41760.0,golfer,4,#00b894,,,,,,,,
golfer_group_50,38.02839266318779,-84.46543715890306,41820.0,golfer,4,#00b894,,,,,,,,
golfer_group_50,38.02811294382565,-84.46532834232956,41880.0,golfer,4,#00b894,,,,,,,,
golfer_group_50,38.02782336017175,-84.46527291370359,41940.0,golfer,4,#00b894,,,,,,,,
golfer_group_50,38.02753377651786,-84.46521748507763,42000.0,golfer,4,#00b894,,,,,,,,
golfer_group_50,38.027244192863975,-84.46516205645167,42060.0,golfer,4,#00b894,,,,,,,,
golfer_group_50,38.02695460921009,-84.46510662782572,42120.0,golfer,4,#00b894,,,,,,,,
golfer_group_50,38.02666502555619,-84.46505119919976,42180.0,golfer,4,#00b894,,,,,,,,
golfer_group_50,38.02637326063661,-84.4650346343973,42240.0,golfer,4,#00b894,,,,,,,,
golfer_group_50,38.02608041188864,-84.46503738027086,42300.0,golfer,4,#00b894,,,,,,,,
golfer_group_50,38.025787563140675,-84.46504012614442,42360.0,golfer,2,#00b894,,,,,,,,
golfer_group_50,38.025494714392714,-84.46504287201797,42420.0,golfer,4,#00b894,,,,,,,,
golfer_group_50,38.02556401049359,-84.4653626218534,42480.0,golfer,4,#00b894,,,,,,,,
golfer_group_50,38.025666096931715,-84.46571107475296,42540.0,golfer,4,#00b894,,,,,,,,
golfer_group_50,38.02576818336984,-84.46605952765252,42600.0,golfer,4,#00b894,,,,,,,,
golfer_group_50,38.02587026980797,-84.46640798055208,42660.0,golfer,4,#00b894,,,,,,,,
golfer_group_50,38.02597235624609,-84.46675643345164,42720.0,golfer,4,#00b894,,,,,,,,
golfer_group_50,38.02607444268422,-84.46710488635118,42780.0,golfer,4,#00b894,,,,,,,,
golfer_group_50,38.026176529122345,-84.46745333925074,42840.0,golfer,4,#00b894,,,,,,,,
golfer_group_50,38.02627861556047,-84.4678017921503,42900.0,golfer,4,#00b894,,,,,,,,
golfer_group_50,38.026391551516966,-84.46814347235242,42960.0,golfer,4,#00b894,,,,,,,,
golfer_group_50,38.0265466275618,-84.46845884704874,43020.0,golfer,4,#00b894,,,,,,,,
golfer_group_50,38.02670170360664,-84.46877422174504,43080.0,golfer,4,#00b894,,,,,,,,
golfer_group_50,38.02685677965148,-84.46908959644135,43140.0,golfer,4,#00b894,,,,,,,,
golfer_group_50,38.027011855696315,-84.46940497113766,43200.0,golfer,4,#00b894,,,,,,,,
golfer_group_50,38.027202562026105,-84.46967624119414,43260.0,golfer,4,#00b894,,,,,,,,
golfer_group_50,38.027447,-84.469881,43320.0,golfer,1,#00b894,,,,,,,,
golfer_group_51,38.027447,-84.469881,29520.0,golfer,1,#007cbf,,,,,,,,
golfer_group_51,38.02754627606764,-84.46962578282717,29580.0,golfer,1,#007cbf,,,,,,,,
golfer_group_51,38.02744283462056,-84.4692779685763,29640.0,golfer,1,#007cbf,,,,,,,,
golfer_group_51,38.02733939317348,-84.46893015432545,29700.0,golfer,1,#007cbf,,,,,,,,
golfer_group_51,38.0272359517264,-84.46858234007459,29760.0,golfer,1,#007cbf,,,,,,,,
golfer_group_51,38.027132510279316,-84.46823452582373,29820.0,golfer,1,#007cbf,,,,,,,,
golfer_group_51,38.027029068832235,-84.46788671157287,29880.0,golfer,1,#007cbf,,,,,,,,
golfer_group_51,38.026925627385154,-84.46753889732202,29940.0,golfer,1,#007cbf,,,,,,,,
golfer_group_51,38.02682218593807,-84.46719108307117,30000.0,golfer,1,#007cbf,,,,,,,,
golfer_group_51,38.026707885382585,-84.46684997010087,30060.0,golfer,1,#007cbf,,,,,,,,
golfer_group_51,38.0265563489919,-84.46653183579225,30120.0,golfer,1,#007cbf,,,,,,,,
golfer_group_51,38.02640481260122,-84.46621370148365,30180.0,golfer,1,#007cbf,,,,,,,,
golfer_group_51,38.02625327621054,-84.46589556717504,30240.0,golfer,1,#007cbf,,,,,,,,
golfer_group_51,38.026097865476636,-84.4655806681031,30300.0,golfer,1,#007cbf,,,,,,,,
golfer_group_51,38.02592778516153,-84.46527801873756,30360.0,golfer,4,#007cbf,,,,,,,,
golfer_group_51,38.02575770484643,-84.46497536937204,30420.0,golfer,2,#007cbf,,,,,,,,
golfer_group_51,38.02580429978306,-84.46478189846547,30480.0,golfer,2,#007cbf,,,,,,,,
golfer_group_51,38.02609158193444,-84.46470970518055,30540.0,golfer,2,#007cbf,,,,,,,,
golfer_group_51,38.02637886408582,-84.46463751189565,30600.0,golfer,2,#007cbf,,,,,,,,
golfer_group_51,38.0266661462372,-84.46456531861072,30660.0,golfer,2,#007cbf,,,,,,,,
golfer_group_51,38.02695342838857,-84.4644931253258,30720.0,golfer,2,#007cbf,,,,,,,,
golfer_group_51,38.02723262500985,-84.46440936561527,30780.0,golfer,2,#007cbf,,,,,,,,
golfer_group_51,38.02732323296244,-84.46405582806928,30840.0,golfer,2,#007cbf,,,,,,,,
golfer_group_51,38.027413840915024,-84.46370229052329,30900.0,golfer,3,#007cbf,,,,,,,,
golfer_group_51,38.02755613921936,-84.46339199540722,30960.0,golfer,3,#007cbf,,,,,,,,
golfer_group_51,38.02777631020529,-84.46314684598785,31020.0,golfer,3,#007cbf,,,,,,,,
golfer_group_51,38.027996481191224,-84.4629016965685,31080.0,golfer,3,#007cbf,,,,,,,,
golfer_group_51,38.028216652177164,-84.46265654714912,31140.0,golfer,3,#007cbf,,,,,,,,
golfer_group_51,38.0284368231631,-84.46241139772975,31200.0,golfer,3,#007cbf,,,,,,,,
golfer_group_51,38.02865699414903,-84.4621662483104,31260.0,golfer,3,#007cbf,,,,,,,,
golfer_group_51,38.02887716513497,-84.46192109889103,31320.0,golfer,3,#007cbf,,,,,,,,
golfer_group_51,38.029097336120905,-84.46167594947165,31380.0,golfer,3,#007cbf,,,,,,,,
golfer_group_51,38.02932048603734,-84.46143527844885,31440.0,golfer,3,#007cbf,,,,,,,,
golfer_group_51,38.02954781666501,-84.4612008925283,31500.0,golfer,3,#007cbf,,,,,,,,
golfer_group_51,38.029775147292675,-84.46096650660775,31560.0,golfer,3,#007cbf,,,,,,,,
golfer_group_51,38.03000247792034,-84.46073212068718,31620.0,golfer,3,#007cbf,,,,,,,,
golfer_group_51,38.03022980854801,-84.46049773476663,31680.0,golfer,3,#007cbf,,,,,,,,
golfer_group_51,38.03028198771919,-84.46029007968264,31740.0,golfer,3,#007cbf,,,,,,,,
golfer_group_51,38.030017377451664,-84.46013077159431,31800.0,golfer,4,#007cbf,,,,,,,,
golfer_group_51,38.02974997117584,-84.46003134117494,31860.0,golfer,4,#007cbf,,,,,,,,
golfer_group_51,38.029472388508275,-84.46014984237516,31920.0,golfer,4,#007cbf,,,,,,,,
golfer_group_51,38.02919480584071,-84.46026834357538,31980.0,golfer,4,#007cbf,,,,,,,,
golfer_group_51,38.02891722317315,-84.46038684477558,32040.0,golfer,4,#007cbf,,,,,,,,
golfer_group_51,38.02863964050559,-84.4605053459758,32100.0,golfer,4,#007cbf,,,,,,,,
golfer_group_51,38.02846819932939,-84.46074999771898,32160.0,golfer,4,#007cbf,,,,,,,,
golfer_group_51,38.028356651102726,-84.46108459413088,32220.0,golfer,4,#007cbf,,,,,,,,
golfer_group_51,38.028163251425084,-84.46136377382878,32280.0,golfer,4,#007cbf,,,,,,,,
golfer_group_51,38.02796985174745,-84.46164295352668,32340.0,golfer,4,#007cbf,,,,,,,,
golfer_group_51,38.02777645206981,-84.46192213322458,32400.0,golfer,4,#007cbf,,,,,,,,
golfer_group_51,38.027583052392174,-84.46220131292247,32460.0,golfer,4,#007cbf,,,,,,,,
golfer_group_51,38.02739313138997,-84.4624841808364,32520.0,golfer,4,#007cbf,,,,,,,,
golfer_group_51,38.02721114487077,-84.46277546117278,32580.0,golfer,4,#007cbf,,,,,,,,
golfer_group_51,38.02702915835156,-84.46306674150915,32640.0,golfer,4,#007cbf,,,,,,,,
golfer_group_51,38.02684717183235,-84.46335802184554,32700.0,golfer,4,#007cbf,,,,,,,,
golfer_group_51,38.027030664719845,-84.46345337202217,32760.0,golfer,4,#007cbf,,,,,,,,
golfer_group_51,38.02732202605173,-84.46349089491457,32820.0,golfer,3,#007cbf,,,,,,,,
golfer_group_51,38.02761338738361,-84.46352841780696,32880.0,golfer,3,#007cbf,,,,,,,,
golfer_group_51,38.02787761975422,-84.46365295047241,32940.0,golfer,4,#007cbf,,,,,,,,
golfer_group_51,38.02811027773896,-84.46387875056652,33000.0,golfer,4,#007cbf,,,,,,,,
golfer_group_51,38.02834293572369,-84.46410455066062,33060.0,golfer,4,#007cbf,,,,,,,,
golfer_group_51,38.028575593708425,-84.46433035075472,33120.0,golfer,4,#007cbf,,,,,,,,
golfer_group_51,38.028808251693164,-84.46455615084882,33180.0,golfer,4,#007cbf,,,,,,,,
golfer_group_51,38.029040909677896,-84.46478195094294,33240.0,golfer,4,#007cbf,,,,,,,,
golfer_group_51,38.02927356766263,-84.46500775103704,33300.0,golfer,4,#007cbf,,,,,,,,
golfer_group_51,38.02950622564737,-84.46523355113113,33360.0,golfer,4,#007cbf,,,,,,,,
golfer_group_51,38.02975350361947,-84.4654282954189,33420.0,golfer,4,#007cbf,,,,,,,,
golfer_group_51,38.030020352724144,-84.46558146666777,33480.0,golfer,4,#007cbf,,,,,,,,
golfer_group_51,38.03028720182882,-84.46573463791665,33540.0,golfer,4,#007cbf,,,,,,,,
golfer_group_51,38.030554050933496,-84.46588780916554,33600.0,golfer,4,#007cbf,,,,,,,,
golfer_group_51,38.0308144451061,-84.46601508231271,33660.0,golfer,4,#007cbf,,,,,,,,
golfer_group_51,38.03096331555731,-84.46569490649415,33720.0,golfer,4,#007cbf,,,,,,,,
golfer_group_51,38.03100160851583,-84.46532942233877,33780.0,golfer,4,#007cbf,,,,,,,,
golfer_group_51,38.03102825601745,-84.4649591665407,33840.0,golfer,4,#007cbf,,,,,,,,
golfer_group_51,38.03105490351906,-84.46458891074262,33900.0,golfer,4,#007cbf,,,,,,,,
golfer_group_51,38.031081551020684,-84.46421865494455,33960.0,golfer,4,#007cbf,,,,,,,,
golfer_group_51,38.031108198522304,-84.46384839914647,34020.0,golfer,4,#007cbf,,,,,,,,
golfer_group_51,38.03113484602392,-84.4634781433484,34080.0,golfer,4,#007cbf,,,,,,,,
golfer_group_51,38.03116149352554,-84.46310788755032,34140.0,golfer,4,#007cbf,,,,,,,,
golfer_group_51,38.031127268705696,-84.46274982308951,34200.0,golfer,4,#007cbf,,,,,,,,
golfer_group_51,38.031012137391194,-84.4624079623538,34260.0,golfer,4,#007cbf,,,,,,,,
golfer_group_51,38.03089700607669,-84.46206610161808,34320.0,golfer,4,#007cbf,,,,,,,,
golfer_group_51,38.0307818747622,-84.46172424088235,34380.0,golfer,4,#007cbf,,,,,,,,
golfer_group_51,38.030666743447696,-84.46138238014663,34440.0,golfer,4,#007cbf,,,,,,,,
golfer_group_51,38.030551612133195,-84.46104051941091,34500.0,golfer,4,#007cbf,,,,,,,,
golfer_group_51,38.03081531898336,-84.46091137688049,34560.0,golfer,4,#007cbf,,,,,,,,
golfer_group_51,38.0310279411826,-84.46098091912485,34620.0,golfer,4,#007cbf,,,,,,,,
golfer_group_51,38.03115090321037,-84.46131835889211,34680.0,golfer,4,#007cbf,,,,,,,,
golfer_group_51,38.031273865238134,-84.46165579865938,34740.0,golfer,4,#007cbf,,,,,,,,
golfer_group_51,38.03139682726591,-84.46199323842663,34800.0,golfer,4,#007cbf,,,,,,,,
golfer_group_51,38.031519789293675,-84.4623306781939,34860.0,golfer,4,#007cbf,,,,,,,,
golfer_group_51,38.03164275132144,-84.46266811796116,34920.0,golfer,4,#007cbf,,,,,,,,
golfer_group_51,38.03176571334921,-84.46300555772842,34980.0,golfer,4,#007cbf,,,,,,,,
golfer_group_51,38.031888675376976,-84.46334299749569,35040.0,golfer,4,#007cbf,,,,,,,,
golfer_group_51,38.031909837946635,-84.46368872876327,35100.0,golfer,4,#007cbf,,,,,,,,
golfer_group_51,38.03182184589159,-84.46404335060477,35160.0,golfer,4,#007cbf,,,,,,,,
golfer_group_51,38.03173385383655,-84.46439797244628,35220.0,golfer,4,#007cbf,,,,,,,,
golfer_group_51,38.031645861781506,-84.46475259428779,35280.0,golfer,4,#007cbf,,,,,,,,
golfer_group_51,38.03155786972646,-84.46510721612928,35340.0,golfer,4,#007cbf,,,,,,,,
golfer_group_51,38.03146987767142,-84.46546183797079,35400.0,golfer,4,#007cbf,,,,,,,,
golfer_group_51,38.03131864912918,-84.46576966145622,35460.0,golfer,4,#007cbf,,,,,,,,
golfer_group_51,38.0311189562348,-84.46604161874937,35520.0,golfer,4,#007cbf,,,,,,,,
golfer_group_51,38.030919263340415,-84.46631357604252,35580.0,golfer,4,#007cbf,,,,,,,,
golfer_group_51,38.030718115722834,-84.46658350967269,35640.0,golfer,4,#007cbf,,,,,,,,
golfer_group_51,38.0304866033238,-84.46681120290668,35700.0,golfer,4,#007cbf,,,,,,,,
golfer_group_51,38.030255090924776,-84.46703889614066,35760.0,golfer,4,#007cbf,,,,,,,,
golfer_group_51,38.03002357852575,-84.46726658937465,35820.0,golfer,4,#007cbf,,,,,,,,
golfer_group_51,38.02979206612672,-84.46749428260863,35880.0,golfer,4,#007cbf,,,,,,,,
golfer_group_51,38.02956055372769,-84.46772197584261,35940.0,golfer,4,#007cbf,,,,,,,,
golfer_group_51,38.02932904132866,-84.4679496690766,36000.0,golfer,4,#007cbf,,,,,,,,
golfer_group_51,38.02909752892963,-84.46817736231058,36060.0,golfer,4,#007cbf,,,,,,,,
golfer_group_51,38.0288660165306,-84.46840505554457,36120.0,golfer,4,#007cbf,,,,,,,,
golfer_group_51,38.02869804015225,-84.46870681462924,36180.0,golfer,4,#007cbf,,,,,,,,
golfer_group_51,38.028539024924726,-84.46901901999702,36240.0,golfer,4,#007cbf,,,,,,,,
golfer_group_51,38.0283800096972,-84.46933122536481,36300.0,golfer,4,#007cbf,,,,,,,,
golfer_group_51,38.028129065075696,-84.46949162304078,36360.0,golfer,4,#007cbf,,,,,,,,
golfer_group_51,38.02785052807789,-84.46960645602002,36420.0,golfer,1,#007cbf,,,,,,,,
golfer_group_51,38.027571991080094,-84.46972128899925,36480.0,golfer,1,#007cbf,,,,,,,,
golfer_group_51,38.02729345408229,-84.4698361219785,36540.0,golfer,4,#007cbf,,,,,,,,
golfer_group_51,38.027014917084486,-84.46995095495774,36600.0,golfer,4,#007cbf,,,,,,,,
golfer_group_51,38.02677219339408,-84.46990690842384,36660.0,golfer,4,#007cbf,,,,,,,,
golfer_group_51,38.026583670283,-84.46962241044099,36720.0,golfer,4,#007cbf,,,,,,,,
golfer_group_51,38.02639514717193,-84.46933791245814,36780.0,golfer,4,#007cbf,,,,,,,,
golfer_group_51,38.026206624060855,-84.4690534144753,36840.0,golfer,4,#007cbf,,,,,,,,
golfer_group_51,38.02601810094978,-84.46876891649245,36900.0,golfer,4,#007cbf,,,,,,,,
golfer_group_51,38.0258295778387,-84.4684844185096,36960.0,golfer,4,#007cbf,,,,,,,,
golfer_group_51,38.02564105472762,-84.46819992052676,37020.0,golfer,4,#007cbf,,,,,,,,
golfer_group_51,38.02539873776804,-84.4680332578427,37080.0,golfer,4,#007cbf,,,,,,,,
golfer_group_51,38.02511056304286,-84.46796704648648,37140.0,golfer,4,#007cbf,,,,,,,,
golfer_group_51,38.02482238831767,-84.46790083513027,37200.0,golfer,4,#007cbf,,,,,,,,
golfer_group_51,38.02466098715723,-84.46791926274804,37260.0,golfer,4,#007cbf,,,,,,,,
golfer_group_51,38.0248672597656,-84.46818316370741,37320.0,golfer,4,#007cbf,,,,,,,,
golfer_group_51,38.025073532373966,-84.46844706466678,37380.0,golfer,4,#007cbf,,,,,,,,
golfer_group_51,38.02498232223591,-84.46858500193528,37440.0,golfer,4,#007cbf,,,,,,,,
golfer_group_51,38.024692555469876,-84.46863886398934,37500.0,golfer,4,#007cbf,,,,,,,,
golfer_group_51,38.02440278870384,-84.4686927260434,37560.0,golfer,4,#007cbf,,,,,,,,
golfer_group_51,38.0241130219378,-84.46874658809746,37620.0,golfer,4,#007cbf,,,,,,,,
golfer_group_51,38.02382325517176,-84.46880045015152,37680.0,golfer,4,#007cbf,,,,,,,,
golfer_group_51,38.023533488405725,-84.46885431220558,37740.0,golfer,4,#007cbf,,,,,,,,
golfer_group_51,38.02325287292604,-84.46895459002404,37800.0,golfer,4,#007cbf,,,,,,,,
golfer_group_51,38.023120094224296,-84.46908677293466,37860.0,golfer,4,#007cbf,,,,,,,,
golfer_group_51,38.02338797984743,-84.46923698741324,37920.0,golfer,4,#007cbf,,,,,,,,
golfer_group_51,38.02365586547056,-84.46938720189182,37980.0,golfer,4,#007cbf,,,,,,,,
golfer_group_51,38.02392375109368,-84.4695374163704,38040.0,golfer,4,#007cbf,,,,,,,,
golfer_group_51,38.024191636716814,-84.46968763084898,38100.0,golfer,4,#007cbf,,,,,,,,
golfer_group_51,38.024459522339946,-84.46983784532756,38160.0,golfer,4,#007cbf,,,,,,,,
golfer_group_51,38.02472740796308,-84.46998805980614,38220.0,golfer,4,#007cbf,,,,,,,,
golfer_group_51,38.0249952935862,-84.47013827428472,38280.0,golfer,4,#007cbf,,,,,,,,
golfer_group_51,38.02526317920933,-84.4702884887633,38340.0,golfer,4,#007cbf,,,,,,,,
golfer_group_51,38.02549053793203,-84.47051685206469,38400.0,golfer,4,#007cbf,,,,,,,,
golfer_group_51,38.02570511747455,-84.47076985771169,38460.0,golfer,4,#007cbf,,,,,,,,
golfer_group_51,38.025919697017066,-84.4710228633587,38520.0,golfer,4,#007cbf,,,,,,,,
golfer_group_51,38.02613427655959,-84.4712758690057,38580.0,golfer,4,#007cbf,,,,,,,,
golfer_group_51,38.02634885610211,-84.4715288746527,38640.0,golfer,4,#007cbf,,,,,,,,
golfer_group_51,38.026563435644626,-84.4717818802997,38700.0,golfer,4,#007cbf,,,,,,,,
golfer_group_51,38.02678243981026,-84.47202860408251,38760.0,golfer,4,#007cbf,,,,,,,,
golfer_group_51,38.02668611647238,-84.47218057293104,38820.0,golfer,4,#007cbf,,,,,,,,
golfer_group_51,38.02640386024167,-84.4722796932027,38880.0,golfer,4,#007cbf,,,,,,,,
golfer_group_51,38.02612160401096,-84.47237881347434,38940.0,golfer,4,#007cbf,,,,,,,,
golfer_group_51,38.02583934778024,-84.47247793374599,39000.0,golfer,4,#007cbf,,,,,,,,
golfer_group_51,38.02555709154953,-84.47257705401765,39060.0,golfer,4,#007cbf,,,,,,,,
golfer_group_51,38.025278899056985,-84.47258808504574,39120.0,golfer,4,#007cbf,,,,,,,,
golfer_group_51,38.02505413568005,-84.47238241246707,39180.0,golfer,4,#007cbf,,,,,,,,
golfer_group_51,38.02491621232278,-84.47205445775451,39240.0,golfer,4,#007cbf,,,,,,,,
golfer_group_51,38.02477828896551,-84.47172650304194,39300.0,golfer,4,#007cbf,,,,,,,,
golfer_group_51,38.024640365608235,-84.47139854832938,39360.0,golfer,4,#007cbf,,,,,,,,
golfer_group_51,38.02450244225096,-84.4710705936168,39420.0,golfer,4,#007cbf,,,,,,,,
golfer_group_51,38.02436451889369,-84.47074263890424,39480.0,golfer,4,#007cbf,,,,,,,,
golfer_group_51,38.02422659553642,-84.47041468419167,39540.0,golfer,4,#007cbf,,,,,,,,
golfer_group_51,38.02408867217915,-84.4700867294791,39600.0,golfer,4,#007cbf,,,,,,,,
golfer_group_51,38.023830177494666,-84.46991493651929,39660.0,golfer,4,#007cbf,,,,,,,,
golfer_group_51,38.02356911857893,-84.46974646470437,39720.0,golfer,4,#007cbf,,,,,,,,
golfer_group_51,38.0233080596632,-84.46957799288944,39780.0,golfer,4,#007cbf,,,,,,,,
golfer_group_51,38.02304700074746,-84.46940952107451,39840.0,golfer,4,#007cbf,,,,,,,,
golfer_group_51,38.0227847606833,-84.46924457405959,39900.0,golfer,4,#007cbf,,,,,,,,
golfer_group_51,38.02250809559787,-84.46912267439926,39960.0,golfer,4,#007cbf,,,,,,,,
golfer_group_51,38.022527943550884,-84.46893235209967,40020.0,golfer,4,#007cbf,,,,,,,,
golfer_group_51,38.02275311404551,-84.46869465006165,40080.0,golfer,4,#007cbf,,,,,,,,
golfer_group_51,38.02297828454014,-84.46845694802364,40140.0,golfer,4,#007cbf,,,,,,,,
golfer_group_51,38.02320345503476,-84.46821924598564,40200.0,golfer,4,#007cbf,,,,,,,,
golfer_group_51,38.023428625529384,-84.46798154394763,40260.0,golfer,4,#007cbf,,,,,,,,
golfer_group_51,38.02365379602401,-84.46774384190961,40320.0,golfer,4,#007cbf,,,,,,,,
golfer_group_51,38.02387896651864,-84.4675061398716,40380.0,golfer,4,#007cbf,,,,,,,,
golfer_group_51,38.02410413701326,-84.4672684378336,40440.0,golfer,4,#007cbf,,,,,,,,
golfer_group_51,38.024329307507884,-84.46703073579559,40500.0,golfer,4,#007cbf,,,,,,,,
golfer_group_51,38.024516630016976,-84.46674714202182,40560.0,golfer,4,#007cbf,,,,,,,,
golfer_group_51,38.02469334505099,-84.4664506863893,40620.0,golfer,4,#007cbf,,,,,,,,
golfer_group_51,38.02487006008501,-84.46615423075679,40680.0,golfer,4,#007cbf,,,,,,,,
golfer_group_51,38.02504677511902,-84.46585777512426,40740.0,golfer,4,#007cbf,,,,,,,,
golfer_group_51,38.02525798622544,-84.46562593134438,40800.0,golfer,4,#007cbf,,,,,,,,
golfer_group_51,38.025540368765746,-84.46552739312297,40860.0,golfer,4,#007cbf,,,,,,,,
golfer_group_51,38.02582275130605,-84.46542885490156,40920.0,golfer,4,#007cbf,,,,,,,,
golfer_group_51,38.02610513384636,-84.46533031668015,40980.0,golfer,4,#007cbf,,,,,,,,
golfer_group_51,38.02637936666449,-84.46537020680762,41040.0,golfer,4,#007cbf,,,,,,,,
golfer_group_51,38.02664707383,-84.4655209394031,41100.0,golfer,4,#007cbf,,,,,,,,
golfer_group_51,38.026914780995504,-84.46567167199859,41160.0,golfer,4,#007cbf,,,,,,,,
golfer_group_51,38.02718248816101,-84.46582240459409,41220.0,golfer,4,#007cbf,,,,,,,,
golfer_group_51,38.027450195326516,-84.46597313718958,41280.0,golfer,4,#007cbf,,,,,,,,
golfer_group_51,38.02771790249202,-84.46612386978506,41340.0,golfer,4,#007cbf,,,,,,,,
golfer_group_51,38.027985609657534,-84.46627460238055,41400.0,golfer,4,#007cbf,,,,,,,,
golfer_group_51,38.02825331682304,-84.46642533497604,41460.0,golfer,4,#007cbf,,,,,,,,
golfer_group_51,38.02854411583699,-84.46643446747252,41520.0,golfer,4,#007cbf,,,,,,,,
golfer_group_51,38.02883696025459,-84.46643105747557,41580.0,golfer,4,#007cbf,,,,,,,,
golfer_group_51,38.02912980467218,-84.46642764747862,41640.0,golfer,4,#007cbf,,,,,,,,
golfer_group_51,38.029422649089774,-84.46642423748168,41700.0,golfer,4,#007cbf,,,,,,,,
golfer_group_51,38.029714660100595,-84.46640554510962,41760.0,golfer,4,#007cbf,,,,,,,,
golfer_group_51,38.03000508074206,-84.46635768976212,41820.0,golfer,4,#007cbf,,,,,,,,
golfer_group_51,38.03029550138352,-84.46630983441462,41880.0,golfer,4,#007cbf,,,,,,,,
golfer_group_51,38.03034421537664,-84.46623396436489,41940.0,golfer,4,#007cbf,,,,,,,,
golfer_group_51,38.0300654222068,-84.4661201350132,42000.0,golfer,4,#007cbf,,,,,,,,
golfer_group_51,38.02978662903697,-84.46600630566151,42060.0,golfer,4,#007cbf,,,,,,,,
golfer_group_51,38.02950783586713,-84.46589247630982,42120.0,golfer,4,#007cbf,,,,,,,,
golfer_group_51,38.029229042697295,-84.46577864695813,42180.0,golfer,4,#007cbf,,,,,,,,
golfer_group_51,38.02895024952746,-84.46566481760644,42240.0,golfer,4,#007cbf,,,,,,,,
golfer_group_51,38.02867145635763,-84.46555098825475,42300.0,golfer,4,#007cbf,,,,,,,,
golfer_group_51,38.02839266318779,-84.46543715890306,42360.0,golfer,4,#007cbf,,,,,,,,
golfer_group_51,38.02811294382565,-84.46532834232956,42420.0,golfer,4,#007cbf,,,,,,,,
golfer_group_51,38.02782336017175,-84.46527291370359,42480.0,golfer,4,#007cbf,,,,,,,,
golfer_group_51,38.02753377651786,-84.46521748507763,42540.0,golfer,4,#007cbf,,,,,,,,
golfer_group_51,38.027244192863975,-84.46516205645167,42600.0,golfer,4,#007cbf,,,,,,,,
golfer_group_51,38.02695460921009,-84.46510662782572,42660.0,golfer,4,#007cbf,,,,,,,,
golfer_group_51,38.02666502555619,-84.46505119919976,42720.0,golfer,4,#007cbf,,,,,,,,
golfer_group_51,38.02637326063661,-84.4650346343973,42780.0,golfer,4,#007cbf,,,,,,,,
golfer_group_51,38.02608041188864,-84.46503738027086,42840.0,golfer,4,#007cbf,,,,,,,,
golfer_group_51,38.025787563140675,-84.46504012614442,42900.0,golfer,2,#007cbf,,,,,,,,
golfer_group_51,38.025494714392714,-84.46504287201797,42960.0,golfer,4,#007cbf,,,,,,,,
golfer_group_51,38.02556401049359,-84.4653626218534,43020.0,golfer,4,#007cbf,,,,,,,,
golfer_group_51,38.025666096931715,-84.46571107475296,43080.0,golfer,4,#007cbf,,,,,,,,
golfer_group_51,38.02576818336984,-84.46605952765252,43140.0,golfer,4,#007cbf,,,,,,,,
golfer_group_51,38.02587026980797,-84.46640798055208,43200.0,golfer,4,#007cbf,,,,,,,,
golfer_group_51,38.02597235624609,-84.46675643345164,43260.0,golfer,4,#007cbf,,,,,,,,
golfer_group_51,38.02607444268422,-84.46710488635118,43320.0,golfer,4,#007cbf,,,,,,,,
golfer_group_51,38.026176529122345,-84.46745333925074,43380.0,golfer,4,#007cbf,,,,,,,,
golfer_group_51,38.02627861556047,-84.4678017921503,43440.0,golfer,4,#007cbf,,,,,,,,
golfer_group_51,38.026391551516966,-84.46814347235242,43500.0,golfer,4,#007cbf,,,,,,,,
golfer_group_51,38.0265466275618,-84.46845884704874,43560.0,golfer,4,#007cbf,,,,,,,,
golfer_group_51,38.02670170360664,-84.46877422174504,43620.0,golfer,4,#007cbf,,,,,,,,
golfer_group_51,38.02685677965148,-84.46908959644135,43680.0,golfer,4,#007cbf,,,,,,,,
golfer_group_51,38.027011855696315,-84.46940497113766,43740.0,golfer,4,#007cbf,,,,,,,,
golfer_group_51,38.027202562026105,-84.46967624119414,43800.0,golfer,4,#007cbf,,,,,,,,
golfer_group_51,38.027447,-84.469881,43860.0,golfer,1,#007cbf,,,,,,,,
golfer_group_52,38.027447,-84.469881,30060.0,golfer,1,#007cbf,,,,,,,,
golfer_group_52,38.02754627606764,-84.46962578282717,30120.0,golfer,1,#007cbf,,,,,,,,
golfer_group_52,38.02744283462056,-84.4692779685763,30180.0,golfer,1,#007cbf,,,,,,,,
golfer_group_52,38.02733939317348,-84.46893015432545,30240.0,golfer,1,#007cbf,,,,,,,,
golfer_group_52,38.0272359517264,-84.46858234007459,30300.0,golfer,1,#007cbf,,,,,,,,
golfer_group_52,38.027132510279316,-84.46823452582373,30360.0,golfer,1,#007cbf,,,,,,,,
golfer_group_52,38.027029068832235,-84.46788671157287,30420.0,golfer,1,#007cbf,,,,,,,,
golfer_group_52,38.026925627385154,-84.46753889732202,30480.0,golfer,1,#007cbf,,,,,,,,
golfer_group_52,38.02682218593807,-84.46719108307117,30540.0,golfer,1,#007cbf,,,,,,,,
golfer_group_52,38.026707885382585,-84.46684997010087,30600.0,golfer,1,#007cbf,,,,,,,,
golfer_group_52,38.0265563489919,-84.46653183579225,30660.0,golfer,1,#007cbf,,,,,,,,
golfer_group_52,38.02640481260122,-84.46621370148365,30720.0,golfer,1,#007cbf,,,,,,,,
golfer_group_52,38.02625327621054,-84.46589556717504,30780.0,golfer,1,#007cbf,,,,,,,,
golfer_group_52,38.026097865476636,-84.4655806681031,30840.0,golfer,1,#007cbf,,,,,,,,
golfer_group_52,38.02592778516153,-84.46527801873756,30900.0,golfer,4,#007cbf,,,,,,,,
golfer_group_52,38.02575770484643,-84.46497536937204,30960.0,golfer,2,#007cbf,,,,,,,,
golfer_group_52,38.02580429978306,-84.46478189846547,31020.0,golfer,2,#007cbf,,,,,,,,
golfer_group_52,38.02609158193444,-84.46470970518055,31080.0,golfer,2,#007cbf,,,,,,,,
golfer_group_52,38.02637886408582,-84.46463751189565,31140.0,golfer,2,#007cbf,,,,,,,,
golfer_group_52,38.0266661462372,-84.46456531861072,31200.0,golfer,2,#007cbf,,,,,,,,
golfer_group_52,38.02695342838857,-84.4644931253258,31260.0,golfer,2,#007cbf,,,,,,,,
golfer_group_52,38.02723262500985,-84.46440936561527,31320.0,golfer,2,#007cbf,,,,,,,,
golfer_group_52,38.02732323296244,-84.46405582806928,31380.0,golfer,2,#007cbf,,,,,,,,
golfer_group_52,38.027413840915024,-84.46370229052329,31440.0,golfer,3,#007cbf,,,,,,,,
golfer_group_52,38.02755613921936,-84.46339199540722,31500.0,golfer,3,#007cbf,,,,,,,,
golfer_group_52,38.02777631020529,-84.46314684598785,31560.0,golfer,3,#007cbf,,,,,,,,
golfer_group_52,38.027996481191224,-84.4629016965685,31620.0,golfer,3,#007cbf,,,,,,,,
golfer_group_52,38.028216652177164,-84.46265654714912,31680.0,golfer,3,#007cbf,,,,,,,,
golfer_group_52,38.0284368231631,-84.46241139772975,31740.0,golfer,3,#007cbf,,,,,,,,
golfer_group_52,38.02865699414903,-84.4621662483104,31800.0,golfer,3,#007cbf,,,,,,,,
golfer_group_52,38.02887716513497,-84.46192109889103,31860.0,golfer,3,#007cbf,,,,,,,,
golfer_group_52,38.029097336120905,-84.46167594947165,31920.0,golfer,3,#007cbf,,,,,,,,
golfer_group_52,38.02932048603734,-84.46143527844885,31980.0,golfer,3,#007cbf,,,,,,,,
golfer_group_52,38.02954781666501,-84.4612008925283,32040.0,golfer,3,#007cbf,,,,,,,,
golfer_group_52,38.029775147292675,-84.46096650660775,32100.0,golfer,3,#007cbf,,,,,,,,
golfer_group_52,38.03000247792034,-84.46073212068718,32160.0,golfer,3,#007cbf,,,,,,,,
golfer_group_52,38.03022980854801,-84.46049773476663,32220.0,golfer,3,#007cbf,,,,,,,,
golfer_group_52,38.03028198771919,-84.46029007968264,32280.0,golfer,3,#007cbf,,,,,,,,
golfer_group_52,38.030017377451664,-84.46013077159431,32340.0,golfer,4,#007cbf,,,,,,,,
golfer_group_52,38.02974997117584,-84.46003134117494,32400.0,golfer,4,#007cbf,,,,,,,,
golfer_group_52,38.029472388508275,-84.46014984237516,32460.0,golfer,4,#007cbf,,,,,,,,
golfer_group_52,38.02919480584071,-84.46026834357538,32520.0,golfer,4,#007cbf,,,,,,,,
golfer_group_52,38.02891722317315,-84.46038684477558,32580.0,golfer,4,#007cbf,,,,,,,,
golfer_group_52,38.02863964050559,-84.4605053459758,32640.0,golfer,4,#007cbf,,,,,,,,
golfer_group_52,38.02846819932939,-84.46074999771898,32700.0,golfer,4,#007cbf,,,,,,,,
golfer_group_52,38.028356651102726,-84.46108459413088,32760.0,golfer,4,#007cbf,,,,,,,,
golfer_group_52,38.028163251425084,-84.46136377382878,32820.0,golfer,4,#007cbf,,,,,,,,
golfer_group_52,38.02796985174745,-84.46164295352668,32880.0,golfer,4,#007cbf,,,,,,,,
golfer_group_52,38.02777645206981,-84.46192213322458,32940.0,golfer,4,#007cbf,,,,,,,,
golfer_group_52,38.027583052392174,-84.46220131292247,33000.0,golfer,4,#007cbf,,,,,,,,
golfer_group_52,38.02739313138997,-84.4624841808364,33060.0,golfer,4,#007cbf,,,,,,,,
golfer_group_52,38.02721114487077,-84.46277546117278,33120.0,golfer,4,#007cbf,,,,,,,,
golfer_group_52,38.02702915835156,-84.46306674150915,33180.0,golfer,4,#007cbf,,,,,,,,
golfer_group_52,38.02684717183235,-84.46335802184554,33240.0,golfer,4,#007cbf,,,,,,,,
golfer_group_52,38.027030664719845,-84.46345337202217,33300.0,golfer,4,#007cbf,,,,,,,,
golfer_group_52,38.02732202605173,-84.46349089491457,33360.0,golfer,3,#007cbf,,,,,,,,
golfer_group_52,38.02761338738361,-84.46352841780696,33420.0,golfer,3,#007cbf,,,,,,,,
golfer_group_52,38.02787761975422,-84.46365295047241,33480.0,golfer,4,#007cbf,,,,,,,,
golfer_group_52,38.02811027773896,-84.46387875056652,33540.0,golfer,4,#007cbf,,,,,,,,
golfer_group_52,38.02834293572369,-84.46410455066062,33600.0,golfer,4,#007cbf,,,,,,,,
golfer_group_52,38.028575593708425,-84.46433035075472,33660.0,golfer,4,#007cbf,,,,,,,,
golfer_group_52,38.028808251693164,-84.46455615084882,33720.0,golfer,4,#007cbf,,,,,,,,
golfer_group_52,38.029040909677896,-84.46478195094294,33780.0,golfer,4,#007cbf,,,,,,,,
golfer_group_52,38.02927356766263,-84.46500775103704,33840.0,golfer,4,#007cbf,,,,,,,,
golfer_group_52,38.02950622564737,-84.46523355113113,33900.0,golfer,4,#007cbf,,,,,,,,
golfer_group_52,38.02975350361947,-84.4654282954189,33960.0,golfer,4,#007cbf,,,,,,,,
golfer_group_52,38.030020352724144,-84.46558146666777,34020.0,golfer,4,#007cbf,,,,,,,,
golfer_group_52,38.03028720182882,-84.46573463791665,34080.0,golfer,4,#007cbf,,,,,,,,
golfer_group_52,38.030554050933496,-84.46588780916554,34140.0,golfer,4,#007cbf,,,,,,,,
golfer_group_52,38.0308144451061,-84.46601508231271,34200.0,golfer,4,#007cbf,,,,,,,,
golfer_group_52,38.03096331555731,-84.46569490649415,34260.0,golfer,4,#007cbf,,,,,,,,
golfer_group_52,38.03100160851583,-84.46532942233877,34320.0,golfer,4,#007cbf,,,,,,,,
golfer_group_52,38.03102825601745,-84.4649591665407,34380.0,golfer,4,#007cbf,,,,,,,,
golfer_group_52,38.03105490351906,-84.46458891074262,34440.0,golfer,4,#007cbf,,,,,,,,
golfer_group_52,38.031081551020684,-84.46421865494455,34500.0,golfer,4,#007cbf,,,,,,,,
golfer_group_52,38.031108198522304,-84.46384839914647,34560.0,golfer,4,#007cbf,,,,,,,,
golfer_group_52,38.03113484602392,-84.4634781433484,34620.0,golfer,4,#007cbf,,,,,,,,
golfer_group_52,38.03116149352554,-84.46310788755032,34680.0,golfer,4,#007cbf,,,,,,,,
golfer_group_52,38.031127268705696,-84.46274982308951,34740.0,golfer,4,#007cbf,,,,,,,,
golfer_group_52,38.031012137391194,-84.4624079623538,34800.0,golfer,4,#007cbf,,,,,,,,
golfer_group_52,38.03089700607669,-84.46206610161808,34860.0,golfer,4,#007cbf,,,,,,,,
golfer_group_52,38.0307818747622,-84.46172424088235,34920.0,golfer,4,#007cbf,,,,,,,,
golfer_group_52,38.030666743447696,-84.46138238014663,34980.0,golfer,4,#007cbf,,,,,,,,
golfer_group_52,38.030551612133195,-84.46104051941091,35040.0,golfer,4,#007cbf,,,,,,,,
golfer_group_52,38.03081531898336,-84.46091137688049,35100.0,golfer,4,#007cbf,,,,,,,,
golfer_group_52,38.0310279411826,-84.46098091912485,35160.0,golfer,4,#007cbf,,,,,,,,
golfer_group_52,38.03115090321037,-84.46131835889211,35220.0,golfer,4,#007cbf,,,,,,,,
golfer_group_52,38.031273865238134,-84.46165579865938,35280.0,golfer,4,#007cbf,,,,,,,,
golfer_group_52,38.03139682726591,-84.46199323842663,35340.0,golfer,4,#007cbf,,,,,,,,
golfer_group_52,38.031519789293675,-84.4623306781939,35400.0,golfer,4,#007cbf,,,,,,,,
golfer_group_52,38.03164275132144,-84.46266811796116,35460.0,golfer,4,#007cbf,,,,,,,,
golfer_group_52,38.03176571334921,-84.46300555772842,35520.0,golfer,4,#007cbf,,,,,,,,
golfer_group_52,38.031888675376976,-84.46334299749569,35580.0,golfer,4,#007cbf,,,,,,,,
golfer_group_52,38.031909837946635,-84.46368872876327,35640.0,golfer,4,#007cbf,,,,,,,,
golfer_group_52,38.03182184589159,-84.46404335060477,35700.0,golfer,4,#007cbf,,,,,,,,
golfer_group_52,38.03173385383655,-84.46439797244628,35760.0,golfer,4,#007cbf,,,,,,,,
golfer_group_52,38.031645861781506,-84.46475259428779,35820.0,golfer,4,#007cbf,,,,,,,,
golfer_group_52,38.03155786972646,-84.46510721612928,35880.0,golfer,4,#007cbf,,,,,,,,
golfer_group_52,38.03146987767142,-84.46546183797079,35940.0,golfer,4,#007cbf,,,,,,,,
golfer_group_52,38.03131864912918,-84.46576966145622,36000.0,golfer,4,#007cbf,,,,,,,,
golfer_group_52,38.0311189562348,-84.46604161874937,36060.0,golfer,4,#007cbf,,,,,,,,
golfer_group_52,38.030919263340415,-84.46631357604252,36120.0,golfer,4,#007cbf,,,,,,,,
golfer_group_52,38.030718115722834,-84.46658350967269,36180.0,golfer,4,#007cbf,,,,,,,,
golfer_group_52,38.0304866033238,-84.46681120290668,36240.0,golfer,4,#007cbf,,,,,,,,
golfer_group_52,38.030255090924776,-84.46703889614066,36300.0,golfer,4,#007cbf,,,,,,,,
golfer_group_52,38.03002357852575,-84.46726658937465,36360.0,golfer,4,#007cbf,,,,,,,,
golfer_group_52,38.02979206612672,-84.46749428260863,36420.0,golfer,4,#007cbf,,,,,,,,
golfer_group_52,38.02956055372769,-84.46772197584261,36480.0,golfer,4,#007cbf,,,,,,,,
golfer_group_52,38.02932904132866,-84.4679496690766,36540.0,golfer,4,#007cbf,,,,,,,,
golfer_group_52,38.02909752892963,-84.46817736231058,36600.0,golfer,4,#007cbf,,,,,,,,
golfer_group_52,38.0288660165306,-84.46840505554457,36660.0,golfer,4,#007cbf,,,,,,,,
golfer_group_52,38.02869804015225,-84.46870681462924,36720.0,golfer,4,#007cbf,,,,,,,,
golfer_group_52,38.028539024924726,-84.46901901999702,36780.0,golfer,4,#007cbf,,,,,,,,
golfer_group_52,38.0283800096972,-84.46933122536481,36840.0,golfer,4,#007cbf,,,,,,,,
golfer_group_52,38.028129065075696,-84.46949162304078,36900.0,golfer,4,#007cbf,,,,,,,,
golfer_group_52,38.02785052807789,-84.46960645602002,36960.0,golfer,1,#007cbf,,,,,,,,
golfer_group_52,38.027571991080094,-84.46972128899925,37020.0,golfer,1,#007cbf,,,,,,,,
golfer_group_52,38.02729345408229,-84.4698361219785,37080.0,golfer,4,#007cbf,,,,,,,,
golfer_group_52,38.027014917084486,-84.46995095495774,37140.0,golfer,4,#007cbf,,,,,,,,
golfer_group_52,38.02677219339408,-84.46990690842384,37200.0,golfer,4,#007cbf,,,,,,,,
golfer_group_52,38.026583670283,-84.46962241044099,37260.0,golfer,4,#007cbf,,,,,,,,
golfer_group_52,38.02639514717193,-84.46933791245814,37320.0,golfer,4,#007cbf,,,,,,,,
golfer_group_52,38.026206624060855,-84.4690534144753,37380.0,golfer,4,#007cbf,,,,,,,,
golfer_group_52,38.02601810094978,-84.46876891649245,37440.0,golfer,4,#007cbf,,,,,,,,
golfer_group_52,38.0258295778387,-84.4684844185096,37500.0,golfer,4,#007cbf,,,,,,,,
golfer_group_52,38.02564105472762,-84.46819992052676,37560.0,golfer,4,#007cbf,,,,,,,,
golfer_group_52,38.02539873776804,-84.4680332578427,37620.0,golfer,4,#007cbf,,,,,,,,
golfer_group_52,38.02511056304286,-84.46796704648648,37680.0,golfer,4,#007cbf,,,,,,,,
golfer_group_52,38.02482238831767,-84.46790083513027,37740.0,golfer,4,#007cbf,,,,,,,,
golfer_group_52,38.02466098715723,-84.46791926274804,37800.0,golfer,4,#007cbf,,,,,,,,
golfer_group_52,38.0248672597656,-84.46818316370741,37860.0,golfer,4,#007cbf,,,,,,,,
golfer_group_52,38.025073532373966,-84.46844706466678,37920.0,golfer,4,#007cbf,,,,,,,,
golfer_group_52,38.02498232223591,-84.46858500193528,37980.0,golfer,4,#007cbf,,,,,,,,
golfer_group_52,38.024692555469876,-84.46863886398934,38040.0,golfer,4,#007cbf,,,,,,,,
golfer_group_52,38.02440278870384,-84.4686927260434,38100.0,golfer,4,#007cbf,,,,,,,,
golfer_group_52,38.0241130219378,-84.46874658809746,38160.0,golfer,4,#007cbf,,,,,,,,
golfer_group_52,38.02382325517176,-84.46880045015152,38220.0,golfer,4,#007cbf,,,,,,,,
golfer_group_52,38.023533488405725,-84.46885431220558,38280.0,golfer,4,#007cbf,,,,,,,,
golfer_group_52,38.02325287292604,-84.46895459002404,38340.0,golfer,4,#007cbf,,,,,,,,
golfer_group_52,38.023120094224296,-84.46908677293466,38400.0,golfer,4,#007cbf,,,,,,,,
golfer_group_52,38.02338797984743,-84.46923698741324,38460.0,golfer,4,#007cbf,,,,,,,,
golfer_group_52,38.02365586547056,-84.46938720189182,38520.0,golfer,4,#007cbf,,,,,,,,
golfer_group_52,38.02392375109368,-84.4695374163704,38580.0,golfer,4,#007cbf,,,,,,,,
golfer_group_52,38.024191636716814,-84.46968763084898,38640.0,golfer,4,#007cbf,,,,,,,,
golfer_group_52,38.024459522339946,-84.46983784532756,38700.0,golfer,4,#007cbf,,,,,,,,
golfer_group_52,38.02472740796308,-84.46998805980614,38760.0,golfer,4,#007cbf,,,,,,,,
golfer_group_52,38.0249952935862,-84.47013827428472,38820.0,golfer,4,#007cbf,,,,,,,,
golfer_group_52,38.02526317920933,-84.4702884887633,38880.0,golfer,4,#007cbf,,,,,,,,
golfer_group_52,38.02549053793203,-84.47051685206469,38940.0,golfer,4,#007cbf,,,,,,,,
golfer_group_52,38.02570511747455,-84.47076985771169,39000.0,golfer,4,#007cbf,,,,,,,,
golfer_group_52,38.025919697017066,-84.4710228633587,39060.0,golfer,4,#007cbf,,,,,,,,
golfer_group_52,38.02613427655959,-84.4712758690057,39120.0,golfer,4,#007cbf,,,,,,,,
golfer_group_52,38.02634885610211,-84.4715288746527,39180.0,golfer,4,#007cbf,,,,,,,,
golfer_group_52,38.026563435644626,-84.4717818802997,39240.0,golfer,4,#007cbf,,,,,,,,
golfer_group_52,38.02678243981026,-84.47202860408251,39300.0,golfer,4,#007cbf,,,,,,,,
golfer_group_52,38.02668611647238,-84.47218057293104,39360.0,golfer,4,#007cbf,,,,,,,,
golfer_group_52,38.02640386024167,-84.4722796932027,39420.0,golfer,4,#007cbf,,,,,,,,
golfer_group_52,38.02612160401096,-84.47237881347434,39480.0,golfer,4,#007cbf,,,,,,,,
golfer_group_52,38.02583934778024,-84.47247793374599,39540.0,golfer,4,#007cbf,,,,,,,,
golfer_group_52,38.02555709154953,-84.47257705401765,39600.0,golfer,4,#007cbf,,,,,,,,
golfer_group_52,38.025278899056985,-84.47258808504574,39660.0,golfer,4,#007cbf,,,,,,,,
golfer_group_52,38.02505413568005,-84.47238241246707,39720.0,golfer,4,#007cbf,,,,,,,,
golfer_group_52,38.02491621232278,-84.47205445775451,39780.0,golfer,4,#007cbf,,,,,,,,
golfer_group_52,38.02477828896551,-84.47172650304194,39840.0,golfer,4,#007cbf,,,,,,,,
golfer_group_52,38.024640365608235,-84.47139854832938,39900.0,golfer,4,#007cbf,,,,,,,,
golfer_group_52,38.02450244225096,-84.4710705936168,39960.0,golfer,4,#007cbf,,,,,,,,
golfer_group_52,38.02436451889369,-84.47074263890424,40020.0,golfer,4,#007cbf,,,,,,,,
golfer_group_52,38.02422659553642,-84.47041468419167,40080.0,golfer,4,#007cbf,,,,,,,,
golfer_group_52,38.02408867217915,-84.4700867294791,40140.0,golfer,4,#007cbf,,,,,,,,
golfer_group_52,38.023830177494666,-84.46991493651929,40200.0,golfer,4,#007cbf,,,,,,,,
golfer_group_52,38.02356911857893,-84.46974646470437,40260.0,golfer,4,#007cbf,,,,,,,,
golfer_group_52,38.0233080596632,-84.46957799288944,40320.0,golfer,4,#007cbf,,,,,,,,
golfer_group_52,38.02304700074746,-84.46940952107451,40380.0,golfer,4,#007cbf,,,,,,,,
golfer_group_52,38.0227847606833,-84.46924457405959,40440.0,golfer,4,#007cbf,,,,,,,,
golfer_group_52,38.02250809559787,-84.46912267439926,40500.0,golfer,4,#007cbf,,,,,,,,
golfer_group_52,38.022527943550884,-84.46893235209967,40560.0,golfer,4,#007cbf,,,,,,,,
golfer_group_52,38.02275311404551,-84.46869465006165,40620.0,golfer,4,#007cbf,,,,,,,,
golfer_group_52,38.02297828454014,-84.46845694802364,40680.0,golfer,4,#007cbf,,,,,,,,
golfer_group_52,38.02320345503476,-84.46821924598564,40740.0,golfer,4,#007cbf,,,,,,,,
golfer_group_52,38.023428625529384,-84.46798154394763,40800.0,golfer,4,#007cbf,,,,,,,,
golfer_group_52,38.02365379602401,-84.46774384190961,40860.0,golfer,4,#007cbf,,,,,,,,
golfer_group_52,38.02387896651864,-84.4675061398716,40920.0,golfer,4,#007cbf,,,,,,,,
golfer_group_52,38.02410413701326,-84.4672684378336,40980.0,golfer,4,#007cbf,,,,,,,,
golfer_group_52,38.024329307507884,-84.46703073579559,41040.0,golfer,4,#007cbf,,,,,,,,
golfer_group_52,38.024516630016976,-84.46674714202182,41100.0,golfer,4,#007cbf,,,,,,,,
golfer_group_52,38.02469334505099,-84.4664506863893,41160.0,golfer,4,#007cbf,,,,,,,,
golfer_group_52,38.02487006008501,-84.46615423075679,41220.0,golfer,4,#007cbf,,,,,,,,
golfer_group_52,38.02504677511902,-84.46585777512426,41280.0,golfer,4,#007cbf,,,,,,,,
golfer_group_52,38.02525798622544,-84.46562593134438,41340.0,golfer,4,#007cbf,,,,,,,,
golfer_group_52,38.025540368765746,-84.46552739312297,41400.0,golfer,4,#007cbf,,,,,,,,
golfer_group_52,38.02582275130605,-84.46542885490156,41460.0,golfer,4,#007cbf,,,,,,,,
golfer_group_52,38.02610513384636,-84.46533031668015,41520.0,golfer,4,#007cbf,,,,,,,,
golfer_group_52,38.02637936666449,-84.46537020680762,41580.0,golfer,4,#007cbf,,,,,,,,
golfer_group_52,38.02664707383,-84.4655209394031,41640.0,golfer,4,#007cbf,,,,,,,,
golfer_group_52,38.026914780995504,-84.46567167199859,41700.0,golfer,4,#007cbf,,,,,,,,
golfer_group_52,38.02718248816101,-84.46582240459409,41760.0,golfer,4,#007cbf,,,,,,,,
golfer_group_52,38.027450195326516,-84.46597313718958,41820.0,golfer,4,#007cbf,,,,,,,,
golfer_group_52,38.02771790249202,-84.46612386978506,41880.0,golfer,4,#007cbf,,,,,,,,
golfer_group_52,38.027985609657534,-84.46627460238055,41940.0,golfer,4,#007cbf,,,,,,,,
golfer_group_52,38.02825331682304,-84.46642533497604,42000.0,golfer,4,#007cbf,,,,,,,,
golfer_group_52,38.02854411583699,-84.46643446747252,42060.0,golfer,4,#007cbf,,,,,,,,
golfer_group_52,38.02883696025459,-84.46643105747557,42120.0,golfer,4,#007cbf,,,,,,,,
golfer_group_52,38.02912980467218,-84.46642764747862,42180.0,golfer,4,#007cbf,,,,,,,,
golfer_group_52,38.029422649089774,-84.46642423748168,42240.0,golfer,4,#007cbf,,,,,,,,
golfer_group_52,38.029714660100595,-84.46640554510962,42300.0,golfer,4,#007cbf,,,,,,,,
golfer_group_52,38.03000508074206,-84.46635768976212,42360.0,golfer,4,#007cbf,,,,,,,,
golfer_group_52,38.03029550138352,-84.46630983441462,42420.0,golfer,4,#007cbf,,,,,,,,
golfer_group_52,38.03034421537664,-84.46623396436489,42480.0,golfer,4,#007cbf,,,,,,,,
golfer_group_52,38.0300654222068,-84.4661201350132,42540.0,golfer,4,#007cbf,,,,,,,,
golfer_group_52,38.02978662903697,-84.46600630566151,42600.0,golfer,4,#007cbf,,,,,,,,
golfer_group_52,38.02950783586713,-84.46589247630982,42660.0,golfer,4,#007cbf,,,,,,,,
golfer_group_52,38.029229042697295,-84.46577864695813,42720.0,golfer,4,#007cbf,,,,,,,,
golfer_group_52,38.02895024952746,-84.46566481760644,42780.0,golfer,4,#007cbf,,,,,,,,
golfer_group_52,38.02867145635763,-84.46555098825475,42840.0,golfer,4,#007cbf,,,,,,,,
golfer_group_52,38.02839266318779,-84.46543715890306,42900.0,golfer,4,#007cbf,,,,,,,,
golfer_group_52,38.02811294382565,-84.46532834232956,42960.0,golfer,4,#007cbf,,,,,,,,
golfer_group_52,38.02782336017175,-84.46527291370359,43020.0,golfer,4,#007cbf,,,,,,,,
golfer_group_52,38.02753377651786,-84.46521748507763,43080.0,golfer,4,#007cbf,,,,,,,,
golfer_group_52,38.027244192863975,-84.46516205645167,43140.0,golfer,4,#007cbf,,,,,,,,
golfer_group_52,38.02695460921009,-84.46510662782572,43200.0,golfer,4,#007cbf,,,,,,,,
golfer_group_52,38.02666502555619,-84.46505119919976,43260.0,golfer,4,#007cbf,,,,,,,,
golfer_group_52,38.02637326063661,-84.4650346343973,43320.0,golfer,4,#007cbf,,,,,,,,
golfer_group_52,38.02608041188864,-84.46503738027086,43380.0,golfer,4,#007cbf,,,,,,,,
golfer_group_52,38.025787563140675,-84.46504012614442,43440.0,golfer,2,#007cbf,,,,,,,,
golfer_group_52,38.025494714392714,-84.46504287201797,43500.0,golfer,4,#007cbf,,,,,,,,
golfer_group_52,38.02556401049359,-84.4653626218534,43560.0,golfer,4,#007cbf,,,,,,,,
golfer_group_52,38.025666096931715,-84.46571107475296,43620.0,golfer,4,#007cbf,,,,,,,,
golfer_group_52,38.02576818336984,-84.46605952765252,43680.0,golfer,4,#007cbf,,,,,,,,
golfer_group_52,38.02587026980797,-84.46640798055208,43740.0,golfer,4,#007cbf,,,,,,,,
golfer_group_52,38.02597235624609,-84.46675643345164,43800.0,golfer,4,#007cbf,,,,,,,,
golfer_group_52,38.02607444268422,-84.46710488635118,43860.0,golfer,4,#007cbf,,,,,,,,
golfer_group_52,38.026176529122345,-84.46745333925074,43920.0,golfer,4,#007cbf,,,,,,,,
golfer_group_52,38.02627861556047,-84.4678017921503,43980.0,golfer,4,#007cbf,,,,,,,,
golfer_group_52,38.026391551516966,-84.46814347235242,44040.0,golfer,4,#007cbf,,,,,,,,
golfer_group_52,38.0265466275618,-84.46845884704874,44100.0,golfer,4,#007cbf,,,,,,,,
golfer_group_52,38.02670170360664,-84.46877422174504,44160.0,golfer,4,#007cbf,,,,,,,,
golfer_group_52,38.02685677965148,-84.46908959644135,44220.0,golfer,4,#007cbf,,,,,,,,
golfer_group_52,38.027011855696315,-84.46940497113766,44280.0,golfer,4,#007cbf,,,,,,,,
golfer_group_52,38.027202562026105,-84.46967624119414,44340.0,golfer,4,#007cbf,,,,,,,,
golfer_group_52,38.027447,-84.469881,44400.0,golfer,1,#007cbf,,,,,,,,
golfer_group_53,38.027447,-84.469881,30600.0,golfer,1,#007cbf,,,,,,,,
golfer_group_53,38.02754627606764,-84.46962578282717,30660.0,golfer,1,#007cbf,,,,,,,,
golfer_group_53,38.02744283462056,-84.4692779685763,30720.0,golfer,1,#007cbf,,,,,,,,
golfer_group_53,38.02733939317348,-84.46893015432545,30780.0,golfer,1,#007cbf,,,,,,,,
golfer_group_53,38.0272359517264,-84.46858234007459,30840.0,golfer,1,#007cbf,,,,,,,,
golfer_group_53,38.027132510279316,-84.46823452582373,30900.0,golfer,1,#007cbf,,,,,,,,
golfer_group_53,38.027029068832235,-84.46788671157287,30960.0,golfer,1,#007cbf,,,,,,,,
golfer_group_53,38.026925627385154,-84.46753889732202,31020.0,golfer,1,#007cbf,,,,,,,,
golfer_group_53,38.02682218593807,-84.46719108307117,31080.0,golfer,1,#007cbf,,,,,,,,
golfer_group_53,38.026707885382585,-84.46684997010087,31140.0,golfer,1,#007cbf,,,,,,,,
golfer_group_53,38.0265563489919,-84.46653183579225,31200.0,golfer,1,#007cbf,,,,,,,,
golfer_group_53,38.02640481260122,-84.46621370148365,31260.0,golfer,1,#007cbf,,,,,,,,
golfer_group_53,38.02625327621054,-84.46589556717504,31320.0,golfer,1,#007cbf,,,,,,,,
golfer_group_53,38.026097865476636,-84.4655806681031,31380.0,golfer,1,#007cbf,,,,,,,,
golfer_group_53,38.02592778516153,-84.46527801873756,31440.0,golfer,4,#007cbf,,,,,,,,
golfer_group_53,38.02575770484643,-84.46497536937204,31500.0,golfer,2,#007cbf,,,,,,,,
golfer_group_53,38.02580429978306,-84.46478189846547,31560.0,golfer,2,#007cbf,,,,,,,,
golfer_group_53,38.02609158193444,-84.46470970518055,31620.0,golfer,2,#007cbf,,,,,,,,
golfer_group_53,38.02637886408582,-84.46463751189565,31680.0,golfer,2,#007cbf,,,,,,,,
golfer_group_53,38.0266661462372,-84.46456531861072,31740.0,golfer,2,#007cbf,,,,,,,,
golfer_group_53,38.02695342838857,-84.4644931253258,31800.0,golfer,2,#007cbf,,,,,,,,
golfer_group_53,38.02723262500985,-84.46440936561527,31860.0,golfer,2,#007cbf,,,,,,,,
golfer_group_53,38.02732323296244,-84.46405582806928,31920.0,golfer,2,#007cbf,,,,,,,,
golfer_group_53,38.027413840915024,-84.46370229052329,31980.0,golfer,3,#007cbf,,,,,,,,
golfer_group_53,38.02755613921936,-84.46339199540722,32040.0,golfer,3,#007cbf,,,,,,,,
golfer_group_53,38.02777631020529,-84.46314684598785,32100.0,golfer,3,#007cbf,,,,,,,,
golfer_group_53,38.027996481191224,-84.4629016965685,32160.0,golfer,3,#007cbf,,,,,,,,
golfer_group_53,38.028216652177164,-84.46265654714912,32220.0,golfer,3,#007cbf,,,,,,,,
golfer_group_53,38.0284368231631,-84.46241139772975,32280.0,golfer,3,#007cbf,,,,,,,,
golfer_group_53,38.02865699414903,-84.4621662483104,32340.0,golfer,3,#007cbf,,,,,,,,
golfer_group_53,38.02887716513497,-84.46192109889103,32400.0,golfer,3,#007cbf,,,,,,,,
golfer_group_53,38.029097336120905,-84.46167594947165,32460.0,golfer,3,#007cbf,,,,,,,,
golfer_group_53,38.02932048603734,-84.46143527844885,32520.0,golfer,3,#007cbf,,,,,,,,
golfer_group_53,38.02954781666501,-84.4612008925283,32580.0,golfer,3,#007cbf,,,,,,,,
golfer_group_53,38.029775147292675,-84.46096650660775,32640.0,golfer,3,#007cbf,,,,,,,,
golfer_group_53,38.03000247792034,-84.46073212068718,32700.0,golfer,3,#007cbf,,,,,,,,
golfer_group_53,38.03022980854801,-84.46049773476663,32760.0,golfer,3,#007cbf,,,,,,,,
golfer_group_53,38.03028198771919,-84.46029007968264,32820.0,golfer,3,#007cbf,,,,,,,,
golfer_group_53,38.030017377451664,-84.46013077159431,32880.0,golfer,4,#007cbf,,,,,,,,
golfer_group_53,38.02974997117584,-84.46003134117494,32940.0,golfer,4,#007cbf,,,,,,,,
golfer_group_53,38.029472388508275,-84.46014984237516,33000.0,golfer,4,#007cbf,,,,,,,,
golfer_group_53,38.02919480584071,-84.46026834357538,33060.0,golfer,4,#007cbf,,,,,,,,
golfer_group_53,38.02891722317315,-84.46038684477558,33120.0,golfer,4,#007cbf,,,,,,,,
golfer_group_53,38.02863964050559,-84.4605053459758,33180.0,golfer,4,#007cbf,,,,,,,,
golfer_group_53,38.02846819932939,-84.46074999771898,33240.0,golfer,4,#007cbf,,,,,,,,
golfer_group_53,38.028356651102726,-84.46108459413088,33300.0,golfer,4,#007cbf,,,,,,,,
golfer_group_53,38.028163251425084,-84.46136377382878,33360.0,golfer,4,#ffe6cc,,,,,,,,
golfer_group_53,38.02796985174745,-84.46164295352668,33420.0,golfer,4,#ffe6cc,,,,,,,,
golfer_group_53,38.02777645206981,-84.46192213322458,33480.0,golfer,4,#ffe6cc,,,,,,,,
golfer_group_53,38.027583052392174,-84.46220131292247,33540.0,golfer,4,#ffe6cc,,,,,,,,
golfer_group_53,38.02739313138997,-84.4624841808364,33600.0,golfer,4,#ffe6cc,,,,,,,,
golfer_group_53,38.02721114487077,-84.46277546117278,33660.0,golfer,4,#ffe6cc,,,,,,,,
golfer_group_53,38.02702915835156,-84.46306674150915,33720.0,golfer,4,#ffe6cc,,,,,,,,
golfer_group_53,38.02684717183235,-84.46335802184554,33780.0,golfer,4,#ffe6cc,,,,,,,,
golfer_group_53,38.027030664719845,-84.46345337202217,33840.0,golfer,4,#ffe6cc,,,,,,,,
golfer_group_53,38.02732202605173,-84.46349089491457,33900.0,golfer,3,#ffe6cc,,,,,,,,
golfer_group_53,38.02761338738361,-84.46352841780696,33960.0,golfer,3,#ffcc99,,,,,,,,
golfer_group_53,38.02787761975422,-84.46365295047241,34020.0,golfer,4,#ffcc99,,,,,,,,
golfer_group_53,38.02811027773896,-84.46387875056652,34080.0,golfer,4,#ffcc99,,,,,,,,
golfer_group_53,38.02834293572369,-84.46410455066062,34140.0,golfer,4,#ffcc99,,,,,,,,
golfer_group_53,38.028575593708425,-84.46433035075472,34200.0,golfer,4,#ffcc99,,,,,,,,
golfer_group_53,38.028808251693164,-84.46455615084882,34260.0,golfer,4,#ffcc99,,,,,,,,
golfer_group_53,38.029040909677896,-84.46478195094294,34320.0,golfer,4,#ffcc99,,,,,,,,
golfer_group_53,38.02927356766263,-84.46500775103704,34380.0,golfer,4,#00b894,,,,,,,,
golfer_group_53,38.02950622564737,-84.46523355113113,34440.0,golfer,4,#00b894,,,,,,,,
golfer_group_53,38.02975350361947,-84.4654282954189,34500.0,golfer,4,#00b894,,,,,,,,
golfer_group_53,38.030020352724144,-84.46558146666777,34560.0,golfer,4,#00b894,,,,,,,,
golfer_group_53,38.03028720182882,-84.46573463791665,34620.0,golfer,4,#00b894,,,,,,,,
golfer_group_53,38.030554050933496,-84.46588780916554,34680.0,golfer,4,#00b894,,,,,,,,
golfer_group_53,38.0308144451061,-84.46601508231271,34740.0,golfer,4,#00b894,,,,,,,,
golfer_group_53,38.03096331555731,-84.46569490649415,34800.0,golfer,4,#00b894,,,,,,,,
golfer_group_53,38.03100160851583,-84.46532942233877,34860.0,golfer,4,#00b894,,,,,,,,
golfer_group_53,38.03102825601745,-84.4649591665407,34920.0,golfer,4,#00b894,,,,,,,,
golfer_group_53,38.03105490351906,-84.46458891074262,34980.0,golfer,4,#00b894,,,,,,,,
golfer_group_53,38.031081551020684,-84.46421865494455,35040.0,golfer,4,#00b894,,,,,,,,
golfer_group_53,38.031108198522304,-84.46384839914647,35100.0,golfer,4,#00b894,,,,,,,,
golfer_group_53,38.03113484602392,-84.4634781433484,35160.0,golfer,4,#00b894,,,,,,,,
golfer_group_53,38.03116149352554,-84.46310788755032,35220.0,golfer,4,#00b894,,,,,,,,
golfer_group_53,38.031127268705696,-84.46274982308951,35280.0,golfer,4,#00b894,,,,,,,,
golfer_group_53,38.031012137391194,-84.4624079623538,35340.0,golfer,4,#00b894,,,,,,,,
golfer_group_53,38.03089700607669,-84.46206610161808,35400.0,golfer,4,#00b894,,,,,,,,
golfer_group_53,38.0307818747622,-84.46172424088235,35460.0,golfer,4,#00b894,,,,,,,,
golfer_group_53,38.030666743447696,-84.46138238014663,35520.0,golfer,4,#00b894,,,,,,,,
golfer_group_53,38.030551612133195,-84.46104051941091,35580.0,golfer,4,#00b894,,,,,,,,
golfer_group_53,38.03081531898336,-84.46091137688049,35640.0,golfer,4,#00b894,,,,,,,,
golfer_group_53,38.0310279411826,-84.46098091912485,35700.0,golfer,4,#00b894,,,,,,,,
golfer_group_53,38.03115090321037,-84.46131835889211,35760.0,golfer,4,#00b894,,,,,,,,
golfer_group_53,38.031273865238134,-84.46165579865938,35820.0,golfer,4,#00b894,,,,,,,,
golfer_group_53,38.03139682726591,-84.46199323842663,35880.0,golfer,4,#00b894,,,,,,,,
golfer_group_53,38.031519789293675,-84.4623306781939,35940.0,golfer,4,#00b894,,,,,,,,
golfer_group_53,38.03164275132144,-84.46266811796116,36000.0,golfer,4,#00b894,,,,,,,,
golfer_group_53,38.03176571334921,-84.46300555772842,36060.0,golfer,4,#00b894,,,,,,,,
golfer_group_53,38.031888675376976,-84.46334299749569,36120.0,golfer,4,#00b894,,,,,,,,
golfer_group_53,38.031909837946635,-84.46368872876327,36180.0,golfer,4,#00b894,,,,,,,,
golfer_group_53,38.03182184589159,-84.46404335060477,36240.0,golfer,4,#00b894,,,,,,,,
golfer_group_53,38.03173385383655,-84.46439797244628,36300.0,golfer,4,#00b894,,,,,,,,
golfer_group_53,38.031645861781506,-84.46475259428779,36360.0,golfer,4,#00b894,,,,,,,,
golfer_group_53,38.03155786972646,-84.46510721612928,36420.0,golfer,4,#00b894,,,,,,,,
golfer_group_53,38.03146987767142,-84.46546183797079,36480.0,golfer,4,#00b894,,,,,,,,
golfer_group_53,38.03131864912918,-84.46576966145622,36540.0,golfer,4,#00b894,,,,,,,,
golfer_group_53,38.0311189562348,-84.46604161874937,36600.0,golfer,4,#00b894,,,,,,,,
golfer_group_53,38.030919263340415,-84.46631357604252,36660.0,golfer,4,#00b894,,,,,,,,
golfer_group_53,38.030718115722834,-84.46658350967269,36720.0,golfer,4,#00b894,,,,,,,,
golfer_group_53,38.0304866033238,-84.46681120290668,36780.0,golfer,4,#00b894,,,,,,,,
golfer_group_53,38.030255090924776,-84.46703889614066,36840.0,golfer,4,#00b894,,,,,,,,
golfer_group_53,38.03002357852575,-84.46726658937465,36900.0,golfer,4,#00b894,,,,,,,,
golfer_group_53,38.02979206612672,-84.46749428260863,36960.0,golfer,4,#00b894,,,,,,,,
golfer_group_53,38.02956055372769,-84.46772197584261,37020.0,golfer,4,#00b894,,,,,,,,
golfer_group_53,38.02932904132866,-84.4679496690766,37080.0,golfer,4,#00b894,,,,,,,,
golfer_group_53,38.02909752892963,-84.46817736231058,37140.0,golfer,4,#00b894,,,,,,,,
golfer_group_53,38.0288660165306,-84.46840505554457,37200.0,golfer,4,#00b894,,,,,,,,
golfer_group_53,38.02869804015225,-84.46870681462924,37260.0,golfer,4,#00b894,,,,,,,,
golfer_group_53,38.028539024924726,-84.46901901999702,37320.0,golfer,4,#00b894,,,,,,,,
golfer_group_53,38.0283800096972,-84.46933122536481,37380.0,golfer,4,#00b894,,,,,,,,
golfer_group_53,38.028129065075696,-84.46949162304078,37440.0,golfer,4,#00b894,,,,,,,,
golfer_group_53,38.02785052807789,-84.46960645602002,37500.0,golfer,1,#00b894,,,,,,,,
golfer_group_53,38.027571991080094,-84.46972128899925,37560.0,golfer,1,#00b894,,,,,,,,
golfer_group_53,38.02729345408229,-84.4698361219785,37620.0,golfer,4,#00b894,,,,,,,,
golfer_group_53,38.027014917084486,-84.46995095495774,37680.0,golfer,4,#00b894,,,,,,,,
golfer_group_53,38.02677219339408,-84.46990690842384,37740.0,golfer,4,#00b894,,,,,,,,
golfer_group_53,38.026583670283,-84.46962241044099,37800.0,golfer,4,#00b894,,,,,,,,
golfer_group_53,38.02639514717193,-84.46933791245814,37860.0,golfer,4,#00b894,,,,,,,,
golfer_group_53,38.026206624060855,-84.4690534144753,37920.0,golfer,4,#00b894,,,,,,,,
golfer_group_53,38.02601810094978,-84.46876891649245,37980.0,golfer,4,#00b894,,,,,,,,
golfer_group_53,38.0258295778387,-84.4684844185096,38040.0,golfer,4,#00b894,,,,,,,,
golfer_group_53,38.02564105472762,-84.46819992052676,38100.0,golfer,4,#00b894,,,,,,,,
golfer_group_53,38.02539873776804,-84.4680332578427,38160.0,golfer,4,#00b894,,,,,,,,
golfer_group_53,38.02511056304286,-84.46796704648648,38220.0,golfer,4,#00b894,,,,,,,,
golfer_group_53,38.02482238831767,-84.46790083513027,38280.0,golfer,4,#00b894,,,,,,,,
golfer_group_53,38.02466098715723,-84.46791926274804,38340.0,golfer,4,#00b894,,,,,,,,
golfer_group_53,38.0248672597656,-84.46818316370741,38400.0,golfer,4,#00b894,,,,,,,,
golfer_group_53,38.025073532373966,-84.46844706466678,38460.0,golfer,4,#00b894,,,,,,,,
golfer_group_53,38.02498232223591,-84.46858500193528,38520.0,golfer,4,#00b894,,,,,,,,
golfer_group_53,38.024692555469876,-84.46863886398934,38580.0,golfer,4,#00b894,,,,,,,,
golfer_group_53,38.02440278870384,-84.4686927260434,38640.0,golfer,4,#00b894,,,,,,,,
golfer_group_53,38.0241130219378,-84.46874658809746,38700.0,golfer,4,#00b894,,,,,,,,
golfer_group_53,38.02382325517176,-84.46880045015152,38760.0,golfer,4,#00b894,,,,,,,,
golfer_group_53,38.023533488405725,-84.46885431220558,38820.0,golfer,4,#00b894,,,,,,,,
golfer_group_53,38.02325287292604,-84.46895459002404,38880.0,golfer,4,#00b894,,,,,,,,
golfer_group_53,38.023120094224296,-84.46908677293466,38940.0,golfer,4,#00b894,,,,,,,,
golfer_group_53,38.02338797984743,-84.46923698741324,39000.0,golfer,4,#00b894,,,,,,,,
golfer_group_53,38.02365586547056,-84.46938720189182,39060.0,golfer,4,#00b894,,,,,,,,
golfer_group_53,38.02392375109368,-84.4695374163704,39120.0,golfer,4,#00b894,,,,,,,,
golfer_group_53,38.024191636716814,-84.46968763084898,39180.0,golfer,4,#00b894,,,,,,,,
golfer_group_53,38.024459522339946,-84.46983784532756,39240.0,golfer,4,#00b894,,,,,,,,
golfer_group_53,38.02472740796308,-84.46998805980614,39300.0,golfer,4,#00b894,,,,,,,,
golfer_group_53,38.0249952935862,-84.47013827428472,39360.0,golfer,4,#00b894,,,,,,,,
golfer_group_53,38.02526317920933,-84.4702884887633,39420.0,golfer,4,#00b894,,,,,,,,
golfer_group_53,38.02549053793203,-84.47051685206469,39480.0,golfer,4,#00b894,,,,,,,,
golfer_group_53,38.02570511747455,-84.47076985771169,39540.0,golfer,4,#00b894,,,,,,,,
golfer_group_53,38.025919697017066,-84.4710228633587,39600.0,golfer,4,#00b894,,,,,,,,
golfer_group_53,38.02613427655959,-84.4712758690057,39660.0,golfer,4,#00b894,,,,,,,,
golfer_group_53,38.02634885610211,-84.4715288746527,39720.0,golfer,4,#00b894,,,,,,,,
golfer_group_53,38.026563435644626,-84.4717818802997,39780.0,golfer,4,#00b894,,,,,,,,
golfer_group_53,38.02678243981026,-84.47202860408251,39840.0,golfer,4,#00b894,,,,,,,,
golfer_group_53,38.02668611647238,-84.47218057293104,39900.0,golfer,4,#00b894,,,,,,,,
golfer_group_53,38.02640386024167,-84.4722796932027,39960.0,golfer,4,#00b894,,,,,,,,
golfer_group_53,38.02612160401096,-84.47237881347434,40020.0,golfer,4,#00b894,,,,,,,,
golfer_group_53,38.02583934778024,-84.47247793374599,40080.0,golfer,4,#00b894,,,,,,,,
golfer_group_53,38.02555709154953,-84.47257705401765,40140.0,golfer,4,#00b894,,,,,,,,
golfer_group_53,38.025278899056985,-84.47258808504574,40200.0,golfer,4,#00b894,,,,,,,,
golfer_group_53,38.02505413568005,-84.47238241246707,40260.0,golfer,4,#00b894,,,,,,,,
golfer_group_53,38.02491621232278,-84.47205445775451,40320.0,golfer,4,#00b894,,,,,,,,
golfer_group_53,38.02477828896551,-84.47172650304194,40380.0,golfer,4,#00b894,,,,,,,,
golfer_group_53,38.024640365608235,-84.47139854832938,40440.0,golfer,4,#00b894,,,,,,,,
golfer_group_53,38.02450244225096,-84.4710705936168,40500.0,golfer,4,#00b894,,,,,,,,
golfer_group_53,38.02436451889369,-84.47074263890424,40560.0,golfer,4,#00b894,,,,,,,,
golfer_group_53,38.02422659553642,-84.47041468419167,40620.0,golfer,4,#00b894,,,,,,,,
golfer_group_53,38.02408867217915,-84.4700867294791,40680.0,golfer,4,#00b894,,,,,,,,
golfer_group_53,38.023830177494666,-84.46991493651929,40740.0,golfer,4,#00b894,,,,,,,,
golfer_group_53,38.02356911857893,-84.46974646470437,40800.0,golfer,4,#00b894,,,,,,,,
golfer_group_53,38.0233080596632,-84.46957799288944,40860.0,golfer,4,#00b894,,,,,,,,
golfer_group_53,38.02304700074746,-84.46940952107451,40920.0,golfer,4,#00b894,,,,,,,,
golfer_group_53,38.0227847606833,-84.46924457405959,40980.0,golfer,4,#00b894,,,,,,,,
golfer_group_53,38.02250809559787,-84.46912267439926,41040.0,golfer,4,#00b894,,,,,,,,
golfer_group_53,38.022527943550884,-84.46893235209967,41100.0,golfer,4,#00b894,,,,,,,,
golfer_group_53,38.02275311404551,-84.46869465006165,41160.0,golfer,4,#00b894,,,,,,,,
golfer_group_53,38.02297828454014,-84.46845694802364,41220.0,golfer,4,#00b894,,,,,,,,
golfer_group_53,38.02320345503476,-84.46821924598564,41280.0,golfer,4,#00b894,,,,,,,,
golfer_group_53,38.023428625529384,-84.46798154394763,41340.0,golfer,4,#00b894,,,,,,,,
golfer_group_53,38.02365379602401,-84.46774384190961,41400.0,golfer,4,#00b894,,,,,,,,
golfer_group_53,38.02387896651864,-84.4675061398716,41460.0,golfer,4,#00b894,,,,,,,,
golfer_group_53,38.02410413701326,-84.4672684378336,41520.0,golfer,4,#00b894,,,,,,,,
golfer_group_53,38.024329307507884,-84.46703073579559,41580.0,golfer,4,#00b894,,,,,,,,
golfer_group_53,38.024516630016976,-84.46674714202182,41640.0,golfer,4,#00b894,,,,,,,,
golfer_group_53,38.02469334505099,-84.4664506863893,41700.0,golfer,4,#00b894,,,,,,,,
golfer_group_53,38.02487006008501,-84.46615423075679,41760.0,golfer,4,#00b894,,,,,,,,
golfer_group_53,38.02504677511902,-84.46585777512426,41820.0,golfer,4,#00b894,,,,,,,,
golfer_group_53,38.02525798622544,-84.46562593134438,41880.0,golfer,4,#00b894,,,,,,,,
golfer_group_53,38.025540368765746,-84.46552739312297,41940.0,golfer,4,#00b894,,,,,,,,
golfer_group_53,38.02582275130605,-84.46542885490156,42000.0,golfer,4,#00b894,,,,,,,,
golfer_group_53,38.02610513384636,-84.46533031668015,42060.0,golfer,4,#00b894,,,,,,,,
golfer_group_53,38.02637936666449,-84.46537020680762,42120.0,golfer,4,#00b894,,,,,,,,
golfer_group_53,38.02664707383,-84.4655209394031,42180.0,golfer,4,#00b894,,,,,,,,
golfer_group_53,38.026914780995504,-84.46567167199859,42240.0,golfer,4,#00b894,,,,,,,,
golfer_group_53,38.02718248816101,-84.46582240459409,42300.0,golfer,4,#00b894,,,,,,,,
golfer_group_53,38.027450195326516,-84.46597313718958,42360.0,golfer,4,#00b894,,,,,,,,
golfer_group_53,38.02771790249202,-84.46612386978506,42420.0,golfer,4,#00b894,,,,,,,,
golfer_group_53,38.027985609657534,-84.46627460238055,42480.0,golfer,4,#00b894,,,,,,,,
golfer_group_53,38.02825331682304,-84.46642533497604,42540.0,golfer,4,#00b894,,,,,,,,
golfer_group_53,38.02854411583699,-84.46643446747252,42600.0,golfer,4,#00b894,,,,,,,,
golfer_group_53,38.02883696025459,-84.46643105747557,42660.0,golfer,4,#00b894,,,,,,,,
golfer_group_53,38.02912980467218,-84.46642764747862,42720.0,golfer,4,#00b894,,,,,,,,
golfer_group_53,38.029422649089774,-84.46642423748168,42780.0,golfer,4,#00b894,,,,,,,,
golfer_group_53,38.029714660100595,-84.46640554510962,42840.0,golfer,4,#00b894,,,,,,,,
golfer_group_53,38.03000508074206,-84.46635768976212,42900.0,golfer,4,#00b894,,,,,,,,
golfer_group_53,38.03029550138352,-84.46630983441462,42960.0,golfer,4,#00b894,,,,,,,,
golfer_group_53,38.03034421537664,-84.46623396436489,43020.0,golfer,4,#00b894,,,,,,,,
golfer_group_53,38.0300654222068,-84.4661201350132,43080.0,golfer,4,#00b894,,,,,,,,
golfer_group_53,38.02978662903697,-84.46600630566151,43140.0,golfer,4,#00b894,,,,,,,,
golfer_group_53,38.02950783586713,-84.46589247630982,43200.0,golfer,4,#00b894,,,,,,,,
golfer_group_53,38.029229042697295,-84.46577864695813,43260.0,golfer,4,#00b894,,,,,,,,
golfer_group_53,38.02895024952746,-84.46566481760644,43320.0,golfer,4,#00b894,,,,,,,,
golfer_group_53,38.02867145635763,-84.46555098825475,43380.0,golfer,4,#00b894,,,,,,,,
golfer_group_53,38.02839266318779,-84.46543715890306,43440.0,golfer,4,#00b894,,,,,,,,
golfer_group_53,38.02811294382565,-84.46532834232956,43500.0,golfer,4,#00b894,,,,,,,,
golfer_group_53,38.02782336017175,-84.46527291370359,43560.0,golfer,4,#00b894,,,,,,,,
golfer_group_53,38.02753377651786,-84.46521748507763,43620.0,golfer,4,#00b894,,,,,,,,
golfer_group_53,38.027244192863975,-84.46516205645167,43680.0,golfer,4,#00b894,,,,,,,,
golfer_group_53,38.02695460921009,-84.46510662782572,43740.0,golfer,4,#00b894,,,,,,,,
golfer_group_53,38.02666502555619,-84.46505119919976,43800.0,golfer,4,#00b894,,,,,,,,
golfer_group_53,38.02637326063661,-84.4650346343973,43860.0,golfer,4,#00b894,,,,,,,,
golfer_group_53,38.02608041188864,-84.46503738027086,43920.0,golfer,4,#00b894,,,,,,,,
golfer_group_53,38.025787563140675,-84.46504012614442,43980.0,golfer,2,#00b894,,,,,,,,
golfer_group_53,38.025494714392714,-84.46504287201797,44040.0,golfer,4,#00b894,,,,,,,,
golfer_group_53,38.02556401049359,-84.4653626218534,44100.0,golfer,4,#00b894,,,,,,,,
golfer_group_53,38.025666096931715,-84.46571107475296,44160.0,golfer,4,#00b894,,,,,,,,
golfer_group_53,38.02576818336984,-84.46605952765252,44220.0,golfer,4,#00b894,,,,,,,,
golfer_group_53,38.02587026980797,-84.46640798055208,44280.0,golfer,4,#00b894,,,,,,,,
golfer_group_53,38.02597235624609,-84.46675643345164,44340.0,golfer,4,#00b894,,,,,,,,
golfer_group_53,38.02607444268422,-84.46710488635118,44400.0,golfer,4,#00b894,,,,,,,,
golfer_group_53,38.026176529122345,-84.46745333925074,44460.0,golfer,4,#00b894,,,,,,,,
golfer_group_53,38.02627861556047,-84.4678017921503,44520.0,golfer,4,#00b894,,,,,,,,
golfer_group_53,38.026391551516966,-84.46814347235242,44580.0,golfer,4,#00b894,,,,,,,,
golfer_group_53,38.0265466275618,-84.46845884704874,44640.0,golfer,4,#00b894,,,,,,,,
golfer_group_53,38.02670170360664,-84.46877422174504,44700.0,golfer,4,#00b894,,,,,,,,
golfer_group_53,38.02685677965148,-84.46908959644135,44760.0,golfer,4,#00b894,,,,,,,,
golfer_group_53,38.027011855696315,-84.46940497113766,44820.0,golfer,4,#00b894,,,,,,,,
golfer_group_53,38.027202562026105,-84.46967624119414,44880.0,golfer,4,#00b894,,,,,,,,
golfer_group_53,38.027447,-84.469881,44940.0,golfer,1,#00b894,,,,,,,,
golfer_group_54,38.027447,-84.469881,31140.0,golfer,1,#007cbf,,,,,,,,
golfer_group_54,38.02754627606764,-84.46962578282717,31200.0,golfer,1,#007cbf,,,,,,,,
golfer_group_54,38.02744283462056,-84.4692779685763,31260.0,golfer,1,#007cbf,,,,,,,,
golfer_group_54,38.02733939317348,-84.46893015432545,31320.0,golfer,1,#007cbf,,,,,,,,
golfer_group_54,38.0272359517264,-84.46858234007459,31380.0,golfer,1,#007cbf,,,,,,,,
golfer_group_54,38.027132510279316,-84.46823452582373,31440.0,golfer,1,#007cbf,,,,,,,,
golfer_group_54,38.027029068832235,-84.46788671157287,31500.0,golfer,1,#007cbf,,,,,,,,
golfer_group_54,38.026925627385154,-84.46753889732202,31560.0,golfer,1,#007cbf,,,,,,,,
golfer_group_54,38.02682218593807,-84.46719108307117,31620.0,golfer,1,#007cbf,,,,,,,,
golfer_group_54,38.026707885382585,-84.46684997010087,31680.0,golfer,1,#007cbf,,,,,,,,
golfer_group_54,38.0265563489919,-84.46653183579225,31740.0,golfer,1,#007cbf,,,,,,,,
golfer_group_54,38.02640481260122,-84.46621370148365,31800.0,golfer,1,#007cbf,,,,,,,,
golfer_group_54,38.02625327621054,-84.46589556717504,31860.0,golfer,1,#007cbf,,,,,,,,
golfer_group_54,38.026097865476636,-84.4655806681031,31920.0,golfer,1,#007cbf,,,,,,,,
golfer_group_54,38.02592778516153,-84.46527801873756,31980.0,golfer,4,#007cbf,,,,,,,,
golfer_group_54,38.02575770484643,-84.46497536937204,32040.0,golfer,2,#007cbf,,,,,,,,
golfer_group_54,38.02580429978306,-84.46478189846547,32100.0,golfer,2,#007cbf,,,,,,,,
golfer_group_54,38.02609158193444,-84.46470970518055,32160.0,golfer,2,#007cbf,,,,,,,,
golfer_group_54,38.02637886408582,-84.46463751189565,32220.0,golfer,2,#007cbf,,,,,,,,
golfer_group_54,38.0266661462372,-84.46456531861072,32280.0,golfer,2,#007cbf,,,,,,,,
golfer_group_54,38.02695342838857,-84.4644931253258,32340.0,golfer,2,#007cbf,,,,,,,,
golfer_group_54,38.02723262500985,-84.46440936561527,32400.0,golfer,2,#007cbf,,,,,,,,
golfer_group_54,38.02732323296244,-84.46405582806928,32460.0,golfer,2,#007cbf,,,,,,,,
golfer_group_54,38.027413840915024,-84.46370229052329,32520.0,golfer,3,#007cbf,,,,,,,,
golfer_group_54,38.02755613921936,-84.46339199540722,32580.0,golfer,3,#007cbf,,,,,,,,
golfer_group_54,38.02777631020529,-84.46314684598785,32640.0,golfer,3,#007cbf,,,,,,,,
golfer_group_54,38.027996481191224,-84.4629016965685,32700.0,golfer,3,#007cbf,,,,,,,,
golfer_group_54,38.028216652177164,-84.46265654714912,32760.0,golfer,3,#007cbf,,,,,,,,
golfer_group_54,38.0284368231631,-84.46241139772975,32820.0,golfer,3,#007cbf,,,,,,,,
golfer_group_54,38.02865699414903,-84.4621662483104,32880.0,golfer,3,#007cbf,,,,,,,,
golfer_group_54,38.02887716513497,-84.46192109889103,32940.0,golfer,3,#007cbf,,,,,,,,
golfer_group_54,38.029097336120905,-84.46167594947165,33000.0,golfer,3,#007cbf,,,,,,,,
golfer_group_54,38.02932048603734,-84.46143527844885,33060.0,golfer,3,#007cbf,,,,,,,,
golfer_group_54,38.02954781666501,-84.4612008925283,33120.0,golfer,3,#007cbf,,,,,,,,
golfer_group_54,38.029775147292675,-84.46096650660775,33180.0,golfer,3,#007cbf,,,,,,,,
golfer_group_54,38.03000247792034,-84.46073212068718,33240.0,golfer,3,#007cbf,,,,,,,,
golfer_group_54,38.03022980854801,-84.46049773476663,33300.0,golfer,3,#007cbf,,,,,,,,
golfer_group_54,38.03028198771919,-84.46029007968264,33360.0,golfer,3,#007cbf,,,,,,,,
golfer_group_54,38.030017377451664,-84.46013077159431,33420.0,golfer,4,#007cbf,,,,,,,,
golfer_group_54,38.02974997117584,-84.46003134117494,33480.0,golfer,4,#007cbf,,,,,,,,
golfer_group_54,38.029472388508275,-84.46014984237516,33540.0,golfer,4,#007cbf,,,,,,,,
golfer_group_54,38.02919480584071,-84.46026834357538,33600.0,golfer,4,#007cbf,,,,,,,,
golfer_group_54,38.02891722317315,-84.46038684477558,33660.0,golfer,4,#007cbf,,,,,,,,
golfer_group_54,38.02863964050559,-84.4605053459758,33720.0,golfer,4,#007cbf,,,,,,,,
golfer_group_54,38.02846819932939,-84.46074999771898,33780.0,golfer,4,#007cbf,,,,,,,,
golfer_group_54,38.028356651102726,-84.46108459413088,33840.0,golfer,4,#007cbf,,,,,,,,
golfer_group_54,38.028163251425084,-84.46136377382878,33900.0,golfer,4,#007cbf,,,,,,,,
golfer_group_54,38.02796985174745,-84.46164295352668,33960.0,golfer,4,#007cbf,,,,,,,,
golfer_group_54,38.02777645206981,-84.46192213322458,34020.0,golfer,4,#007cbf,,,,,,,,
golfer_group_54,38.027583052392174,-84.46220131292247,34080.0,golfer,4,#007cbf,,,,,,,,
golfer_group_54,38.02739313138997,-84.4624841808364,34140.0,golfer,4,#007cbf,,,,,,,,
golfer_group_54,38.02721114487077,-84.46277546117278,34200.0,golfer,4,#007cbf,,,,,,,,
golfer_group_54,38.02702915835156,-84.46306674150915,34260.0,golfer,4,#007cbf,,,,,,,,
golfer_group_54,38.02684717183235,-84.46335802184554,34320.0,golfer,4,#007cbf,,,,,,,,
golfer_group_54,38.027030664719845,-84.46345337202217,34380.0,golfer,4,#007cbf,,,,,,,,
golfer_group_54,38.02732202605173,-84.46349089491457,34440.0,golfer,3,#007cbf,,,,,,,,
golfer_group_54,38.02761338738361,-84.46352841780696,34500.0,golfer,3,#007cbf,,,,,,,,
golfer_group_54,38.02787761975422,-84.46365295047241,34560.0,golfer,4,#007cbf,,,,,,,,
golfer_group_54,38.02811027773896,-84.46387875056652,34620.0,golfer,4,#007cbf,,,,,,,,
golfer_group_54,38.02834293572369,-84.46410455066062,34680.0,golfer,4,#007cbf,,,,,,,,
golfer_group_54,38.028575593708425,-84.46433035075472,34740.0,golfer,4,#007cbf,,,,,,,,
golfer_group_54,38.028808251693164,-84.46455615084882,34800.0,golfer,4,#007cbf,,,,,,,,
golfer_group_54,38.029040909677896,-84.46478195094294,34860.0,golfer,4,#007cbf,,,,,,,,
golfer_group_54,38.02927356766263,-84.46500775103704,34920.0,golfer,4,#007cbf,,,,,,,,
golfer_group_54,38.02950622564737,-84.46523355113113,34980.0,golfer,4,#007cbf,,,,,,,,
golfer_group_54,38.02975350361947,-84.4654282954189,35040.0,golfer,4,#007cbf,,,,,,,,
golfer_group_54,38.030020352724144,-84.46558146666777,35100.0,golfer,4,#007cbf,,,,,,,,
golfer_group_54,38.03028720182882,-84.46573463791665,35160.0,golfer,4,#007cbf,,,,,,,,
golfer_group_54,38.030554050933496,-84.46588780916554,35220.0,golfer,4,#007cbf,,,,,,,,
golfer_group_54,38.0308144451061,-84.46601508231271,35280.0,golfer,4,#007cbf,,,,,,,,
golfer_group_54,38.03096331555731,-84.46569490649415,35340.0,golfer,4,#007cbf,,,,,,,,
golfer_group_54,38.03100160851583,-84.46532942233877,35400.0,golfer,4,#007cbf,,,,,,,,
golfer_group_54,38.03102825601745,-84.4649591665407,35460.0,golfer,4,#007cbf,,,,,,,,
golfer_group_54,38.03105490351906,-84.46458891074262,35520.0,golfer,4,#007cbf,,,,,,,,
golfer_group_54,38.031081551020684,-84.46421865494455,35580.0,golfer,4,#007cbf,,,,,,,,
golfer_group_54,38.031108198522304,-84.46384839914647,35640.0,golfer,4,#007cbf,,,,,,,,
golfer_group_54,38.03113484602392,-84.4634781433484,35700.0,golfer,4,#007cbf,,,,,,,,
golfer_group_54,38.03116149352554,-84.46310788755032,35760.0,golfer,4,#007cbf,,,,,,,,
golfer_group_54,38.031127268705696,-84.46274982308951,35820.0,golfer,4,#007cbf,,,,,,,,
golfer_group_54,38.031012137391194,-84.4624079623538,35880.0,golfer,4,#007cbf,,,,,,,,
golfer_group_54,38.03089700607669,-84.46206610161808,35940.0,golfer,4,#007cbf,,,,,,,,
golfer_group_54,38.0307818747622,-84.46172424088235,36000.0,golfer,4,#007cbf,,,,,,,,
golfer_group_54,38.030666743447696,-84.46138238014663,36060.0,golfer,4,#007cbf,,,,,,,,
golfer_group_54,38.030551612133195,-84.46104051941091,36120.0,golfer,4,#007cbf,,,,,,,,
golfer_group_54,38.03081531898336,-84.46091137688049,36180.0,golfer,4,#007cbf,,,,,,,,
golfer_group_54,38.0310279411826,-84.46098091912485,36240.0,golfer,4,#007cbf,,,,,,,,
golfer_group_54,38.03115090321037,-84.46131835889211,36300.0,golfer,4,#007cbf,,,,,,,,
golfer_group_54,38.031273865238134,-84.46165579865938,36360.0,golfer,4,#007cbf,,,,,,,,
golfer_group_54,38.03139682726591,-84.46199323842663,36420.0,golfer,4,#007cbf,,,,,,,,
golfer_group_54,38.031519789293675,-84.4623306781939,36480.0,golfer,4,#007cbf,,,,,,,,
golfer_group_54,38.03164275132144,-84.46266811796116,36540.0,golfer,4,#007cbf,,,,,,,,
golfer_group_54,38.03176571334921,-84.46300555772842,36600.0,golfer,4,#007cbf,,,,,,,,
golfer_group_54,38.031888675376976,-84.46334299749569,36660.0,golfer,4,#007cbf,,,,,,,,
golfer_group_54,38.031909837946635,-84.46368872876327,36720.0,golfer,4,#007cbf,,,,,,,,
golfer_group_54,38.03182184589159,-84.46404335060477,36780.0,golfer,4,#007cbf,,,,,,,,
golfer_group_54,38.03173385383655,-84.46439797244628,36840.0,golfer,4,#007cbf,,,,,,,,
golfer_group_54,38.031645861781506,-84.46475259428779,36900.0,golfer,4,#007cbf,,,,,,,,
golfer_group_54,38.03155786972646,-84.46510721612928,36960.0,golfer,4,#007cbf,,,,,,,,
golfer_group_54,38.03146987767142,-84.46546183797079,37020.0,golfer,4,#007cbf,,,,,,,,
golfer_group_54,38.03131864912918,-84.46576966145622,37080.0,golfer,4,#007cbf,,,,,,,,
golfer_group_54,38.0311189562348,-84.46604161874937,37140.0,golfer,4,#007cbf,,,,,,,,
golfer_group_54,38.030919263340415,-84.46631357604252,37200.0,golfer,4,#007cbf,,,,,,,,
golfer_group_54,38.030718115722834,-84.46658350967269,37260.0,golfer,4,#007cbf,,,,,,,,
golfer_group_54,38.0304866033238,-84.46681120290668,37320.0,golfer,4,#007cbf,,,,,,,,
golfer_group_54,38.030255090924776,-84.46703889614066,37380.0,golfer,4,#007cbf,,,,,,,,
golfer_group_54,38.03002357852575,-84.46726658937465,37440.0,golfer,4,#007cbf,,,,,,,,
golfer_group_54,38.02979206612672,-84.46749428260863,37500.0,golfer,4,#007cbf,,,,,,,,
golfer_group_54,38.02956055372769,-84.46772197584261,37560.0,golfer,4,#007cbf,,,,,,,,
golfer_group_54,38.02932904132866,-84.4679496690766,37620.0,golfer,4,#007cbf,,,,,,,,
golfer_group_54,38.02909752892963,-84.46817736231058,37680.0,golfer,4,#007cbf,,,,,,,,
golfer_group_54,38.0288660165306,-84.46840505554457,37740.0,golfer,4,#007cbf,,,,,,,,
golfer_group_54,38.02869804015225,-84.46870681462924,37800.0,golfer,4,#007cbf,,,,,,,,
golfer_group_54,38.028539024924726,-84.46901901999702,37860.0,golfer,4,#007cbf,,,,,,,,
golfer_group_54,38.0283800096972,-84.46933122536481,37920.0,golfer,4,#007cbf,,,,,,,,
golfer_group_54,38.028129065075696,-84.46949162304078,37980.0,golfer,4,#007cbf,,,,,,,,
golfer_group_54,38.02785052807789,-84.46960645602002,38040.0,golfer,1,#007cbf,,,,,,,,
golfer_group_54,38.027571991080094,-84.46972128899925,38100.0,golfer,1,#007cbf,,,,,,,,
golfer_group_54,38.02729345408229,-84.4698361219785,38160.0,golfer,4,#007cbf,,,,,,,,
golfer_group_54,38.027014917084486,-84.46995095495774,38220.0,golfer,4,#007cbf,,,,,,,,
golfer_group_54,38.02677219339408,-84.46990690842384,38280.0,golfer,4,#007cbf,,,,,,,,
golfer_group_54,38.026583670283,-84.46962241044099,38340.0,golfer,4,#007cbf,,,,,,,,
golfer_group_54,38.02639514717193,-84.46933791245814,38400.0,golfer,4,#007cbf,,,,,,,,
golfer_group_54,38.026206624060855,-84.4690534144753,38460.0,golfer,4,#007cbf,,,,,,,,
golfer_group_54,38.02601810094978,-84.46876891649245,38520.0,golfer,4,#007cbf,,,,,,,,
golfer_group_54,38.0258295778387,-84.4684844185096,38580.0,golfer,4,#007cbf,,,,,,,,
golfer_group_54,38.02564105472762,-84.46819992052676,38640.0,golfer,4,#007cbf,,,,,,,,
golfer_group_54,38.02539873776804,-84.4680332578427,38700.0,golfer,4,#007cbf,,,,,,,,
golfer_group_54,38.02511056304286,-84.46796704648648,38760.0,golfer,4,#007cbf,,,,,,,,
golfer_group_54,38.02482238831767,-84.46790083513027,38820.0,golfer,4,#007cbf,,,,,,,,
golfer_group_54,38.02466098715723,-84.46791926274804,38880.0,golfer,4,#007cbf,,,,,,,,
golfer_group_54,38.0248672597656,-84.46818316370741,38940.0,golfer,4,#007cbf,,,,,,,,
golfer_group_54,38.025073532373966,-84.46844706466678,39000.0,golfer,4,#007cbf,,,,,,,,
golfer_group_54,38.02498232223591,-84.46858500193528,39060.0,golfer,4,#007cbf,,,,,,,,
golfer_group_54,38.024692555469876,-84.46863886398934,39120.0,golfer,4,#007cbf,,,,,,,,
golfer_group_54,38.02440278870384,-84.4686927260434,39180.0,golfer,4,#007cbf,,,,,,,,
golfer_group_54,38.0241130219378,-84.46874658809746,39240.0,golfer,4,#007cbf,,,,,,,,
golfer_group_54,38.02382325517176,-84.46880045015152,39300.0,golfer,4,#007cbf,,,,,,,,
golfer_group_54,38.023533488405725,-84.46885431220558,39360.0,golfer,4,#007cbf,,,,,,,,
golfer_group_54,38.02325287292604,-84.46895459002404,39420.0,golfer,4,#007cbf,,,,,,,,
golfer_group_54,38.023120094224296,-84.46908677293466,39480.0,golfer,4,#007cbf,,,,,,,,
golfer_group_54,38.02338797984743,-84.46923698741324,39540.0,golfer,4,#007cbf,,,,,,,,
golfer_group_54,38.02365586547056,-84.46938720189182,39600.0,golfer,4,#007cbf,,,,,,,,
golfer_group_54,38.02392375109368,-84.4695374163704,39660.0,golfer,4,#007cbf,,,,,,,,
golfer_group_54,38.024191636716814,-84.46968763084898,39720.0,golfer,4,#007cbf,,,,,,,,
golfer_group_54,38.024459522339946,-84.46983784532756,39780.0,golfer,4,#007cbf,,,,,,,,
golfer_group_54,38.02472740796308,-84.46998805980614,39840.0,golfer,4,#007cbf,,,,,,,,
golfer_group_54,38.0249952935862,-84.47013827428472,39900.0,golfer,4,#007cbf,,,,,,,,
golfer_group_54,38.02526317920933,-84.4702884887633,39960.0,golfer,4,#007cbf,,,,,,,,
golfer_group_54,38.02549053793203,-84.47051685206469,40020.0,golfer,4,#007cbf,,,,,,,,
golfer_group_54,38.02570511747455,-84.47076985771169,40080.0,golfer,4,#007cbf,,,,,,,,
golfer_group_54,38.025919697017066,-84.4710228633587,40140.0,golfer,4,#007cbf,,,,,,,,
golfer_group_54,38.02613427655959,-84.4712758690057,40200.0,golfer,4,#007cbf,,,,,,,,
golfer_group_54,38.02634885610211,-84.4715288746527,40260.0,golfer,4,#007cbf,,,,,,,,
golfer_group_54,38.026563435644626,-84.4717818802997,40320.0,golfer,4,#007cbf,,,,,,,,
golfer_group_54,38.02678243981026,-84.47202860408251,40380.0,golfer,4,#007cbf,,,,,,,,
golfer_group_54,38.02668611647238,-84.47218057293104,40440.0,golfer,4,#007cbf,,,,,,,,
golfer_group_54,38.02640386024167,-84.4722796932027,40500.0,golfer,4,#007cbf,,,,,,,,
golfer_group_54,38.02612160401096,-84.47237881347434,40560.0,golfer,4,#007cbf,,,,,,,,
golfer_group_54,38.02583934778024,-84.47247793374599,40620.0,golfer,4,#007cbf,,,,,,,,
golfer_group_54,38.02555709154953,-84.47257705401765,40680.0,golfer,4,#007cbf,,,,,,,,
golfer_group_54,38.025278899056985,-84.47258808504574,40740.0,golfer,4,#007cbf,,,,,,,,
golfer_group_54,38.02505413568005,-84.47238241246707,40800.0,golfer,4,#007cbf,,,,,,,,
golfer_group_54,38.02491621232278,-84.47205445775451,40860.0,golfer,4,#007cbf,,,,,,,,
golfer_group_54,38.02477828896551,-84.47172650304194,40920.0,golfer,4,#007cbf,,,,,,,,
golfer_group_54,38.024640365608235,-84.47139854832938,40980.0,golfer,4,#007cbf,,,,,,,,
golfer_group_54,38.02450244225096,-84.4710705936168,41040.0,golfer,4,#007cbf,,,,,,,,
golfer_group_54,38.02436451889369,-84.47074263890424,41100.0,golfer,4,#007cbf,,,,,,,,
golfer_group_54,38.02422659553642,-84.47041468419167,41160.0,golfer,4,#007cbf,,,,,,,,
golfer_group_54,38.02408867217915,-84.4700867294791,41220.0,golfer,4,#007cbf,,,,,,,,
golfer_group_54,38.023830177494666,-84.46991493651929,41280.0,golfer,4,#007cbf,,,,,,,,
golfer_group_54,38.02356911857893,-84.46974646470437,41340.0,golfer,4,#007cbf,,,,,,,,
golfer_group_54,38.0233080596632,-84.46957799288944,41400.0,golfer,4,#007cbf,,,,,,,,
golfer_group_54,38.02304700074746,-84.46940952107451,41460.0,golfer,4,#007cbf,,,,,,,,
golfer_group_54,38.0227847606833,-84.46924457405959,41520.0,golfer,4,#007cbf,,,,,,,,
golfer_group_54,38.02250809559787,-84.46912267439926,41580.0,golfer,4,#007cbf,,,,,,,,
golfer_group_54,38.022527943550884,-84.46893235209967,41640.0,golfer,4,#007cbf,,,,,,,,
golfer_group_54,38.02275311404551,-84.46869465006165,41700.0,golfer,4,#007cbf,,,,,,,,
golfer_group_54,38.02297828454014,-84.46845694802364,41760.0,golfer,4,#007cbf,,,,,,,,
golfer_group_54,38.02320345503476,-84.46821924598564,41820.0,golfer,4,#007cbf,,,,,,,,
golfer_group_54,38.023428625529384,-84.46798154394763,41880.0,golfer,4,#007cbf,,,,,,,,
golfer_group_54,38.02365379602401,-84.46774384190961,41940.0,golfer,4,#007cbf,,,,,,,,
golfer_group_54,38.02387896651864,-84.4675061398716,42000.0,golfer,4,#007cbf,,,,,,,,
golfer_group_54,38.02410413701326,-84.4672684378336,42060.0,golfer,4,#007cbf,,,,,,,,
golfer_group_54,38.024329307507884,-84.46703073579559,42120.0,golfer,4,#007cbf,,,,,,,,
golfer_group_54,38.024516630016976,-84.46674714202182,42180.0,golfer,4,#007cbf,,,,,,,,
golfer_group_54,38.02469334505099,-84.4664506863893,42240.0,golfer,4,#007cbf,,,,,,,,
golfer_group_54,38.02487006008501,-84.46615423075679,42300.0,golfer,4,#007cbf,,,,,,,,
golfer_group_54,38.02504677511902,-84.46585777512426,42360.0,golfer,4,#007cbf,,,,,,,,
golfer_group_54,38.02525798622544,-84.46562593134438,42420.0,golfer,4,#007cbf,,,,,,,,
golfer_group_54,38.025540368765746,-84.46552739312297,42480.0,golfer,4,#007cbf,,,,,,,,
golfer_group_54,38.02582275130605,-84.46542885490156,42540.0,golfer,4,#007cbf,,,,,,,,
golfer_group_54,38.02610513384636,-84.46533031668015,42600.0,golfer,4,#007cbf,,,,,,,,
golfer_group_54,38.02637936666449,-84.46537020680762,42660.0,golfer,4,#007cbf,,,,,,,,
golfer_group_54,38.02664707383,-84.4655209394031,42720.0,golfer,4,#007cbf,,,,,,,,
golfer_group_54,38.026914780995504,-84.46567167199859,42780.0,golfer,4,#007cbf,,,,,,,,
golfer_group_54,38.02718248816101,-84.46582240459409,42840.0,golfer,4,#007cbf,,,,,,,,
golfer_group_54,38.027450195326516,-84.46597313718958,42900.0,golfer,4,#007cbf,,,,,,,,
golfer_group_54,38.02771790249202,-84.46612386978506,42960.0,golfer,4,#007cbf,,,,,,,,
golfer_group_54,38.027985609657534,-84.46627460238055,43020.0,golfer,4,#007cbf,,,,,,,,
golfer_group_54,38.02825331682304,-84.46642533497604,43080.0,golfer,4,#007cbf,,,,,,,,
golfer_group_54,38.02854411583699,-84.46643446747252,43140.0,golfer,4,#007cbf,,,,,,,,
golfer_group_54,38.02883696025459,-84.46643105747557,43200.0,golfer,4,#007cbf,,,,,,,,
golfer_group_54,38.02912980467218,-84.46642764747862,43260.0,golfer,4,#007cbf,,,,,,,,
golfer_group_54,38.029422649089774,-84.46642423748168,43320.0,golfer,4,#007cbf,,,,,,,,
golfer_group_54,38.029714660100595,-84.46640554510962,43380.0,golfer,4,#007cbf,,,,,,,,
golfer_group_54,38.03000508074206,-84.46635768976212,43440.0,golfer,4,#007cbf,,,,,,,,
golfer_group_54,38.03029550138352,-84.46630983441462,43500.0,golfer,4,#007cbf,,,,,,,,
golfer_group_54,38.03034421537664,-84.46623396436489,43560.0,golfer,4,#007cbf,,,,,,,,
golfer_group_54,38.0300654222068,-84.4661201350132,43620.0,golfer,4,#007cbf,,,,,,,,
golfer_group_54,38.02978662903697,-84.46600630566151,43680.0,golfer,4,#007cbf,,,,,,,,
golfer_group_54,38.02950783586713,-84.46589247630982,43740.0,golfer,4,#007cbf,,,,,,,,
golfer_group_54,38.029229042697295,-84.46577864695813,43800.0,golfer,4,#007cbf,,,,,,,,
golfer_group_54,38.02895024952746,-84.46566481760644,43860.0,golfer,4,#007cbf,,,,,,,,
golfer_group_54,38.02867145635763,-84.46555098825475,43920.0,golfer,4,#007cbf,,,,,,,,
golfer_group_54,38.02839266318779,-84.46543715890306,43980.0,golfer,4,#007cbf,,,,,,,,
golfer_group_54,38.02811294382565,-84.46532834232956,44040.0,golfer,4,#007cbf,,,,,,,,
golfer_group_54,38.02782336017175,-84.46527291370359,44100.0,golfer,4,#007cbf,,,,,,,,
golfer_group_54,38.02753377651786,-84.46521748507763,44160.0,golfer,4,#007cbf,,,,,,,,
golfer_group_54,38.027244192863975,-84.46516205645167,44220.0,golfer,4,#007cbf,,,,,,,,
golfer_group_54,38.02695460921009,-84.46510662782572,44280.0,golfer,4,#007cbf,,,,,,,,
golfer_group_54,38.02666502555619,-84.46505119919976,44340.0,golfer,4,#007cbf,,,,,,,,
golfer_group_54,38.02637326063661,-84.4650346343973,44400.0,golfer,4,#007cbf,,,,,,,,
golfer_group_54,38.02608041188864,-84.46503738027086,44460.0,golfer,4,#007cbf,,,,,,,,
golfer_group_54,38.025787563140675,-84.46504012614442,44520.0,golfer,2,#007cbf,,,,,,,,
golfer_group_54,38.025494714392714,-84.46504287201797,44580.0,golfer,4,#007cbf,,,,,,,,
golfer_group_54,38.02556401049359,-84.4653626218534,44640.0,golfer,4,#007cbf,,,,,,,,
golfer_group_54,38.025666096931715,-84.46571107475296,44700.0,golfer,4,#007cbf,,,,,,,,
golfer_group_54,38.02576818336984,-84.46605952765252,44760.0,golfer,4,#007cbf,,,,,,,,
golfer_group_54,38.02587026980797,-84.46640798055208,44820.0,golfer,4,#007cbf,,,,,,,,
golfer_group_54,38.02597235624609,-84.46675643345164,44880.0,golfer,4,#007cbf,,,,,,,,
golfer_group_54,38.02607444268422,-84.46710488635118,44940.0,golfer,4,#007cbf,,,,,,,,
golfer_group_54,38.026176529122345,-84.46745333925074,45000.0,golfer,4,#007cbf,,,,,,,,
golfer_group_54,38.02627861556047,-84.4678017921503,45060.0,golfer,4,#007cbf,,,,,,,,
golfer_group_54,38.026391551516966,-84.46814347235242,45120.0,golfer,4,#007cbf,,,,,,,,
golfer_group_54,38.0265466275618,-84.46845884704874,45180.0,golfer,4,#007cbf,,,,,,,,
golfer_group_54,38.02670170360664,-84.46877422174504,45240.0,golfer,4,#007cbf,,,,,,,,
golfer_group_54,38.02685677965148,-84.46908959644135,45300.0,golfer,4,#007cbf,,,,,,,,
golfer_group_54,38.027011855696315,-84.46940497113766,45360.0,golfer,4,#007cbf,,,,,,,,
golfer_group_54,38.027202562026105,-84.46967624119414,45420.0,golfer,4,#007cbf,,,,,,,,
golfer_group_54,38.027447,-84.469881,45480.0,golfer,1,#007cbf,,,,,,,,
golfer_group_55,38.027447,-84.469881,31680.0,golfer,1,#007cbf,,,,,,,,
golfer_group_55,38.02754627606764,-84.46962578282717,31740.0,golfer,1,#007cbf,,,,,,,,
golfer_group_55,38.02744283462056,-84.4692779685763,31800.0,golfer,1,#007cbf,,,,,,,,
golfer_group_55,38.02733939317348,-84.46893015432545,31860.0,golfer,1,#007cbf,,,,,,,,
golfer_group_55,38.0272359517264,-84.46858234007459,31920.0,golfer,1,#007cbf,,,,,,,,
golfer_group_55,38.027132510279316,-84.46823452582373,31980.0,golfer,1,#007cbf,,,,,,,,
golfer_group_55,38.027029068832235,-84.46788671157287,32040.0,golfer,1,#007cbf,,,,,,,,
golfer_group_55,38.026925627385154,-84.46753889732202,32100.0,golfer,1,#007cbf,,,,,,,,
golfer_group_55,38.02682218593807,-84.46719108307117,32160.0,golfer,1,#007cbf,,,,,,,,
golfer_group_55,38.026707885382585,-84.46684997010087,32220.0,golfer,1,#007cbf,,,,,,,,
golfer_group_55,38.0265563489919,-84.46653183579225,32280.0,golfer,1,#007cbf,,,,,,,,
golfer_group_55,38.02640481260122,-84.46621370148365,32340.0,golfer,1,#007cbf,,,,,,,,
golfer_group_55,38.02625327621054,-84.46589556717504,32400.0,golfer,1,#007cbf,,,,,,,,
golfer_group_55,38.026097865476636,-84.4655806681031,32460.0,golfer,1,#007cbf,,,,,,,,
golfer_group_55,38.02592778516153,-84.46527801873756,32520.0,golfer,4,#007cbf,,,,,,,,
golfer_group_55,38.02575770484643,-84.46497536937204,32580.0,golfer,2,#007cbf,,,,,,,,
golfer_group_55,38.02580429978306,-84.46478189846547,32640.0,golfer,2,#007cbf,,,,,,,,
golfer_group_55,38.02609158193444,-84.46470970518055,32700.0,golfer,2,#007cbf,,,,,,,,
golfer_group_55,38.02637886408582,-84.46463751189565,32760.0,golfer,2,#007cbf,,,,,,,,
golfer_group_55,38.0266661462372,-84.46456531861072,32820.0,golfer,2,#007cbf,,,,,,,,
golfer_group_55,38.02695342838857,-84.4644931253258,32880.0,golfer,2,#007cbf,,,,,,,,
golfer_group_55,38.02723262500985,-84.46440936561527,32940.0,golfer,2,#007cbf,,,,,,,,
golfer_group_55,38.02732323296244,-84.46405582806928,33000.0,golfer,2,#007cbf,,,,,,,,
golfer_group_55,38.027413840915024,-84.46370229052329,33060.0,golfer,3,#007cbf,,,,,,,,
golfer_group_55,38.02755613921936,-84.46339199540722,33120.0,golfer,3,#007cbf,,,,,,,,
golfer_group_55,38.02777631020529,-84.46314684598785,33180.0,golfer,3,#007cbf,,,,,,,,
golfer_group_55,38.027996481191224,-84.4629016965685,33240.0,golfer,3,#007cbf,,,,,,,,
golfer_group_55,38.028216652177164,-84.46265654714912,33300.0,golfer,3,#007cbf,,,,,,,,
golfer_group_55,38.0284368231631,-84.46241139772975,33360.0,golfer,3,#007cbf,,,,,,,,
golfer_group_55,38.02865699414903,-84.4621662483104,33420.0,golfer,3,#007cbf,,,,,,,,
golfer_group_55,38.02887716513497,-84.46192109889103,33480.0,golfer,3,#007cbf,,,,,,,,
golfer_group_55,38.029097336120905,-84.46167594947165,33540.0,golfer,3,#007cbf,,,,,,,,
golfer_group_55,38.02932048603734,-84.46143527844885,33600.0,golfer,3,#007cbf,,,,,,,,
golfer_group_55,38.02954781666501,-84.4612008925283,33660.0,golfer,3,#007cbf,,,,,,,,
golfer_group_55,38.029775147292675,-84.46096650660775,33720.0,golfer,3,#007cbf,,,,,,,,
golfer_group_55,38.03000247792034,-84.46073212068718,33780.0,golfer,3,#007cbf,,,,,,,,
golfer_group_55,38.03022980854801,-84.46049773476663,33840.0,golfer,3,#007cbf,,,,,,,,
golfer_group_55,38.03028198771919,-84.46029007968264,33900.0,golfer,3,#007cbf,,,,,,,,
golfer_group_55,38.030017377451664,-84.46013077159431,33960.0,golfer,4,#007cbf,,,,,,,,
golfer_group_55,38.02974997117584,-84.46003134117494,34020.0,golfer,4,#007cbf,,,,,,,,
golfer_group_55,38.029472388508275,-84.46014984237516,34080.0,golfer,4,#007cbf,,,,,,,,
golfer_group_55,38.02919480584071,-84.46026834357538,34140.0,golfer,4,#007cbf,,,,,,,,
golfer_group_55,38.02891722317315,-84.46038684477558,34200.0,golfer,4,#007cbf,,,,,,,,
golfer_group_55,38.02863964050559,-84.4605053459758,34260.0,golfer,4,#007cbf,,,,,,,,
golfer_group_55,38.02846819932939,-84.46074999771898,34320.0,golfer,4,#007cbf,,,,,,,,
golfer_group_55,38.028356651102726,-84.46108459413088,34380.0,golfer,4,#007cbf,,,,,,,,
golfer_group_55,38.028163251425084,-84.46136377382878,34440.0,golfer,4,#007cbf,,,,,,,,
golfer_group_55,38.02796985174745,-84.46164295352668,34500.0,golfer,4,#007cbf,,,,,,,,
golfer_group_55,38.02777645206981,-84.46192213322458,34560.0,golfer,4,#007cbf,,,,,,,,
golfer_group_55,38.027583052392174,-84.46220131292247,34620.0,golfer,4,#007cbf,,,,,,,,
golfer_group_55,38.02739313138997,-84.4624841808364,34680.0,golfer,4,#007cbf,,,,,,,,
golfer_group_55,38.02721114487077,-84.46277546117278,34740.0,golfer,4,#007cbf,,,,,,,,
golfer_group_55,38.02702915835156,-84.46306674150915,34800.0,golfer,4,#007cbf,,,,,,,,
golfer_group_55,38.02684717183235,-84.46335802184554,34860.0,golfer,4,#007cbf,,,,,,,,
golfer_group_55,38.027030664719845,-84.46345337202217,34920.0,golfer,4,#007cbf,,,,,,,,
golfer_group_55,38.02732202605173,-84.46349089491457,34980.0,golfer,3,#007cbf,,,,,,,,
golfer_group_55,38.02761338738361,-84.46352841780696,35040.0,golfer,3,#007cbf,,,,,,,,
golfer_group_55,38.02787761975422,-84.46365295047241,35100.0,golfer,4,#007cbf,,,,,,,,
golfer_group_55,38.02811027773896,-84.46387875056652,35160.0,golfer,4,#007cbf,,,,,,,,
golfer_group_55,38.02834293572369,-84.46410455066062,35220.0,golfer,4,#007cbf,,,,,,,,
golfer_group_55,38.028575593708425,-84.46433035075472,35280.0,golfer,4,#007cbf,,,,,,,,
golfer_group_55,38.028808251693164,-84.46455615084882,35340.0,golfer,4,#007cbf,,,,,,,,
golfer_group_55,38.029040909677896,-84.46478195094294,35400.0,golfer,4,#007cbf,,,,,,,,
golfer_group_55,38.02927356766263,-84.46500775103704,35460.0,golfer,4,#007cbf,,,,,,,,
golfer_group_55,38.02950622564737,-84.46523355113113,35520.0,golfer,4,#007cbf,,,,,,,,
golfer_group_55,38.02975350361947,-84.4654282954189,35580.0,golfer,4,#007cbf,,,,,,,,
golfer_group_55,38.030020352724144,-84.46558146666777,35640.0,golfer,4,#007cbf,,,,,,,,
golfer_group_55,38.03028720182882,-84.46573463791665,35700.0,golfer,4,#007cbf,,,,,,,,
golfer_group_55,38.030554050933496,-84.46588780916554,35760.0,golfer,4,#007cbf,,,,,,,,
golfer_group_55,38.0308144451061,-84.46601508231271,35820.0,golfer,4,#007cbf,,,,,,,,
golfer_group_55,38.03096331555731,-84.46569490649415,35880.0,golfer,4,#007cbf,,,,,,,,
golfer_group_55,38.03100160851583,-84.46532942233877,35940.0,golfer,4,#007cbf,,,,,,,,
golfer_group_55,38.03102825601745,-84.4649591665407,36000.0,golfer,4,#007cbf,,,,,,,,
golfer_group_55,38.03105490351906,-84.46458891074262,36060.0,golfer,4,#007cbf,,,,,,,,
golfer_group_55,38.031081551020684,-84.46421865494455,36120.0,golfer,4,#007cbf,,,,,,,,
golfer_group_55,38.031108198522304,-84.46384839914647,36180.0,golfer,4,#007cbf,,,,,,,,
golfer_group_55,38.03113484602392,-84.4634781433484,36240.0,golfer,4,#007cbf,,,,,,,,
golfer_group_55,38.03116149352554,-84.46310788755032,36300.0,golfer,4,#007cbf,,,,,,,,
golfer_group_55,38.031127268705696,-84.46274982308951,36360.0,golfer,4,#007cbf,,,,,,,,
golfer_group_55,38.031012137391194,-84.4624079623538,36420.0,golfer,4,#007cbf,,,,,,,,
golfer_group_55,38.03089700607669,-84.46206610161808,36480.0,golfer,4,#007cbf,,,,,,,,
golfer_group_55,38.0307818747622,-84.46172424088235,36540.0,golfer,4,#007cbf,,,,,,,,
golfer_group_55,38.030666743447696,-84.46138238014663,36600.0,golfer,4,#007cbf,,,,,,,,
golfer_group_55,38.030551612133195,-84.46104051941091,36660.0,golfer,4,#007cbf,,,,,,,,
golfer_group_55,38.03081531898336,-84.46091137688049,36720.0,golfer,4,#007cbf,,,,,,,,
golfer_group_55,38.0310279411826,-84.46098091912485,36780.0,golfer,4,#007cbf,,,,,,,,
golfer_group_55,38.03115090321037,-84.46131835889211,36840.0,golfer,4,#007cbf,,,,,,,,
golfer_group_55,38.031273865238134,-84.46165579865938,36900.0,golfer,4,#007cbf,,,,,,,,
golfer_group_55,38.03139682726591,-84.46199323842663,36960.0,golfer,4,#007cbf,,,,,,,,
golfer_group_55,38.031519789293675,-84.4623306781939,37020.0,golfer,4,#007cbf,,,,,,,,
golfer_group_55,38.03164275132144,-84.46266811796116,37080.0,golfer,4,#007cbf,,,,,,,,
golfer_group_55,38.03176571334921,-84.46300555772842,37140.0,golfer,4,#007cbf,,,,,,,,
golfer_group_55,38.031888675376976,-84.46334299749569,37200.0,golfer,4,#007cbf,,,,,,,,
golfer_group_55,38.031909837946635,-84.46368872876327,37260.0,golfer,4,#007cbf,,,,,,,,
golfer_group_55,38.03182184589159,-84.46404335060477,37320.0,golfer,4,#007cbf,,,,,,,,
golfer_group_55,38.03173385383655,-84.46439797244628,37380.0,golfer,4,#007cbf,,,,,,,,
golfer_group_55,38.031645861781506,-84.46475259428779,37440.0,golfer,4,#007cbf,,,,,,,,
golfer_group_55,38.03155786972646,-84.46510721612928,37500.0,golfer,4,#007cbf,,,,,,,,
golfer_group_55,38.03146987767142,-84.46546183797079,37560.0,golfer,4,#007cbf,,,,,,,,
golfer_group_55,38.03131864912918,-84.46576966145622,37620.0,golfer,4,#007cbf,,,,,,,,
golfer_group_55,38.0311189562348,-84.46604161874937,37680.0,golfer,4,#007cbf,,,,,,,,
golfer_group_55,38.030919263340415,-84.46631357604252,37740.0,golfer,4,#007cbf,,,,,,,,
golfer_group_55,38.030718115722834,-84.46658350967269,37800.0,golfer,4,#007cbf,,,,,,,,
golfer_group_55,38.0304866033238,-84.46681120290668,37860.0,golfer,4,#007cbf,,,,,,,,
golfer_group_55,38.030255090924776,-84.46703889614066,37920.0,golfer,4,#007cbf,,,,,,,,
golfer_group_55,38.03002357852575,-84.46726658937465,37980.0,golfer,4,#007cbf,,,,,,,,
golfer_group_55,38.02979206612672,-84.46749428260863,38040.0,golfer,4,#007cbf,,,,,,,,
golfer_group_55,38.02956055372769,-84.46772197584261,38100.0,golfer,4,#007cbf,,,,,,,,
golfer_group_55,38.02932904132866,-84.4679496690766,38160.0,golfer,4,#007cbf,,,,,,,,
golfer_group_55,38.02909752892963,-84.46817736231058,38220.0,golfer,4,#007cbf,,,,,,,,
golfer_group_55,38.0288660165306,-84.46840505554457,38280.0,golfer,4,#007cbf,,,,,,,,
golfer_group_55,38.02869804015225,-84.46870681462924,38340.0,golfer,4,#007cbf,,,,,,,,
golfer_group_55,38.028539024924726,-84.46901901999702,38400.0,golfer,4,#007cbf,,,,,,,,
golfer_group_55,38.0283800096972,-84.46933122536481,38460.0,golfer,4,#007cbf,,,,,,,,
golfer_group_55,38.028129065075696,-84.46949162304078,38520.0,golfer,4,#007cbf,,,,,,,,
golfer_group_55,38.02785052807789,-84.46960645602002,38580.0,golfer,1,#007cbf,,,,,,,,
golfer_group_55,38.027571991080094,-84.46972128899925,38640.0,golfer,1,#007cbf,,,,,,,,
golfer_group_55,38.02729345408229,-84.4698361219785,38700.0,golfer,4,#007cbf,,,,,,,,
golfer_group_55,38.027014917084486,-84.46995095495774,38760.0,golfer,4,#007cbf,,,,,,,,
golfer_group_55,38.02677219339408,-84.46990690842384,38820.0,golfer,4,#007cbf,,,,,,,,
golfer_group_55,38.026583670283,-84.46962241044099,38880.0,golfer,4,#007cbf,,,,,,,,
golfer_group_55,38.02639514717193,-84.46933791245814,38940.0,golfer,4,#007cbf,,,,,,,,
golfer_group_55,38.026206624060855,-84.4690534144753,39000.0,golfer,4,#007cbf,,,,,,,,
golfer_group_55,38.02601810094978,-84.46876891649245,39060.0,golfer,4,#007cbf,,,,,,,,
golfer_group_55,38.0258295778387,-84.4684844185096,39120.0,golfer,4,#007cbf,,,,,,,,
golfer_group_55,38.02564105472762,-84.46819992052676,39180.0,golfer,4,#007cbf,,,,,,,,
golfer_group_55,38.02539873776804,-84.4680332578427,39240.0,golfer,4,#007cbf,,,,,,,,
golfer_group_55,38.02511056304286,-84.46796704648648,39300.0,golfer,4,#007cbf,,,,,,,,
golfer_group_55,38.02482238831767,-84.46790083513027,39360.0,golfer,4,#007cbf,,,,,,,,
golfer_group_55,38.02466098715723,-84.46791926274804,39420.0,golfer,4,#007cbf,,,,,,,,
golfer_group_55,38.0248672597656,-84.46818316370741,39480.0,golfer,4,#007cbf,,,,,,,,
golfer_group_55,38.025073532373966,-84.46844706466678,39540.0,golfer,4,#007cbf,,,,,,,,
golfer_group_55,38.02498232223591,-84.46858500193528,39600.0,golfer,4,#007cbf,,,,,,,,
golfer_group_55,38.024692555469876,-84.46863886398934,39660.0,golfer,4,#007cbf,,,,,,,,
golfer_group_55,38.02440278870384,-84.4686927260434,39720.0,golfer,4,#007cbf,,,,,,,,
golfer_group_55,38.0241130219378,-84.46874658809746,39780.0,golfer,4,#007cbf,,,,,,,,
golfer_group_55,38.02382325517176,-84.46880045015152,39840.0,golfer,4,#007cbf,,,,,,,,
golfer_group_55,38.023533488405725,-84.46885431220558,39900.0,golfer,4,#007cbf,,,,,,,,
golfer_group_55,38.02325287292604,-84.46895459002404,39960.0,golfer,4,#007cbf,,,,,,,,
golfer_group_55,38.023120094224296,-84.46908677293466,40020.0,golfer,4,#007cbf,,,,,,,,
golfer_group_55,38.02338797984743,-84.46923698741324,40080.0,golfer,4,#007cbf,,,,,,,,
golfer_group_55,38.02365586547056,-84.46938720189182,40140.0,golfer,4,#007cbf,,,,,,,,
golfer_group_55,38.02392375109368,-84.4695374163704,40200.0,golfer,4,#007cbf,,,,,,,,
golfer_group_55,38.024191636716814,-84.46968763084898,40260.0,golfer,4,#007cbf,,,,,,,,
golfer_group_55,38.024459522339946,-84.46983784532756,40320.0,golfer,4,#007cbf,,,,,,,,
golfer_group_55,38.02472740796308,-84.46998805980614,40380.0,golfer,4,#007cbf,,,,,,,,
golfer_group_55,38.0249952935862,-84.47013827428472,40440.0,golfer,4,#007cbf,,,,,,,,
golfer_group_55,38.02526317920933,-84.4702884887633,40500.0,golfer,4,#007cbf,,,,,,,,
golfer_group_55,38.02549053793203,-84.47051685206469,40560.0,golfer,4,#007cbf,,,,,,,,
golfer_group_55,38.02570511747455,-84.47076985771169,40620.0,golfer,4,#007cbf,,,,,,,,
golfer_group_55,38.025919697017066,-84.4710228633587,40680.0,golfer,4,#007cbf,,,,,,,,
golfer_group_55,38.02613427655959,-84.4712758690057,40740.0,golfer,4,#007cbf,,,,,,,,
golfer_group_55,38.02634885610211,-84.4715288746527,40800.0,golfer,4,#007cbf,,,,,,,,
golfer_group_55,38.026563435644626,-84.4717818802997,40860.0,golfer,4,#007cbf,,,,,,,,
golfer_group_55,38.02678243981026,-84.47202860408251,40920.0,golfer,4,#007cbf,,,,,,,,
golfer_group_55,38.02668611647238,-84.47218057293104,40980.0,golfer,4,#007cbf,,,,,,,,
golfer_group_55,38.02640386024167,-84.4722796932027,41040.0,golfer,4,#007cbf,,,,,,,,
golfer_group_55,38.02612160401096,-84.47237881347434,41100.0,golfer,4,#007cbf,,,,,,,,
golfer_group_55,38.02583934778024,-84.47247793374599,41160.0,golfer,4,#007cbf,,,,,,,,
golfer_group_55,38.02555709154953,-84.47257705401765,41220.0,golfer,4,#007cbf,,,,,,,,
golfer_group_55,38.025278899056985,-84.47258808504574,41280.0,golfer,4,#007cbf,,,,,,,,
golfer_group_55,38.02505413568005,-84.47238241246707,41340.0,golfer,4,#007cbf,,,,,,,,
golfer_group_55,38.02491621232278,-84.47205445775451,41400.0,golfer,4,#007cbf,,,,,,,,
golfer_group_55,38.02477828896551,-84.47172650304194,41460.0,golfer,4,#007cbf,,,,,,,,
golfer_group_55,38.024640365608235,-84.47139854832938,41520.0,golfer,4,#007cbf,,,,,,,,
golfer_group_55,38.02450244225096,-84.4710705936168,41580.0,golfer,4,#007cbf,,,,,,,,
golfer_group_55,38.02436451889369,-84.47074263890424,41640.0,golfer,4,#007cbf,,,,,,,,
golfer_group_55,38.02422659553642,-84.47041468419167,41700.0,golfer,4,#007cbf,,,,,,,,
golfer_group_55,38.02408867217915,-84.4700867294791,41760.0,golfer,4,#007cbf,,,,,,,,
golfer_group_55,38.023830177494666,-84.46991493651929,41820.0,golfer,4,#007cbf,,,,,,,,
golfer_group_55,38.02356911857893,-84.46974646470437,41880.0,golfer,4,#007cbf,,,,,,,,
golfer_group_55,38.0233080596632,-84.46957799288944,41940.0,golfer,4,#007cbf,,,,,,,,
golfer_group_55,38.02304700074746,-84.46940952107451,42000.0,golfer,4,#007cbf,,,,,,,,
golfer_group_55,38.0227847606833,-84.46924457405959,42060.0,golfer,4,#007cbf,,,,,,,,
golfer_group_55,38.02250809559787,-84.46912267439926,42120.0,golfer,4,#007cbf,,,,,,,,
golfer_group_55,38.022527943550884,-84.46893235209967,42180.0,golfer,4,#007cbf,,,,,,,,
golfer_group_55,38.02275311404551,-84.46869465006165,42240.0,golfer,4,#007cbf,,,,,,,,
golfer_group_55,38.02297828454014,-84.46845694802364,42300.0,golfer,4,#007cbf,,,,,,,,
golfer_group_55,38.02320345503476,-84.46821924598564,42360.0,golfer,4,#007cbf,,,,,,,,
golfer_group_55,38.023428625529384,-84.46798154394763,42420.0,golfer,4,#007cbf,,,,,,,,
golfer_group_55,38.02365379602401,-84.46774384190961,42480.0,golfer,4,#007cbf,,,,,,,,
golfer_group_55,38.02387896651864,-84.4675061398716,42540.0,golfer,4,#007cbf,,,,,,,,
golfer_group_55,38.02410413701326,-84.4672684378336,42600.0,golfer,4,#007cbf,,,,,,,,
golfer_group_55,38.024329307507884,-84.46703073579559,42660.0,golfer,4,#007cbf,,,,,,,,
golfer_group_55,38.024516630016976,-84.46674714202182,42720.0,golfer,4,#007cbf,,,,,,,,
golfer_group_55,38.02469334505099,-84.4664506863893,42780.0,golfer,4,#007cbf,,,,,,,,
golfer_group_55,38.02487006008501,-84.46615423075679,42840.0,golfer,4,#007cbf,,,,,,,,
golfer_group_55,38.02504677511902,-84.46585777512426,42900.0,golfer,4,#007cbf,,,,,,,,
golfer_group_55,38.02525798622544,-84.46562593134438,42960.0,golfer,4,#007cbf,,,,,,,,
golfer_group_55,38.025540368765746,-84.46552739312297,43020.0,golfer,4,#007cbf,,,,,,,,
golfer_group_55,38.02582275130605,-84.46542885490156,43080.0,golfer,4,#007cbf,,,,,,,,
golfer_group_55,38.02610513384636,-84.46533031668015,43140.0,golfer,4,#007cbf,,,,,,,,
golfer_group_55,38.02637936666449,-84.46537020680762,43200.0,golfer,4,#007cbf,,,,,,,,
golfer_group_55,38.02664707383,-84.4655209394031,43260.0,golfer,4,#007cbf,,,,,,,,
golfer_group_55,38.026914780995504,-84.46567167199859,43320.0,golfer,4,#007cbf,,,,,,,,
golfer_group_55,38.02718248816101,-84.46582240459409,43380.0,golfer,4,#007cbf,,,,,,,,
golfer_group_55,38.027450195326516,-84.46597313718958,43440.0,golfer,4,#007cbf,,,,,,,,
golfer_group_55,38.02771790249202,-84.46612386978506,43500.0,golfer,4,#007cbf,,,,,,,,
golfer_group_55,38.027985609657534,-84.46627460238055,43560.0,golfer,4,#007cbf,,,,,,,,
golfer_group_55,38.02825331682304,-84.46642533497604,43620.0,golfer,4,#007cbf,,,,,,,,
golfer_group_55,38.02854411583699,-84.46643446747252,43680.0,golfer,4,#007cbf,,,,,,,,
golfer_group_55,38.02883696025459,-84.46643105747557,43740.0,golfer,4,#007cbf,,,,,,,,
golfer_group_55,38.02912980467218,-84.46642764747862,43800.0,golfer,4,#007cbf,,,,,,,,
golfer_group_55,38.029422649089774,-84.46642423748168,43860.0,golfer,4,#007cbf,,,,,,,,
golfer_group_55,38.029714660100595,-84.46640554510962,43920.0,golfer,4,#007cbf,,,,,,,,
golfer_group_55,38.03000508074206,-84.46635768976212,43980.0,golfer,4,#007cbf,,,,,,,,
golfer_group_55,38.03029550138352,-84.46630983441462,44040.0,golfer,4,#007cbf,,,,,,,,
golfer_group_55,38.03034421537664,-84.46623396436489,44100.0,golfer,4,#007cbf,,,,,,,,
golfer_group_55,38.0300654222068,-84.4661201350132,44160.0,golfer,4,#007cbf,,,,,,,,
golfer_group_55,38.02978662903697,-84.46600630566151,44220.0,golfer,4,#007cbf,,,,,,,,
golfer_group_55,38.02950783586713,-84.46589247630982,44280.0,golfer,4,#007cbf,,,,,,,,
golfer_group_55,38.029229042697295,-84.46577864695813,44340.0,golfer,4,#007cbf,,,,,,,,
golfer_group_55,38.02895024952746,-84.46566481760644,44400.0,golfer,4,#007cbf,,,,,,,,
golfer_group_55,38.02867145635763,-84.46555098825475,44460.0,golfer,4,#007cbf,,,,,,,,
golfer_group_55,38.02839266318779,-84.46543715890306,44520.0,golfer,4,#007cbf,,,,,,,,
golfer_group_55,38.02811294382565,-84.46532834232956,44580.0,golfer,4,#007cbf,,,,,,,,
golfer_group_55,38.02782336017175,-84.46527291370359,44640.0,golfer,4,#007cbf,,,,,,,,
golfer_group_55,38.02753377651786,-84.46521748507763,44700.0,golfer,4,#007cbf,,,,,,,,
golfer_group_55,38.027244192863975,-84.46516205645167,44760.0,golfer,4,#007cbf,,,,,,,,
golfer_group_55,38.02695460921009,-84.46510662782572,44820.0,golfer,4,#007cbf,,,,,,,,
golfer_group_55,38.02666502555619,-84.46505119919976,44880.0,golfer,4,#007cbf,,,,,,,,
golfer_group_55,38.02637326063661,-84.4650346343973,44940.0,golfer,4,#007cbf,,,,,,,,
golfer_group_55,38.02608041188864,-84.46503738027086,45000.0,golfer,4,#007cbf,,,,,,,,
golfer_group_55,38.025787563140675,-84.46504012614442,45060.0,golfer,2,#007cbf,,,,,,,,
golfer_group_55,38.025494714392714,-84.46504287201797,45120.0,golfer,4,#007cbf,,,,,,,,
golfer_group_55,38.02556401049359,-84.4653626218534,45180.0,golfer,4,#007cbf,,,,,,,,
golfer_group_55,38.025666096931715,-84.46571107475296,45240.0,golfer,4,#007cbf,,,,,,,,
golfer_group_55,38.02576818336984,-84.46605952765252,45300.0,golfer,4,#007cbf,,,,,,,,
golfer_group_55,38.02587026980797,-84.46640798055208,45360.0,golfer,4,#007cbf,,,,,,,,
golfer_group_55,38.02597235624609,-84.46675643345164,45420.0,golfer,4,#007cbf,,,,,,,,
golfer_group_55,38.02607444268422,-84.46710488635118,45480.0,golfer,4,#007cbf,,,,,,,,
golfer_group_55,38.026176529122345,-84.46745333925074,45540.0,golfer,4,#007cbf,,,,,,,,
golfer_group_55,38.02627861556047,-84.4678017921503,45600.0,golfer,4,#007cbf,,,,,,,,
golfer_group_55,38.026391551516966,-84.46814347235242,45660.0,golfer,4,#007cbf,,,,,,,,
golfer_group_55,38.0265466275618,-84.46845884704874,45720.0,golfer,4,#007cbf,,,,,,,,
golfer_group_55,38.02670170360664,-84.46877422174504,45780.0,golfer,4,#007cbf,,,,,,,,
golfer_group_55,38.02685677965148,-84.46908959644135,45840.0,golfer,4,#007cbf,,,,,,,,
golfer_group_55,38.027011855696315,-84.46940497113766,45900.0,golfer,4,#007cbf,,,,,,,,
golfer_group_55,38.027202562026105,-84.46967624119414,45960.0,golfer,4,#007cbf,,,,,,,,
golfer_group_55,38.027447,-84.469881,46020.0,golfer,1,#007cbf,,,,,,,,
golfer_group_56,38.027447,-84.469881,32220.0,golfer,1,#007cbf,,,,,,,,
golfer_group_56,38.02754627606764,-84.46962578282717,32280.0,golfer,1,#007cbf,,,,,,,,
golfer_group_56,38.02744283462056,-84.4692779685763,32340.0,golfer,1,#007cbf,,,,,,,,
golfer_group_56,38.02733939317348,-84.46893015432545,32400.0,golfer,1,#007cbf,,,,,,,,
golfer_group_56,38.0272359517264,-84.46858234007459,32460.0,golfer,1,#007cbf,,,,,,,,
golfer_group_56,38.027132510279316,-84.46823452582373,32520.0,golfer,1,#007cbf,,,,,,,,
golfer_group_56,38.027029068832235,-84.46788671157287,32580.0,golfer,1,#007cbf,,,,,,,,
golfer_group_56,38.026925627385154,-84.46753889732202,32640.0,golfer,1,#007cbf,,,,,,,,
golfer_group_56,38.02682218593807,-84.46719108307117,32700.0,golfer,1,#007cbf,,,,,,,,
golfer_group_56,38.026707885382585,-84.46684997010087,32760.0,golfer,1,#007cbf,,,,,,,,
golfer_group_56,38.0265563489919,-84.46653183579225,32820.0,golfer,1,#007cbf,,,,,,,,
golfer_group_56,38.02640481260122,-84.46621370148365,32880.0,golfer,1,#007cbf,,,,,,,,
golfer_group_56,38.02625327621054,-84.46589556717504,32940.0,golfer,1,#007cbf,,,,,,,,
golfer_group_56,38.026097865476636,-84.4655806681031,33000.0,golfer,1,#007cbf,,,,,,,,
golfer_group_56,38.02592778516153,-84.46527801873756,33060.0,golfer,4,#007cbf,,,,,,,,
golfer_group_56,38.02575770484643,-84.46497536937204,33120.0,golfer,2,#007cbf,,,,,,,,
golfer_group_56,38.02580429978306,-84.46478189846547,33180.0,golfer,2,#007cbf,,,,,,,,
golfer_group_56,38.02609158193444,-84.46470970518055,33240.0,golfer,2,#007cbf,,,,,,,,
golfer_group_56,38.02637886408582,-84.46463751189565,33300.0,golfer,2,#007cbf,,,,,,,,
golfer_group_56,38.0266661462372,-84.46456531861072,33360.0,golfer,2,#007cbf,,,,,,,,
golfer_group_56,38.02695342838857,-84.4644931253258,33420.0,golfer,2,#007cbf,,,,,,,,
golfer_group_56,38.02723262500985,-84.46440936561527,33480.0,golfer,2,#007cbf,,,,,,,,
golfer_group_56,38.02732323296244,-84.46405582806928,33540.0,golfer,2,#007cbf,,,,,,,,
golfer_group_56,38.027413840915024,-84.46370229052329,33600.0,golfer,3,#007cbf,,,,,,,,
golfer_group_56,38.02755613921936,-84.46339199540722,33660.0,golfer,3,#007cbf,,,,,,,,
golfer_group_56,38.02777631020529,-84.46314684598785,33720.0,golfer,3,#007cbf,,,,,,,,
golfer_group_56,38.027996481191224,-84.4629016965685,33780.0,golfer,3,#007cbf,,,,,,,,
golfer_group_56,38.028216652177164,-84.46265654714912,33840.0,golfer,3,#007cbf,,,,,,,,
golfer_group_56,38.0284368231631,-84.46241139772975,33900.0,golfer,3,#007cbf,,,,,,,,
golfer_group_56,38.02865699414903,-84.4621662483104,33960.0,golfer,3,#007cbf,,,,,,,,
golfer_group_56,38.02887716513497,-84.46192109889103,34020.0,golfer,3,#007cbf,,,,,,,,
golfer_group_56,38.029097336120905,-84.46167594947165,34080.0,golfer,3,#007cbf,,,,,,,,
golfer_group_56,38.02932048603734,-84.46143527844885,34140.0,golfer,3,#007cbf,,,,,,,,
golfer_group_56,38.02954781666501,-84.4612008925283,34200.0,golfer,3,#007cbf,,,,,,,,
golfer_group_56,38.029775147292675,-84.46096650660775,34260.0,golfer,3,#007cbf,,,,,,,,
golfer_group_56,38.03000247792034,-84.46073212068718,34320.0,golfer,3,#007cbf,,,,,,,,
golfer_group_56,38.03022980854801,-84.46049773476663,34380.0,golfer,3,#007cbf,,,,,,,,
golfer_group_56,38.03028198771919,-84.46029007968264,34440.0,golfer,3,#007cbf,,,,,,,,
golfer_group_56,38.030017377451664,-84.46013077159431,34500.0,golfer,4,#007cbf,,,,,,,,
golfer_group_56,38.02974997117584,-84.46003134117494,34560.0,golfer,4,#007cbf,,,,,,,,
golfer_group_56,38.029472388508275,-84.46014984237516,34620.0,golfer,4,#007cbf,,,,,,,,
golfer_group_56,38.02919480584071,-84.46026834357538,34680.0,golfer,4,#007cbf,,,,,,,,
golfer_group_56,38.02891722317315,-84.46038684477558,34740.0,golfer,4,#007cbf,,,,,,,,
golfer_group_56,38.02863964050559,-84.4605053459758,34800.0,golfer,4,#007cbf,,,,,,,,
golfer_group_56,38.02846819932939,-84.46074999771898,34860.0,golfer,4,#007cbf,,,,,,,,
golfer_group_56,38.028356651102726,-84.46108459413088,34920.0,golfer,4,#007cbf,,,,,,,,
golfer_group_56,38.028163251425084,-84.46136377382878,34980.0,golfer,4,#007cbf,,,,,,,,
golfer_group_56,38.02796985174745,-84.46164295352668,35040.0,golfer,4,#007cbf,,,,,,,,
golfer_group_56,38.02777645206981,-84.46192213322458,35100.0,golfer,4,#007cbf,,,,,,,,
golfer_group_56,38.027583052392174,-84.46220131292247,35160.0,golfer,4,#007cbf,,,,,,,,
golfer_group_56,38.02739313138997,-84.4624841808364,35220.0,golfer,4,#007cbf,,,,,,,,
golfer_group_56,38.02721114487077,-84.46277546117278,35280.0,golfer,4,#007cbf,,,,,,,,
golfer_group_56,38.02702915835156,-84.46306674150915,35340.0,golfer,4,#007cbf,,,,,,,,
golfer_group_56,38.02684717183235,-84.46335802184554,35400.0,golfer,4,#007cbf,,,,,,,,
golfer_group_56,38.027030664719845,-84.46345337202217,35460.0,golfer,4,#007cbf,,,,,,,,
golfer_group_56,38.02732202605173,-84.46349089491457,35520.0,golfer,3,#007cbf,,,,,,,,
golfer_group_56,38.02761338738361,-84.46352841780696,35580.0,golfer,3,#007cbf,,,,,,,,
golfer_group_56,38.02787761975422,-84.46365295047241,35640.0,golfer,4,#007cbf,,,,,,,,
golfer_group_56,38.02811027773896,-84.46387875056652,35700.0,golfer,4,#007cbf,,,,,,,,
golfer_group_56,38.02834293572369,-84.46410455066062,35760.0,golfer,4,#007cbf,,,,,,,,
golfer_group_56,38.028575593708425,-84.46433035075472,35820.0,golfer,4,#007cbf,,,,,,,,
golfer_group_56,38.028808251693164,-84.46455615084882,35880.0,golfer,4,#007cbf,,,,,,,,
golfer_group_56,38.029040909677896,-84.46478195094294,35940.0,golfer,4,#007cbf,,,,,,,,
golfer_group_56,38.02927356766263,-84.46500775103704,36000.0,golfer,4,#007cbf,,,,,,,,
golfer_group_56,38.02950622564737,-84.46523355113113,36060.0,golfer,4,#007cbf,,,,,,,,
golfer_group_56,38.02975350361947,-84.4654282954189,36120.0,golfer,4,#007cbf,,,,,,,,
golfer_group_56,38.030020352724144,-84.46558146666777,36180.0,golfer,4,#007cbf,,,,,,,,
golfer_group_56,38.03028720182882,-84.46573463791665,36240.0,golfer,4,#007cbf,,,,,,,,
golfer_group_56,38.030554050933496,-84.46588780916554,36300.0,golfer,4,#007cbf,,,,,,,,
golfer_group_56,38.0308144451061,-84.46601508231271,36360.0,golfer,4,#007cbf,,,,,,,,
golfer_group_56,38.03096331555731,-84.46569490649415,36420.0,golfer,4,#007cbf,,,,,,,,
golfer_group_56,38.03100160851583,-84.46532942233877,36480.0,golfer,4,#007cbf,,,,,,,,
golfer_group_56,38.03102825601745,-84.4649591665407,36540.0,golfer,4,#007cbf,,,,,,,,
golfer_group_56,38.03105490351906,-84.46458891074262,36600.0,golfer,4,#007cbf,,,,,,,,
golfer_group_56,38.031081551020684,-84.46421865494455,36660.0,golfer,4,#007cbf,,,,,,,,
golfer_group_56,38.031108198522304,-84.46384839914647,36720.0,golfer,4,#007cbf,,,,,,,,
golfer_group_56,38.03113484602392,-84.4634781433484,36780.0,golfer,4,#007cbf,,,,,,,,
golfer_group_56,38.03116149352554,-84.46310788755032,36840.0,golfer,4,#007cbf,,,,,,,,
golfer_group_56,38.031127268705696,-84.46274982308951,36900.0,golfer,4,#007cbf,,,,,,,,
golfer_group_56,38.031012137391194,-84.4624079623538,36960.0,golfer,4,#007cbf,,,,,,,,
golfer_group_56,38.03089700607669,-84.46206610161808,37020.0,golfer,4,#007cbf,,,,,,,,
golfer_group_56,38.0307818747622,-84.46172424088235,37080.0,golfer,4,#007cbf,,,,,,,,
golfer_group_56,38.030666743447696,-84.46138238014663,37140.0,golfer,4,#007cbf,,,,,,,,
golfer_group_56,38.030551612133195,-84.46104051941091,37200.0,golfer,4,#007cbf,,,,,,,,
golfer_group_56,38.03081531898336,-84.46091137688049,37260.0,golfer,4,#007cbf,,,,,,,,
golfer_group_56,38.0310279411826,-84.46098091912485,37320.0,golfer,4,#007cbf,,,,,,,,
golfer_group_56,38.03115090321037,-84.46131835889211,37380.0,golfer,4,#007cbf,,,,,,,,
golfer_group_56,38.031273865238134,-84.46165579865938,37440.0,golfer,4,#007cbf,,,,,,,,
golfer_group_56,38.03139682726591,-84.46199323842663,37500.0,golfer,4,#007cbf,,,,,,,,
golfer_group_56,38.031519789293675,-84.4623306781939,37560.0,golfer,4,#007cbf,,,,,,,,
golfer_group_56,38.03164275132144,-84.46266811796116,37620.0,golfer,4,#007cbf,,,,,,,,
golfer_group_56,38.03176571334921,-84.46300555772842,37680.0,golfer,4,#007cbf,,,,,,,,
golfer_group_56,38.031888675376976,-84.46334299749569,37740.0,golfer,4,#007cbf,,,,,,,,
golfer_group_56,38.031909837946635,-84.46368872876327,37800.0,golfer,4,#007cbf,,,,,,,,
golfer_group_56,38.03182184589159,-84.46404335060477,37860.0,golfer,4,#007cbf,,,,,,,,
golfer_group_56,38.03173385383655,-84.46439797244628,37920.0,golfer,4,#007cbf,,,,,,,,
golfer_group_56,38.031645861781506,-84.46475259428779,37980.0,golfer,4,#007cbf,,,,,,,,
golfer_group_56,38.03155786972646,-84.46510721612928,38040.0,golfer,4,#007cbf,,,,,,,,
golfer_group_56,38.03146987767142,-84.46546183797079,38100.0,golfer,4,#007cbf,,,,,,,,
golfer_group_56,38.03131864912918,-84.46576966145622,38160.0,golfer,4,#007cbf,,,,,,,,
golfer_group_56,38.0311189562348,-84.46604161874937,38220.0,golfer,4,#007cbf,,,,,,,,
golfer_group_56,38.030919263340415,-84.46631357604252,38280.0,golfer,4,#007cbf,,,,,,,,
golfer_group_56,38.030718115722834,-84.46658350967269,38340.0,golfer,4,#007cbf,,,,,,,,
golfer_group_56,38.0304866033238,-84.46681120290668,38400.0,golfer,4,#007cbf,,,,,,,,
golfer_group_56,38.030255090924776,-84.46703889614066,38460.0,golfer,4,#007cbf,,,,,,,,
golfer_group_56,38.03002357852575,-84.46726658937465,38520.0,golfer,4,#007cbf,,,,,,,,
golfer_group_56,38.02979206612672,-84.46749428260863,38580.0,golfer,4,#007cbf,,,,,,,,
golfer_group_56,38.02956055372769,-84.46772197584261,38640.0,golfer,4,#007cbf,,,,,,,,
golfer_group_56,38.02932904132866,-84.4679496690766,38700.0,golfer,4,#007cbf,,,,,,,,
golfer_group_56,38.02909752892963,-84.46817736231058,38760.0,golfer,4,#007cbf,,,,,,,,
golfer_group_56,38.0288660165306,-84.46840505554457,38820.0,golfer,4,#007cbf,,,,,,,,
golfer_group_56,38.02869804015225,-84.46870681462924,38880.0,golfer,4,#007cbf,,,,,,,,
golfer_group_56,38.028539024924726,-84.46901901999702,38940.0,golfer,4,#007cbf,,,,,,,,
golfer_group_56,38.0283800096972,-84.46933122536481,39000.0,golfer,4,#007cbf,,,,,,,,
golfer_group_56,38.028129065075696,-84.46949162304078,39060.0,golfer,4,#007cbf,,,,,,,,
golfer_group_56,38.02785052807789,-84.46960645602002,39120.0,golfer,1,#007cbf,,,,,,,,
golfer_group_56,38.027571991080094,-84.46972128899925,39180.0,golfer,1,#007cbf,,,,,,,,
golfer_group_56,38.02729345408229,-84.4698361219785,39240.0,golfer,4,#007cbf,,,,,,,,
golfer_group_56,38.027014917084486,-84.46995095495774,39300.0,golfer,4,#007cbf,,,,,,,,
golfer_group_56,38.02677219339408,-84.46990690842384,39360.0,golfer,4,#007cbf,,,,,,,,
golfer_group_56,38.026583670283,-84.46962241044099,39420.0,golfer,4,#007cbf,,,,,,,,
golfer_group_56,38.02639514717193,-84.46933791245814,39480.0,golfer,4,#007cbf,,,,,,,,
golfer_group_56,38.026206624060855,-84.4690534144753,39540.0,golfer,4,#007cbf,,,,,,,,
golfer_group_56,38.02601810094978,-84.46876891649245,39600.0,golfer,4,#007cbf,,,,,,,,
golfer_group_56,38.0258295778387,-84.4684844185096,39660.0,golfer,4,#007cbf,,,,,,,,
golfer_group_56,38.02564105472762,-84.46819992052676,39720.0,golfer,4,#007cbf,,,,,,,,
golfer_group_56,38.02539873776804,-84.4680332578427,39780.0,golfer,4,#007cbf,,,,,,,,
golfer_group_56,38.02511056304286,-84.46796704648648,39840.0,golfer,4,#007cbf,,,,,,,,
golfer_group_56,38.02482238831767,-84.46790083513027,39900.0,golfer,4,#007cbf,,,,,,,,
golfer_group_56,38.02466098715723,-84.46791926274804,39960.0,golfer,4,#007cbf,,,,,,,,
golfer_group_56,38.0248672597656,-84.46818316370741,40020.0,golfer,4,#007cbf,,,,,,,,
golfer_group_56,38.025073532373966,-84.46844706466678,40080.0,golfer,4,#007cbf,,,,,,,,
golfer_group_56,38.02498232223591,-84.46858500193528,40140.0,golfer,4,#007cbf,,,,,,,,
golfer_group_56,38.024692555469876,-84.46863886398934,40200.0,golfer,4,#007cbf,,,,,,,,
golfer_group_56,38.02440278870384,-84.4686927260434,40260.0,golfer,4,#007cbf,,,,,,,,
golfer_group_56,38.0241130219378,-84.46874658809746,40320.0,golfer,4,#007cbf,,,,,,,,
golfer_group_56,38.02382325517176,-84.46880045015152,40380.0,golfer,4,#007cbf,,,,,,,,
golfer_group_56,38.023533488405725,-84.46885431220558,40440.0,golfer,4,#007cbf,,,,,,,,
golfer_group_56,38.02325287292604,-84.46895459002404,40500.0,golfer,4,#007cbf,,,,,,,,
golfer_group_56,38.023120094224296,-84.46908677293466,40560.0,golfer,4,#007cbf,,,,,,,,
golfer_group_56,38.02338797984743,-84.46923698741324,40620.0,golfer,4,#007cbf,,,,,,,,
golfer_group_56,38.02365586547056,-84.46938720189182,40680.0,golfer,4,#007cbf,,,,,,,,
golfer_group_56,38.02392375109368,-84.4695374163704,40740.0,golfer,4,#007cbf,,,,,,,,
golfer_group_56,38.024191636716814,-84.46968763084898,40800.0,golfer,4,#007cbf,,,,,,,,
golfer_group_56,38.024459522339946,-84.46983784532756,40860.0,golfer,4,#007cbf,,,,,,,,
golfer_group_56,38.02472740796308,-84.46998805980614,40920.0,golfer,4,#007cbf,,,,,,,,
golfer_group_56,38.0249952935862,-84.47013827428472,40980.0,golfer,4,#007cbf,,,,,,,,
golfer_group_56,38.02526317920933,-84.4702884887633,41040.0,golfer,4,#007cbf,,,,,,,,
golfer_group_56,38.02549053793203,-84.47051685206469,41100.0,golfer,4,#007cbf,,,,,,,,
golfer_group_56,38.02570511747455,-84.47076985771169,41160.0,golfer,4,#007cbf,,,,,,,,
golfer_group_56,38.025919697017066,-84.4710228633587,41220.0,golfer,4,#007cbf,,,,,,,,
golfer_group_56,38.02613427655959,-84.4712758690057,41280.0,golfer,4,#007cbf,,,,,,,,
golfer_group_56,38.02634885610211,-84.4715288746527,41340.0,golfer,4,#007cbf,,,,,,,,
golfer_group_56,38.026563435644626,-84.4717818802997,41400.0,golfer,4,#007cbf,,,,,,,,
golfer_group_56,38.02678243981026,-84.47202860408251,41460.0,golfer,4,#007cbf,,,,,,,,
golfer_group_56,38.02668611647238,-84.47218057293104,41520.0,golfer,4,#007cbf,,,,,,,,
golfer_group_56,38.02640386024167,-84.4722796932027,41580.0,golfer,4,#007cbf,,,,,,,,
golfer_group_56,38.02612160401096,-84.47237881347434,41640.0,golfer,4,#007cbf,,,,,,,,
golfer_group_56,38.02583934778024,-84.47247793374599,41700.0,golfer,4,#007cbf,,,,,,,,
golfer_group_56,38.02555709154953,-84.47257705401765,41760.0,golfer,4,#007cbf,,,,,,,,
golfer_group_56,38.025278899056985,-84.47258808504574,41820.0,golfer,4,#007cbf,,,,,,,,
golfer_group_56,38.02505413568005,-84.47238241246707,41880.0,golfer,4,#007cbf,,,,,,,,
golfer_group_56,38.02491621232278,-84.47205445775451,41940.0,golfer,4,#007cbf,,,,,,,,
golfer_group_56,38.02477828896551,-84.47172650304194,42000.0,golfer,4,#007cbf,,,,,,,,
golfer_group_56,38.024640365608235,-84.47139854832938,42060.0,golfer,4,#007cbf,,,,,,,,
golfer_group_56,38.02450244225096,-84.4710705936168,42120.0,golfer,4,#007cbf,,,,,,,,
golfer_group_56,38.02436451889369,-84.47074263890424,42180.0,golfer,4,#007cbf,,,,,,,,
golfer_group_56,38.02422659553642,-84.47041468419167,42240.0,golfer,4,#007cbf,,,,,,,,
golfer_group_56,38.02408867217915,-84.4700867294791,42300.0,golfer,4,#007cbf,,,,,,,,
golfer_group_56,38.023830177494666,-84.46991493651929,42360.0,golfer,4,#007cbf,,,,,,,,
golfer_group_56,38.02356911857893,-84.46974646470437,42420.0,golfer,4,#007cbf,,,,,,,,
golfer_group_56,38.0233080596632,-84.46957799288944,42480.0,golfer,4,#007cbf,,,,,,,,
golfer_group_56,38.02304700074746,-84.46940952107451,42540.0,golfer,4,#007cbf,,,,,,,,
golfer_group_56,38.0227847606833,-84.46924457405959,42600.0,golfer,4,#007cbf,,,,,,,,
golfer_group_56,38.02250809559787,-84.46912267439926,42660.0,golfer,4,#007cbf,,,,,,,,
golfer_group_56,38.022527943550884,-84.46893235209967,42720.0,golfer,4,#007cbf,,,,,,,,
golfer_group_56,38.02275311404551,-84.46869465006165,42780.0,golfer,4,#007cbf,,,,,,,,
golfer_group_56,38.02297828454014,-84.46845694802364,42840.0,golfer,4,#007cbf,,,,,,,,
golfer_group_56,38.02320345503476,-84.46821924598564,42900.0,golfer,4,#007cbf,,,,,,,,
golfer_group_56,38.023428625529384,-84.46798154394763,42960.0,golfer,4,#007cbf,,,,,,,,
golfer_group_56,38.02365379602401,-84.46774384190961,43020.0,golfer,4,#007cbf,,,,,,,,
golfer_group_56,38.02387896651864,-84.4675061398716,43080.0,golfer,4,#007cbf,,,,,,,,
golfer_group_56,38.02410413701326,-84.4672684378336,43140.0,golfer,4,#007cbf,,,,,,,,
golfer_group_56,38.024329307507884,-84.46703073579559,43200.0,golfer,4,#007cbf,,,,,,,,
golfer_group_56,38.024516630016976,-84.46674714202182,43260.0,golfer,4,#007cbf,,,,,,,,
golfer_group_56,38.02469334505099,-84.4664506863893,43320.0,golfer,4,#007cbf,,,,,,,,
golfer_group_56,38.02487006008501,-84.46615423075679,43380.0,golfer,4,#007cbf,,,,,,,,
golfer_group_56,38.02504677511902,-84.46585777512426,43440.0,golfer,4,#007cbf,,,,,,,,
golfer_group_56,38.02525798622544,-84.46562593134438,43500.0,golfer,4,#007cbf,,,,,,,,
golfer_group_56,38.025540368765746,-84.46552739312297,43560.0,golfer,4,#007cbf,,,,,,,,
golfer_group_56,38.02582275130605,-84.46542885490156,43620.0,golfer,4,#007cbf,,,,,,,,
golfer_group_56,38.02610513384636,-84.46533031668015,43680.0,golfer,4,#007cbf,,,,,,,,
golfer_group_56,38.02637936666449,-84.46537020680762,43740.0,golfer,4,#007cbf,,,,,,,,
golfer_group_56,38.02664707383,-84.4655209394031,43800.0,golfer,4,#007cbf,,,,,,,,
golfer_group_56,38.026914780995504,-84.46567167199859,43860.0,golfer,4,#007cbf,,,,,,,,
golfer_group_56,38.02718248816101,-84.46582240459409,43920.0,golfer,4,#007cbf,,,,,,,,
golfer_group_56,38.027450195326516,-84.46597313718958,43980.0,golfer,4,#007cbf,,,,,,,,
golfer_group_56,38.02771790249202,-84.46612386978506,44040.0,golfer,4,#007cbf,,,,,,,,
golfer_group_56,38.027985609657534,-84.46627460238055,44100.0,golfer,4,#007cbf,,,,,,,,
golfer_group_56,38.02825331682304,-84.46642533497604,44160.0,golfer,4,#007cbf,,,,,,,,
golfer_group_56,38.02854411583699,-84.46643446747252,44220.0,golfer,4,#007cbf,,,,,,,,
golfer_group_56,38.02883696025459,-84.46643105747557,44280.0,golfer,4,#007cbf,,,,,,,,
golfer_group_56,38.02912980467218,-84.46642764747862,44340.0,golfer,4,#007cbf,,,,,,,,
golfer_group_56,38.029422649089774,-84.46642423748168,44400.0,golfer,4,#007cbf,,,,,,,,
golfer_group_56,38.029714660100595,-84.46640554510962,44460.0,golfer,4,#007cbf,,,,,,,,
golfer_group_56,38.03000508074206,-84.46635768976212,44520.0,golfer,4,#007cbf,,,,,,,,
golfer_group_56,38.03029550138352,-84.46630983441462,44580.0,golfer,4,#007cbf,,,,,,,,
golfer_group_56,38.03034421537664,-84.46623396436489,44640.0,golfer,4,#007cbf,,,,,,,,
golfer_group_56,38.0300654222068,-84.4661201350132,44700.0,golfer,4,#007cbf,,,,,,,,
golfer_group_56,38.02978662903697,-84.46600630566151,44760.0,golfer,4,#007cbf,,,,,,,,
golfer_group_56,38.02950783586713,-84.46589247630982,44820.0,golfer,4,#007cbf,,,,,,,,
golfer_group_56,38.029229042697295,-84.46577864695813,44880.0,golfer,4,#007cbf,,,,,,,,
golfer_group_56,38.02895024952746,-84.46566481760644,44940.0,golfer,4,#007cbf,,,,,,,,
golfer_group_56,38.02867145635763,-84.46555098825475,45000.0,golfer,4,#007cbf,,,,,,,,
golfer_group_56,38.02839266318779,-84.46543715890306,45060.0,golfer,4,#007cbf,,,,,,,,
golfer_group_56,38.02811294382565,-84.46532834232956,45120.0,golfer,4,#007cbf,,,,,,,,
golfer_group_56,38.02782336017175,-84.46527291370359,45180.0,golfer,4,#007cbf,,,,,,,,
golfer_group_56,38.02753377651786,-84.46521748507763,45240.0,golfer,4,#007cbf,,,,,,,,
golfer_group_56,38.027244192863975,-84.46516205645167,45300.0,golfer,4,#007cbf,,,,,,,,
golfer_group_56,38.02695460921009,-84.46510662782572,45360.0,golfer,4,#007cbf,,,,,,,,
golfer_group_56,38.02666502555619,-84.46505119919976,45420.0,golfer,4,#007cbf,,,,,,,,
golfer_group_56,38.02637326063661,-84.4650346343973,45480.0,golfer,4,#007cbf,,,,,,,,
golfer_group_56,38.02608041188864,-84.46503738027086,45540.0,golfer,4,#007cbf,,,,,,,,
golfer_group_56,38.025787563140675,-84.46504012614442,45600.0,golfer,2,#007cbf,,,,,,,,
golfer_group_56,38.025494714392714,-84.46504287201797,45660.0,golfer,4,#007cbf,,,,,,,,
golfer_group_56,38.02556401049359,-84.4653626218534,45720.0,golfer,4,#007cbf,,,,,,,,
golfer_group_56,38.025666096931715,-84.46571107475296,45780.0,golfer,4,#007cbf,,,,,,,,
golfer_group_56,38.02576818336984,-84.46605952765252,45840.0,golfer,4,#007cbf,,,,,,,,
golfer_group_56,38.02587026980797,-84.46640798055208,45900.0,golfer,4,#007cbf,,,,,,,,
golfer_group_56,38.02597235624609,-84.46675643345164,45960.0,golfer,4,#007cbf,,,,,,,,
golfer_group_56,38.02607444268422,-84.46710488635118,46020.0,golfer,4,#007cbf,,,,,,,,
golfer_group_56,38.026176529122345,-84.46745333925074,46080.0,golfer,4,#007cbf,,,,,,,,
golfer_group_56,38.02627861556047,-84.4678017921503,46140.0,golfer,4,#007cbf,,,,,,,,
golfer_group_56,38.026391551516966,-84.46814347235242,46200.0,golfer,4,#007cbf,,,,,,,,
golfer_group_56,38.0265466275618,-84.46845884704874,46260.0,golfer,4,#007cbf,,,,,,,,
golfer_group_56,38.02670170360664,-84.46877422174504,46320.0,golfer,4,#007cbf,,,,,,,,
golfer_group_56,38.02685677965148,-84.46908959644135,46380.0,golfer,4,#007cbf,,,,,,,,
golfer_group_56,38.027011855696315,-84.46940497113766,46440.0,golfer,4,#007cbf,,,,,,,,
golfer_group_56,38.027202562026105,-84.46967624119414,46500.0,golfer,4,#007cbf,,,,,,,,
golfer_group_56,38.027447,-84.469881,46560.0,golfer,1,#007cbf,,,,,,,,
golfer_group_57,38.027447,-84.469881,32760.0,golfer,1,#007cbf,,,,,,,,
golfer_group_57,38.02754627606764,-84.46962578282717,32820.0,golfer,1,#007cbf,,,,,,,,
golfer_group_57,38.02744283462056,-84.4692779685763,32880.0,golfer,1,#007cbf,,,,,,,,
golfer_group_57,38.02733939317348,-84.46893015432545,32940.0,golfer,1,#007cbf,,,,,,,,
golfer_group_57,38.0272359517264,-84.46858234007459,33000.0,golfer,1,#007cbf,,,,,,,,
golfer_group_57,38.027132510279316,-84.46823452582373,33060.0,golfer,1,#007cbf,,,,,,,,
golfer_group_57,38.027029068832235,-84.46788671157287,33120.0,golfer,1,#007cbf,,,,,,,,
golfer_group_57,38.026925627385154,-84.46753889732202,33180.0,golfer,1,#007cbf,,,,,,,,
golfer_group_57,38.02682218593807,-84.46719108307117,33240.0,golfer,1,#007cbf,,,,,,,,
golfer_group_57,38.026707885382585,-84.46684997010087,33300.0,golfer,1,#007cbf,,,,,,,,
golfer_group_57,38.0265563489919,-84.46653183579225,33360.0,golfer,1,#007cbf,,,,,,,,
golfer_group_57,38.02640481260122,-84.46621370148365,33420.0,golfer,1,#007cbf,,,,,,,,
golfer_group_57,38.02625327621054,-84.46589556717504,33480.0,golfer,1,#007cbf,,,,,,,,
golfer_group_57,38.026097865476636,-84.4655806681031,33540.0,golfer,1,#007cbf,,,,,,,,
golfer_group_57,38.02592778516153,-84.46527801873756,33600.0,golfer,4,#007cbf,,,,,,,,
golfer_group_57,38.02575770484643,-84.46497536937204,33660.0,golfer,2,#007cbf,,,,,,,,
golfer_group_57,38.02580429978306,-84.46478189846547,33720.0,golfer,2,#007cbf,,,,,,,,
golfer_group_57,38.02609158193444,-84.46470970518055,33780.0,golfer,2,#007cbf,,,,,,,,
golfer_group_57,38.02637886408582,-84.46463751189565,33840.0,golfer,2,#007cbf,,,,,,,,
golfer_group_57,38.0266661462372,-84.46456531861072,33900.0,golfer,2,#007cbf,,,,,,,,
golfer_group_57,38.02695342838857,-84.4644931253258,33960.0,golfer,2,#007cbf,,,,,,,,
golfer_group_57,38.02723262500985,-84.46440936561527,34020.0,golfer,2,#007cbf,,,,,,,,
golfer_group_57,38.02732323296244,-84.46405582806928,34080.0,golfer,2,#007cbf,,,,,,,,
golfer_group_57,38.027413840915024,-84.46370229052329,34140.0,golfer,3,#007cbf,,,,,,,,
golfer_group_57,38.02755613921936,-84.46339199540722,34200.0,golfer,3,#007cbf,,,,,,,,
golfer_group_57,38.02777631020529,-84.46314684598785,34260.0,golfer,3,#007cbf,,,,,,,,
golfer_group_57,38.027996481191224,-84.4629016965685,34320.0,golfer,3,#007cbf,,,,,,,,
golfer_group_57,38.028216652177164,-84.46265654714912,34380.0,golfer,3,#007cbf,,,,,,,,
golfer_group_57,38.0284368231631,-84.46241139772975,34440.0,golfer,3,#007cbf,,,,,,,,
golfer_group_57,38.02865699414903,-84.4621662483104,34500.0,golfer,3,#007cbf,,,,,,,,
golfer_group_57,38.02887716513497,-84.46192109889103,34560.0,golfer,3,#007cbf,,,,,,,,
golfer_group_57,38.029097336120905,-84.46167594947165,34620.0,golfer,3,#007cbf,,,,,,,,
golfer_group_57,38.02932048603734,-84.46143527844885,34680.0,golfer,3,#007cbf,,,,,,,,
golfer_group_57,38.02954781666501,-84.4612008925283,34740.0,golfer,3,#007cbf,,,,,,,,
golfer_group_57,38.029775147292675,-84.46096650660775,34800.0,golfer,3,#007cbf,,,,,,,,
golfer_group_57,38.03000247792034,-84.46073212068718,34860.0,golfer,3,#007cbf,,,,,,,,
golfer_group_57,38.03022980854801,-84.46049773476663,34920.0,golfer,3,#007cbf,,,,,,,,
golfer_group_57,38.03028198771919,-84.46029007968264,34980.0,golfer,3,#007cbf,,,,,,,,
golfer_group_57,38.030017377451664,-84.46013077159431,35040.0,golfer,4,#007cbf,,,,,,,,
golfer_group_57,38.02974997117584,-84.46003134117494,35100.0,golfer,4,#007cbf,,,,,,,,
golfer_group_57,38.029472388508275,-84.46014984237516,35160.0,golfer,4,#007cbf,,,,,,,,
golfer_group_57,38.02919480584071,-84.46026834357538,35220.0,golfer,4,#007cbf,,,,,,,,
golfer_group_57,38.02891722317315,-84.46038684477558,35280.0,golfer,4,#007cbf,,,,,,,,
golfer_group_57,38.02863964050559,-84.4605053459758,35340.0,golfer,4,#007cbf,,,,,,,,
golfer_group_57,38.02846819932939,-84.46074999771898,35400.0,golfer,4,#007cbf,,,,,,,,
golfer_group_57,38.028356651102726,-84.46108459413088,35460.0,golfer,4,#007cbf,,,,,,,,
golfer_group_57,38.028163251425084,-84.46136377382878,35520.0,golfer,4,#007cbf,,,,,,,,
golfer_group_57,38.02796985174745,-84.46164295352668,35580.0,golfer,4,#007cbf,,,,,,,,
golfer_group_57,38.02777645206981,-84.46192213322458,35640.0,golfer,4,#007cbf,,,,,,,,
golfer_group_57,38.027583052392174,-84.46220131292247,35700.0,golfer,4,#007cbf,,,,,,,,
golfer_group_57,38.02739313138997,-84.4624841808364,35760.0,golfer,4,#007cbf,,,,,,,,
golfer_group_57,38.02721114487077,-84.46277546117278,35820.0,golfer,4,#007cbf,,,,,,,,
golfer_group_57,38.02702915835156,-84.46306674150915,35880.0,golfer,4,#007cbf,,,,,,,,
golfer_group_57,38.02684717183235,-84.46335802184554,35940.0,golfer,4,#007cbf,,,,,,,,
golfer_group_57,38.027030664719845,-84.46345337202217,36000.0,golfer,4,#007cbf,,,,,,,,
golfer_group_57,38.02732202605173,-84.46349089491457,36060.0,golfer,3,#007cbf,,,,,,,,
golfer_group_57,38.02761338738361,-84.46352841780696,36120.0,golfer,3,#007cbf,,,,,,,,
golfer_group_57,38.02787761975422,-84.46365295047241,36180.0,golfer,4,#007cbf,,,,,,,,
golfer_group_57,38.02811027773896,-84.46387875056652,36240.0,golfer,4,#007cbf,,,,,,,,
golfer_group_57,38.02834293572369,-84.46410455066062,36300.0,golfer,4,#007cbf,,,,,,,,
golfer_group_57,38.028575593708425,-84.46433035075472,36360.0,golfer,4,#007cbf,,,,,,,,
golfer_group_57,38.028808251693164,-84.46455615084882,36420.0,golfer,4,#007cbf,,,,,,,,
golfer_group_57,38.029040909677896,-84.46478195094294,36480.0,golfer,4,#007cbf,,,,,,,,
golfer_group_57,38.02927356766263,-84.46500775103704,36540.0,golfer,4,#007cbf,,,,,,,,
golfer_group_57,38.02950622564737,-84.46523355113113,36600.0,golfer,4,#007cbf,,,,,,,,
golfer_group_57,38.02975350361947,-84.4654282954189,36660.0,golfer,4,#007cbf,,,,,,,,
golfer_group_57,38.030020352724144,-84.46558146666777,36720.0,golfer,4,#007cbf,,,,,,,,
golfer_group_57,38.03028720182882,-84.46573463791665,36780.0,golfer,4,#007cbf,,,,,,,,
golfer_group_57,38.030554050933496,-84.46588780916554,36840.0,golfer,4,#007cbf,,,,,,,,
golfer_group_57,38.0308144451061,-84.46601508231271,36900.0,golfer,4,#007cbf,,,,,,,,
golfer_group_57,38.03096331555731,-84.46569490649415,36960.0,golfer,4,#007cbf,,,,,,,,
golfer_group_57,38.03100160851583,-84.46532942233877,37020.0,golfer,4,#007cbf,,,,,,,,
golfer_group_57,38.03102825601745,-84.4649591665407,37080.0,golfer,4,#007cbf,,,,,,,,
golfer_group_57,38.03105490351906,-84.46458891074262,37140.0,golfer,4,#007cbf,,,,,,,,
golfer_group_57,38.031081551020684,-84.46421865494455,37200.0,golfer,4,#007cbf,,,,,,,,
golfer_group_57,38.031108198522304,-84.46384839914647,37260.0,golfer,4,#007cbf,,,,,,,,
golfer_group_57,38.03113484602392,-84.4634781433484,37320.0,golfer,4,#007cbf,,,,,,,,
golfer_group_57,38.03116149352554,-84.46310788755032,37380.0,golfer,4,#007cbf,,,,,,,,
golfer_group_57,38.031127268705696,-84.46274982308951,37440.0,golfer,4,#ffe6cc,,,,,,,,
golfer_group_57,38.031012137391194,-84.4624079623538,37500.0,golfer,4,#ffe6cc,,,,,,,,
golfer_group_57,38.03089700607669,-84.46206610161808,37560.0,golfer,4,#ffe6cc,,,,,,,,
golfer_group_57,38.0307818747622,-84.46172424088235,37620.0,golfer,4,#ffe6cc,,,,,,,,
golfer_group_57,38.030666743447696,-84.46138238014663,37680.0,golfer,4,#ffe6cc,,,,,,,,
golfer_group_57,38.030551612133195,-84.46104051941091,37740.0,golfer,4,#ffe6cc,,,,,,,,
golfer_group_57,38.03081531898336,-84.46091137688049,37800.0,golfer,4,#ffe6cc,,,,,,,,
golfer_group_57,38.0310279411826,-84.46098091912485,37860.0,golfer,4,#ffe6cc,,,,,,,,
golfer_group_57,38.03115090321037,-84.46131835889211,37920.0,golfer,4,#ffe6cc,,,,,,,,
golfer_group_57,38.031273865238134,-84.46165579865938,37980.0,golfer,4,#ffe6cc,,,,,,,,
golfer_group_57,38.03139682726591,-84.46199323842663,38040.0,golfer,4,#ffcc99,,,,,,,,
golfer_group_57,38.031519789293675,-84.4623306781939,38100.0,golfer,4,#ffcc99,,,,,,,,
golfer_group_57,38.03164275132144,-84.46266811796116,38160.0,golfer,4,#ffcc99,,,,,,,,
golfer_group_57,38.03176571334921,-84.46300555772842,38220.0,golfer,4,#ffcc99,,,,,,,,
golfer_group_57,38.031888675376976,-84.46334299749569,38280.0,golfer,4,#ffcc99,,,,,,,,
golfer_group_57,38.031909837946635,-84.46368872876327,38340.0,golfer,4,#ffcc99,,,,,,,,
golfer_group_57,38.03182184589159,-84.46404335060477,38400.0,golfer,4,#ffcc99,,,,,,,,
golfer_group_57,38.03173385383655,-84.46439797244628,38460.0,golfer,4,#ffcc99,,,,,,,,
golfer_group_57,38.031645861781506,-84.46475259428779,38520.0,golfer,4,#ffcc99,,,,,,,,
golfer_group_57,38.03155786972646,-84.46510721612928,38580.0,golfer,4,#ffcc99,,,,,,,,
golfer_group_57,38.03146987767142,-84.46546183797079,38640.0,golfer,4,#00b894,,,,,,,,
golfer_group_57,38.03131864912918,-84.46576966145622,38700.0,golfer,4,#00b894,,,,,,,,
golfer_group_57,38.0311189562348,-84.46604161874937,38760.0,golfer,4,#00b894,,,,,,,,
golfer_group_57,38.030919263340415,-84.46631357604252,38820.0,golfer,4,#00b894,,,,,,,,
golfer_group_57,38.030718115722834,-84.46658350967269,38880.0,golfer,4,#00b894,,,,,,,,
golfer_group_57,38.0304866033238,-84.46681120290668,38940.0,golfer,4,#00b894,,,,,,,,
golfer_group_57,38.030255090924776,-84.46703889614066,39000.0,golfer,4,#00b894,,,,,,,,
golfer_group_57,38.03002357852575,-84.46726658937465,39060.0,golfer,4,#00b894,,,,,,,,
golfer_group_57,38.02979206612672,-84.46749428260863,39120.0,golfer,4,#00b894,,,,,,,,
golfer_group_57,38.02956055372769,-84.46772197584261,39180.0,golfer,4,#00b894,,,,,,,,
golfer_group_57,38.02932904132866,-84.4679496690766,39240.0,golfer,4,#00b894,,,,,,,,
golfer_group_57,38.02909752892963,-84.46817736231058,39300.0,golfer,4,#00b894,,,,,,,,
golfer_group_57,38.0288660165306,-84.46840505554457,39360.0,golfer,4,#00b894,,,,,,,,
golfer_group_57,38.02869804015225,-84.46870681462924,39420.0,golfer,4,#00b894,,,,,,,,
golfer_group_57,38.028539024924726,-84.46901901999702,39480.0,golfer,4,#00b894,,,,,,,,
golfer_group_57,38.0283800096972,-84.46933122536481,39540.0,golfer,4,#00b894,,,,,,,,
golfer_group_57,38.028129065075696,-84.46949162304078,39600.0,golfer,4,#00b894,,,,,,,,
golfer_group_57,38.02785052807789,-84.46960645602002,39660.0,golfer,1,#00b894,,,,,,,,
golfer_group_57,38.027571991080094,-84.46972128899925,39720.0,golfer,1,#00b894,,,,,,,,
golfer_group_57,38.02729345408229,-84.4698361219785,39780.0,golfer,4,#00b894,,,,,,,,
golfer_group_57,38.027014917084486,-84.46995095495774,39840.0,golfer,4,#00b894,,,,,,,,
golfer_group_57,38.02677219339408,-84.46990690842384,39900.0,golfer,4,#00b894,,,,,,,,
golfer_group_57,38.026583670283,-84.46962241044099,39960.0,golfer,4,#00b894,,,,,,,,
golfer_group_57,38.02639514717193,-84.46933791245814,40020.0,golfer,4,#00b894,,,,,,,,
golfer_group_57,38.026206624060855,-84.4690534144753,40080.0,golfer,4,#00b894,,,,,,,,
golfer_group_57,38.02601810094978,-84.46876891649245,40140.0,golfer,4,#00b894,,,,,,,,
golfer_group_57,38.0258295778387,-84.4684844185096,40200.0,golfer,4,#00b894,,,,,,,,
golfer_group_57,38.02564105472762,-84.46819992052676,40260.0,golfer,4,#00b894,,,,,,,,
golfer_group_57,38.02539873776804,-84.4680332578427,40320.0,golfer,4,#00b894,,,,,,,,
golfer_group_57,38.02511056304286,-84.46796704648648,40380.0,golfer,4,#00b894,,,,,,,,
golfer_group_57,38.02482238831767,-84.46790083513027,40440.0,golfer,4,#00b894,,,,,,,,
golfer_group_57,38.02466098715723,-84.46791926274804,40500.0,golfer,4,#00b894,,,,,,,,
golfer_group_57,38.0248672597656,-84.46818316370741,40560.0,golfer,4,#00b894,,,,,,,,
golfer_group_57,38.025073532373966,-84.46844706466678,40620.0,golfer,4,#00b894,,,,,,,,
golfer_group_57,38.02498232223591,-84.46858500193528,40680.0,golfer,4,#00b894,,,,,,,,
golfer_group_57,38.024692555469876,-84.46863886398934,40740.0,golfer,4,#00b894,,,,,,,,
golfer_group_57,38.02440278870384,-84.4686927260434,40800.0,golfer,4,#00b894,,,,,,,,
golfer_group_57,38.0241130219378,-84.46874658809746,40860.0,golfer,4,#00b894,,,,,,,,
golfer_group_57,38.02382325517176,-84.46880045015152,40920.0,golfer,4,#00b894,,,,,,,,
golfer_group_57,38.023533488405725,-84.46885431220558,40980.0,golfer,4,#00b894,,,,,,,,
golfer_group_57,38.02325287292604,-84.46895459002404,41040.0,golfer,4,#00b894,,,,,,,,
golfer_group_57,38.023120094224296,-84.46908677293466,41100.0,golfer,4,#00b894,,,,,,,,
golfer_group_57,38.02338797984743,-84.46923698741324,41160.0,golfer,4,#00b894,,,,,,,,
golfer_group_57,38.02365586547056,-84.46938720189182,41220.0,golfer,4,#00b894,,,,,,,,
golfer_group_57,38.02392375109368,-84.4695374163704,41280.0,golfer,4,#00b894,,,,,,,,
golfer_group_57,38.024191636716814,-84.46968763084898,41340.0,golfer,4,#00b894,,,,,,,,
golfer_group_57,38.024459522339946,-84.46983784532756,41400.0,golfer,4,#00b894,,,,,,,,
golfer_group_57,38.02472740796308,-84.46998805980614,41460.0,golfer,4,#00b894,,,,,,,,
golfer_group_57,38.0249952935862,-84.47013827428472,41520.0,golfer,4,#00b894,,,,,,,,
golfer_group_57,38.02526317920933,-84.4702884887633,41580.0,golfer,4,#00b894,,,,,,,,
golfer_group_57,38.02549053793203,-84.47051685206469,41640.0,golfer,4,#00b894,,,,,,,,
golfer_group_57,38.02570511747455,-84.47076985771169,41700.0,golfer,4,#00b894,,,,,,,,
golfer_group_57,38.025919697017066,-84.4710228633587,41760.0,golfer,4,#00b894,,,,,,,,
golfer_group_57,38.02613427655959,-84.4712758690057,41820.0,golfer,4,#00b894,,,,,,,,
golfer_group_57,38.02634885610211,-84.4715288746527,41880.0,golfer,4,#00b894,,,,,,,,
golfer_group_57,38.026563435644626,-84.4717818802997,41940.0,golfer,4,#00b894,,,,,,,,
golfer_group_57,38.02678243981026,-84.47202860408251,42000.0,golfer,4,#00b894,,,,,,,,
golfer_group_57,38.02668611647238,-84.47218057293104,42060.0,golfer,4,#00b894,,,,,,,,
golfer_group_57,38.02640386024167,-84.4722796932027,42120.0,golfer,4,#00b894,,,,,,,,
golfer_group_57,38.02612160401096,-84.47237881347434,42180.0,golfer,4,#00b894,,,,,,,,
golfer_group_57,38.02583934778024,-84.47247793374599,42240.0,golfer,4,#00b894,,,,,,,,
golfer_group_57,38.02555709154953,-84.47257705401765,42300.0,golfer,4,#00b894,,,,,,,,
golfer_group_57,38.025278899056985,-84.47258808504574,42360.0,golfer,4,#00b894,,,,,,,,
golfer_group_57,38.02505413568005,-84.47238241246707,42420.0,golfer,4,#00b894,,,,,,,,
golfer_group_57,38.02491621232278,-84.47205445775451,42480.0,golfer,4,#00b894,,,,,,,,
golfer_group_57,38.02477828896551,-84.47172650304194,42540.0,golfer,4,#00b894,,,,,,,,
golfer_group_57,38.024640365608235,-84.47139854832938,42600.0,golfer,4,#00b894,,,,,,,,
golfer_group_57,38.02450244225096,-84.4710705936168,42660.0,golfer,4,#00b894,,,,,,,,
golfer_group_57,38.02436451889369,-84.47074263890424,42720.0,golfer,4,#00b894,,,,,,,,
golfer_group_57,38.02422659553642,-84.47041468419167,42780.0,golfer,4,#00b894,,,,,,,,
golfer_group_57,38.02408867217915,-84.4700867294791,42840.0,golfer,4,#00b894,,,,,,,,
golfer_group_57,38.023830177494666,-84.46991493651929,42900.0,golfer,4,#00b894,,,,,,,,
golfer_group_57,38.02356911857893,-84.46974646470437,42960.0,golfer,4,#00b894,,,,,,,,
golfer_group_57,38.0233080596632,-84.46957799288944,43020.0,golfer,4,#00b894,,,,,,,,
golfer_group_57,38.02304700074746,-84.46940952107451,43080.0,golfer,4,#00b894,,,,,,,,
golfer_group_57,38.0227847606833,-84.46924457405959,43140.0,golfer,4,#00b894,,,,,,,,
golfer_group_57,38.02250809559787,-84.46912267439926,43200.0,golfer,4,#00b894,,,,,,,,
golfer_group_57,38.022527943550884,-84.46893235209967,43260.0,golfer,4,#00b894,,,,,,,,
golfer_group_57,38.02275311404551,-84.46869465006165,43320.0,golfer,4,#00b894,,,,,,,,
golfer_group_57,38.02297828454014,-84.46845694802364,43380.0,golfer,4,#00b894,,,,,,,,
golfer_group_57,38.02320345503476,-84.46821924598564,43440.0,golfer,4,#00b894,,,,,,,,
golfer_group_57,38.023428625529384,-84.46798154394763,43500.0,golfer,4,#00b894,,,,,,,,
golfer_group_57,38.02365379602401,-84.46774384190961,43560.0,golfer,4,#00b894,,,,,,,,
golfer_group_57,38.02387896651864,-84.4675061398716,43620.0,golfer,4,#00b894,,,,,,,,
golfer_group_57,38.02410413701326,-84.4672684378336,43680.0,golfer,4,#00b894,,,,,,,,
golfer_group_57,38.024329307507884,-84.46703073579559,43740.0,golfer,4,#00b894,,,,,,,,
golfer_group_57,38.024516630016976,-84.46674714202182,43800.0,golfer,4,#00b894,,,,,,,,
golfer_group_57,38.02469334505099,-84.4664506863893,43860.0,golfer,4,#00b894,,,,,,,,
golfer_group_57,38.02487006008501,-84.46615423075679,43920.0,golfer,4,#00b894,,,,,,,,
golfer_group_57,38.02504677511902,-84.46585777512426,43980.0,golfer,4,#00b894,,,,,,,,
golfer_group_57,38.02525798622544,-84.46562593134438,44040.0,golfer,4,#00b894,,,,,,,,
golfer_group_57,38.025540368765746,-84.46552739312297,44100.0,golfer,4,#00b894,,,,,,,,
golfer_group_57,38.02582275130605,-84.46542885490156,44160.0,golfer,4,#00b894,,,,,,,,
golfer_group_57,38.02610513384636,-84.46533031668015,44220.0,golfer,4,#00b894,,,,,,,,
golfer_group_57,38.02637936666449,-84.46537020680762,44280.0,golfer,4,#00b894,,,,,,,,
golfer_group_57,38.02664707383,-84.4655209394031,44340.0,golfer,4,#00b894,,,,,,,,
golfer_group_57,38.026914780995504,-84.46567167199859,44400.0,golfer,4,#00b894,,,,,,,,
golfer_group_57,38.02718248816101,-84.46582240459409,44460.0,golfer,4,#00b894,,,,,,,,
golfer_group_57,38.027450195326516,-84.46597313718958,44520.0,golfer,4,#00b894,,,,,,,,
golfer_group_57,38.02771790249202,-84.46612386978506,44580.0,golfer,4,#00b894,,,,,,,,
golfer_group_57,38.027985609657534,-84.46627460238055,44640.0,golfer,4,#00b894,,,,,,,,
golfer_group_57,38.02825331682304,-84.46642533497604,44700.0,golfer,4,#00b894,,,,,,,,
golfer_group_57,38.02854411583699,-84.46643446747252,44760.0,golfer,4,#00b894,,,,,,,,
golfer_group_57,38.02883696025459,-84.46643105747557,44820.0,golfer,4,#00b894,,,,,,,,
golfer_group_57,38.02912980467218,-84.46642764747862,44880.0,golfer,4,#00b894,,,,,,,,
golfer_group_57,38.029422649089774,-84.46642423748168,44940.0,golfer,4,#00b894,,,,,,,,
golfer_group_57,38.029714660100595,-84.46640554510962,45000.0,golfer,4,#00b894,,,,,,,,
golfer_group_57,38.03000508074206,-84.46635768976212,45060.0,golfer,4,#00b894,,,,,,,,
golfer_group_57,38.03029550138352,-84.46630983441462,45120.0,golfer,4,#00b894,,,,,,,,
golfer_group_57,38.03034421537664,-84.46623396436489,45180.0,golfer,4,#00b894,,,,,,,,
golfer_group_57,38.0300654222068,-84.4661201350132,45240.0,golfer,4,#00b894,,,,,,,,
golfer_group_57,38.02978662903697,-84.46600630566151,45300.0,golfer,4,#00b894,,,,,,,,
golfer_group_57,38.02950783586713,-84.46589247630982,45360.0,golfer,4,#00b894,,,,,,,,
golfer_group_57,38.029229042697295,-84.46577864695813,45420.0,golfer,4,#00b894,,,,,,,,
golfer_group_57,38.02895024952746,-84.46566481760644,45480.0,golfer,4,#00b894,,,,,,,,
golfer_group_57,38.02867145635763,-84.46555098825475,45540.0,golfer,4,#00b894,,,,,,,,
golfer_group_57,38.02839266318779,-84.46543715890306,45600.0,golfer,4,#00b894,,,,,,,,
golfer_group_57,38.02811294382565,-84.46532834232956,45660.0,golfer,4,#00b894,,,,,,,,
golfer_group_57,38.02782336017175,-84.46527291370359,45720.0,golfer,4,#00b894,,,,,,,,
golfer_group_57,38.02753377651786,-84.46521748507763,45780.0,golfer,4,#00b894,,,,,,,,
golfer_group_57,38.027244192863975,-84.46516205645167,45840.0,golfer,4,#00b894,,,,,,,,
golfer_group_57,38.02695460921009,-84.46510662782572,45900.0,golfer,4,#00b894,,,,,,,,
golfer_group_57,38.02666502555619,-84.46505119919976,45960.0,golfer,4,#00b894,,,,,,,,
golfer_group_57,38.02637326063661,-84.4650346343973,46020.0,golfer,4,#00b894,,,,,,,,
golfer_group_57,38.02608041188864,-84.46503738027086,46080.0,golfer,4,#00b894,,,,,,,,
golfer_group_57,38.025787563140675,-84.46504012614442,46140.0,golfer,2,#00b894,,,,,,,,
golfer_group_57,38.025494714392714,-84.46504287201797,46200.0,golfer,4,#00b894,,,,,,,,
golfer_group_57,38.02556401049359,-84.4653626218534,46260.0,golfer,4,#00b894,,,,,,,,
golfer_group_57,38.025666096931715,-84.46571107475296,46320.0,golfer,4,#00b894,,,,,,,,
golfer_group_57,38.02576818336984,-84.46605952765252,46380.0,golfer,4,#00b894,,,,,,,,
golfer_group_57,38.02587026980797,-84.46640798055208,46440.0,golfer,4,#00b894,,,,,,,,
golfer_group_57,38.02597235624609,-84.46675643345164,46500.0,golfer,4,#00b894,,,,,,,,
golfer_group_57,38.02607444268422,-84.46710488635118,46560.0,golfer,4,#00b894,,,,,,,,
golfer_group_57,38.026176529122345,-84.46745333925074,46620.0,golfer,4,#00b894,,,,,,,,
golfer_group_57,38.02627861556047,-84.4678017921503,46680.0,golfer,4,#00b894,,,,,,,,
golfer_group_57,38.026391551516966,-84.46814347235242,46740.0,golfer,4,#00b894,,,,,,,,
golfer_group_57,38.0265466275618,-84.46845884704874,46800.0,golfer,4,#00b894,,,,,,,,
golfer_group_57,38.02670170360664,-84.46877422174504,46860.0,golfer,4,#00b894,,,,,,,,
golfer_group_57,38.02685677965148,-84.46908959644135,46920.0,golfer,4,#00b894,,,,,,,,
golfer_group_57,38.027011855696315,-84.46940497113766,46980.0,golfer,4,#00b894,,,,,,,,
golfer_group_57,38.027202562026105,-84.46967624119414,47040.0,golfer,4,#00b894,,,,,,,,
golfer_group_57,38.027447,-84.469881,47100.0,golfer,1,#00b894,,,,,,,,
golfer_group_58,38.027447,-84.469881,36000.0,golfer,1,#007cbf,,,,,,,,
golfer_group_58,38.02754627606764,-84.46962578282717,36060.0,golfer,1,#007cbf,,,,,,,,
golfer_group_58,38.02744283462056,-84.4692779685763,36120.0,golfer,1,#007cbf,,,,,,,,
golfer_group_58,38.02733939317348,-84.46893015432545,36180.0,golfer,1,#007cbf,,,,,,,,
golfer_group_58,38.0272359517264,-84.46858234007459,36240.0,golfer,1,#007cbf,,,,,,,,
golfer_group_58,38.027132510279316,-84.46823452582373,36300.0,golfer,1,#007cbf,,,,,,,,
golfer_group_58,38.027029068832235,-84.46788671157287,36360.0,golfer,1,#007cbf,,,,,,,,
golfer_group_58,38.026925627385154,-84.46753889732202,36420.0,golfer,1,#007cbf,,,,,,,,
golfer_group_58,38.02682218593807,-84.46719108307117,36480.0,golfer,1,#007cbf,,,,,,,,
golfer_group_58,38.026707885382585,-84.46684997010087,36540.0,golfer,1,#007cbf,,,,,,,,
golfer_group_58,38.0265563489919,-84.46653183579225,36600.0,golfer,1,#007cbf,,,,,,,,
golfer_group_58,38.02640481260122,-84.46621370148365,36660.0,golfer,1,#007cbf,,,,,,,,
golfer_group_58,38.02625327621054,-84.46589556717504,36720.0,golfer,1,#007cbf,,,,,,,,
golfer_group_58,38.026097865476636,-84.4655806681031,36780.0,golfer,1,#007cbf,,,,,,,,
golfer_group_58,38.02592778516153,-84.46527801873756,36840.0,golfer,4,#007cbf,,,,,,,,
golfer_group_58,38.02575770484643,-84.46497536937204,36900.0,golfer,2,#007cbf,,,,,,,,
golfer_group_58,38.02580429978306,-84.46478189846547,36960.0,golfer,2,#007cbf,,,,,,,,
golfer_group_58,38.02609158193444,-84.46470970518055,37020.0,golfer,2,#007cbf,,,,,,,,
golfer_group_58,38.02637886408582,-84.46463751189565,37080.0,golfer,2,#007cbf,,,,,,,,
golfer_group_58,38.0266661462372,-84.46456531861072,37140.0,golfer,2,#007cbf,,,,,,,,
golfer_group_58,38.02695342838857,-84.4644931253258,37200.0,golfer,2,#007cbf,,,,,,,,
golfer_group_58,38.02723262500985,-84.46440936561527,37260.0,golfer,2,#007cbf,,,,,,,,
golfer_group_58,38.02732323296244,-84.46405582806928,37320.0,golfer,2,#007cbf,,,,,,,,
golfer_group_58,38.027413840915024,-84.46370229052329,37380.0,golfer,3,#007cbf,,,,,,,,
golfer_group_58,38.02755613921936,-84.46339199540722,37440.0,golfer,3,#007cbf,,,,,,,,
golfer_group_58,38.02777631020529,-84.46314684598785,37500.0,golfer,3,#007cbf,,,,,,,,
golfer_group_58,38.027996481191224,-84.4629016965685,37560.0,golfer,3,#007cbf,,,,,,,,
golfer_group_58,38.028216652177164,-84.46265654714912,37620.0,golfer,3,#007cbf,,,,,,,,
golfer_group_58,38.0284368231631,-84.46241139772975,37680.0,golfer,3,#007cbf,,,,,,,,
golfer_group_58,38.02865699414903,-84.4621662483104,37740.0,golfer,3,#007cbf,,,,,,,,
golfer_group_58,38.02887716513497,-84.46192109889103,37800.0,golfer,3,#007cbf,,,,,,,,
golfer_group_58,38.029097336120905,-84.46167594947165,37860.0,golfer,3,#007cbf,,,,,,,,
golfer_group_58,38.02932048603734,-84.46143527844885,37920.0,golfer,3,#007cbf,,,,,,,,
golfer_group_58,38.02954781666501,-84.4612008925283,37980.0,golfer,3,#007cbf,,,,,,,,
golfer_group_58,38.029775147292675,-84.46096650660775,38040.0,golfer,3,#007cbf,,,,,,,,
golfer_group_58,38.03000247792034,-84.46073212068718,38100.0,golfer,3,#007cbf,,,,,,,,
golfer_group_58,38.03022980854801,-84.46049773476663,38160.0,golfer,3,#007cbf,,,,,,,,
golfer_group_58,38.03028198771919,-84.46029007968264,38220.0,golfer,3,#007cbf,,,,,,,,
golfer_group_58,38.030017377451664,-84.46013077159431,38280.0,golfer,4,#007cbf,,,,,,,,
golfer_group_58,38.02974997117584,-84.46003134117494,38340.0,golfer,4,#007cbf,,,,,,,,
golfer_group_58,38.029472388508275,-84.46014984237516,38400.0,golfer,4,#007cbf,,,,,,,,
golfer_group_58,38.02919480584071,-84.46026834357538,38460.0,golfer,4,#007cbf,,,,,,,,
golfer_group_58,38.02891722317315,-84.46038684477558,38520.0,golfer,4,#007cbf,,,,,,,,
golfer_group_58,38.02863964050559,-84.4605053459758,38580.0,golfer,4,#007cbf,,,,,,,,
golfer_group_58,38.02846819932939,-84.46074999771898,38640.0,golfer,4,#007cbf,,,,,,,,
golfer_group_58,38.028356651102726,-84.46108459413088,38700.0,golfer,4,#007cbf,,,,,,,,
golfer_group_58,38.028163251425084,-84.46136377382878,38760.0,golfer,4,#007cbf,,,,,,,,
golfer_group_58,38.02796985174745,-84.46164295352668,38820.0,golfer,4,#007cbf,,,,,,,,
golfer_group_58,38.02777645206981,-84.46192213322458,38880.0,golfer,4,#007cbf,,,,,,,,
golfer_group_58,38.027583052392174,-84.46220131292247,38940.0,golfer,4,#007cbf,,,,,,,,
golfer_group_58,38.02739313138997,-84.4624841808364,39000.0,golfer,4,#007cbf,,,,,,,,
golfer_group_58,38.02721114487077,-84.46277546117278,39060.0,golfer,4,#007cbf,,,,,,,,
golfer_group_58,38.02702915835156,-84.46306674150915,39120.0,golfer,4,#007cbf,,,,,,,,
golfer_group_58,38.02684717183235,-84.46335802184554,39180.0,golfer,4,#007cbf,,,,,,,,
golfer_group_58,38.027030664719845,-84.46345337202217,39240.0,golfer,4,#007cbf,,,,,,,,
golfer_group_58,38.02732202605173,-84.46349089491457,39300.0,golfer,3,#007cbf,,,,,,,,
golfer_group_58,38.02761338738361,-84.46352841780696,39360.0,golfer,3,#007cbf,,,,,,,,
golfer_group_58,38.02787761975422,-84.46365295047241,39420.0,golfer,4,#007cbf,,,,,,,,
golfer_group_58,38.02811027773896,-84.46387875056652,39480.0,golfer,4,#007cbf,,,,,,,,
golfer_group_58,38.02834293572369,-84.46410455066062,39540.0,golfer,4,#007cbf,,,,,,,,
golfer_group_58,38.028575593708425,-84.46433035075472,39600.0,golfer,4,#007cbf,,,,,,,,
golfer_group_58,38.028808251693164,-84.46455615084882,39660.0,golfer,4,#007cbf,,,,,,,,
golfer_group_58,38.029040909677896,-84.46478195094294,39720.0,golfer,4,#007cbf,,,,,,,,
golfer_group_58,38.02927356766263,-84.46500775103704,39780.0,golfer,4,#007cbf,,,,,,,,
golfer_group_58,38.02950622564737,-84.46523355113113,39840.0,golfer,4,#007cbf,,,,,,,,
golfer_group_58,38.02975350361947,-84.4654282954189,39900.0,golfer,4,#007cbf,,,,,,,,
golfer_group_58,38.030020352724144,-84.46558146666777,39960.0,golfer,4,#007cbf,,,,,,,,
golfer_group_58,38.03028720182882,-84.46573463791665,40020.0,golfer,4,#007cbf,,,,,,,,
golfer_group_58,38.030554050933496,-84.46588780916554,40080.0,golfer,4,#007cbf,,,,,,,,
golfer_group_58,38.0308144451061,-84.46601508231271,40140.0,golfer,4,#007cbf,,,,,,,,
golfer_group_58,38.03096331555731,-84.46569490649415,40200.0,golfer,4,#007cbf,,,,,,,,
golfer_group_58,38.03100160851583,-84.46532942233877,40260.0,golfer,4,#007cbf,,,,,,,,
golfer_group_58,38.03102825601745,-84.4649591665407,40320.0,golfer,4,#007cbf,,,,,,,,
golfer_group_58,38.03105490351906,-84.46458891074262,40380.0,golfer,4,#007cbf,,,,,,,,
golfer_group_58,38.031081551020684,-84.46421865494455,40440.0,golfer,4,#007cbf,,,,,,,,
golfer_group_58,38.031108198522304,-84.46384839914647,40500.0,golfer,4,#007cbf,,,,,,,,
golfer_group_58,38.03113484602392,-84.4634781433484,40560.0,golfer,4,#007cbf,,,,,,,,
golfer_group_58,38.03116149352554,-84.46310788755032,40620.0,golfer,4,#007cbf,,,,,,,,
golfer_group_58,38.031127268705696,-84.46274982308951,40680.0,golfer,4,#007cbf,,,,,,,,
golfer_group_58,38.031012137391194,-84.4624079623538,40740.0,golfer,4,#007cbf,,,,,,,,
golfer_group_58,38.03089700607669,-84.46206610161808,40800.0,golfer,4,#007cbf,,,,,,,,
golfer_group_58,38.0307818747622,-84.46172424088235,40860.0,golfer,4,#007cbf,,,,,,,,
golfer_group_58,38.030666743447696,-84.46138238014663,40920.0,golfer,4,#007cbf,,,,,,,,
golfer_group_58,38.030551612133195,-84.46104051941091,40980.0,golfer,4,#007cbf,,,,,,,,
golfer_group_58,38.03081531898336,-84.46091137688049,41040.0,golfer,4,#007cbf,,,,,,,,
golfer_group_58,38.0310279411826,-84.46098091912485,41100.0,golfer,4,#007cbf,,,,,,,,
golfer_group_58,38.03115090321037,-84.46131835889211,41160.0,golfer,4,#007cbf,,,,,,,,
golfer_group_58,38.031273865238134,-84.46165579865938,41220.0,golfer,4,#007cbf,,,,,,,,
golfer_group_58,38.03139682726591,-84.46199323842663,41280.0,golfer,4,#007cbf,,,,,,,,
golfer_group_58,38.031519789293675,-84.4623306781939,41340.0,golfer,4,#007cbf,,,,,,,,
golfer_group_58,38.03164275132144,-84.46266811796116,41400.0,golfer,4,#007cbf,,,,,,,,
golfer_group_58,38.03176571334921,-84.46300555772842,41460.0,golfer,4,#007cbf,,,,,,,,
golfer_group_58,38.031888675376976,-84.46334299749569,41520.0,golfer,4,#007cbf,,,,,,,,
golfer_group_58,38.031909837946635,-84.46368872876327,41580.0,golfer,4,#007cbf,,,,,,,,
golfer_group_58,38.03182184589159,-84.46404335060477,41640.0,golfer,4,#007cbf,,,,,,,,
golfer_group_58,38.03173385383655,-84.46439797244628,41700.0,golfer,4,#007cbf,,,,,,,,
golfer_group_58,38.031645861781506,-84.46475259428779,41760.0,golfer,4,#007cbf,,,,,,,,
golfer_group_58,38.03155786972646,-84.46510721612928,41820.0,golfer,4,#007cbf,,,,,,,,
golfer_group_58,38.03146987767142,-84.46546183797079,41880.0,golfer,4,#007cbf,,,,,,,,
golfer_group_58,38.03131864912918,-84.46576966145622,41940.0,golfer,4,#007cbf,,,,,,,,
golfer_group_58,38.0311189562348,-84.46604161874937,42000.0,golfer,4,#007cbf,,,,,,,,
golfer_group_58,38.030919263340415,-84.46631357604252,42060.0,golfer,4,#007cbf,,,,,,,,
golfer_group_58,38.030718115722834,-84.46658350967269,42120.0,golfer,4,#007cbf,,,,,,,,
golfer_group_58,38.0304866033238,-84.46681120290668,42180.0,golfer,4,#007cbf,,,,,,,,
golfer_group_58,38.030255090924776,-84.46703889614066,42240.0,golfer,4,#007cbf,,,,,,,,
golfer_group_58,38.03002357852575,-84.46726658937465,42300.0,golfer,4,#007cbf,,,,,,,,
golfer_group_58,38.02979206612672,-84.46749428260863,42360.0,golfer,4,#007cbf,,,,,,,,
golfer_group_58,38.02956055372769,-84.46772197584261,42420.0,golfer,4,#007cbf,,,,,,,,
golfer_group_58,38.02932904132866,-84.4679496690766,42480.0,golfer,4,#007cbf,,,,,,,,
golfer_group_58,38.02909752892963,-84.46817736231058,42540.0,golfer,4,#007cbf,,,,,,,,
golfer_group_58,38.0288660165306,-84.46840505554457,42600.0,golfer,4,#007cbf,,,,,,,,
golfer_group_58,38.02869804015225,-84.46870681462924,42660.0,golfer,4,#007cbf,,,,,,,,
golfer_group_58,38.028539024924726,-84.46901901999702,42720.0,golfer,4,#007cbf,,,,,,,,
golfer_group_58,38.0283800096972,-84.46933122536481,42780.0,golfer,4,#007cbf,,,,,,,,
golfer_group_58,38.028129065075696,-84.46949162304078,42840.0,golfer,4,#007cbf,,,,,,,,
golfer_group_58,38.02785052807789,-84.46960645602002,42900.0,golfer,1,#007cbf,,,,,,,,
golfer_group_58,38.027571991080094,-84.46972128899925,42960.0,golfer,1,#007cbf,,,,,,,,
golfer_group_58,38.02729345408229,-84.4698361219785,43020.0,golfer,4,#007cbf,,,,,,,,
golfer_group_58,38.027014917084486,-84.46995095495774,43080.0,golfer,4,#007cbf,,,,,,,,
golfer_group_58,38.02677219339408,-84.46990690842384,43140.0,golfer,4,#007cbf,,,,,,,,
golfer_group_58,38.026583670283,-84.46962241044099,43200.0,golfer,4,#007cbf,,,,,,,,
golfer_group_58,38.02639514717193,-84.46933791245814,43260.0,golfer,4,#007cbf,,,,,,,,
golfer_group_58,38.026206624060855,-84.4690534144753,43320.0,golfer,4,#007cbf,,,,,,,,
golfer_group_58,38.02601810094978,-84.46876891649245,43380.0,golfer,4,#007cbf,,,,,,,,
golfer_group_58,38.0258295778387,-84.4684844185096,43440.0,golfer,4,#007cbf,,,,,,,,
golfer_group_58,38.02564105472762,-84.46819992052676,43500.0,golfer,4,#007cbf,,,,,,,,
golfer_group_58,38.02539873776804,-84.4680332578427,43560.0,golfer,4,#007cbf,,,,,,,,
golfer_group_58,38.02511056304286,-84.46796704648648,43620.0,golfer,4,#007cbf,,,,,,,,
golfer_group_58,38.02482238831767,-84.46790083513027,43680.0,golfer,4,#007cbf,,,,,,,,
golfer_group_58,38.02466098715723,-84.46791926274804,43740.0,golfer,4,#007cbf,,,,,,,,
golfer_group_58,38.0248672597656,-84.46818316370741,43800.0,golfer,4,#007cbf,,,,,,,,
golfer_group_58,38.025073532373966,-84.46844706466678,43860.0,golfer,4,#007cbf,,,,,,,,
golfer_group_58,38.02498232223591,-84.46858500193528,43920.0,golfer,4,#007cbf,,,,,,,,
golfer_group_58,38.024692555469876,-84.46863886398934,43980.0,golfer,4,#007cbf,,,,,,,,
golfer_group_58,38.02440278870384,-84.4686927260434,44040.0,golfer,4,#007cbf,,,,,,,,
golfer_group_58,38.0241130219378,-84.46874658809746,44100.0,golfer,4,#007cbf,,,,,,,,
golfer_group_58,38.02382325517176,-84.46880045015152,44160.0,golfer,4,#007cbf,,,,,,,,
golfer_group_58,38.023533488405725,-84.46885431220558,44220.0,golfer,4,#007cbf,,,,,,,,
golfer_group_58,38.02325287292604,-84.46895459002404,44280.0,golfer,4,#007cbf,,,,,,,,
golfer_group_58,38.023120094224296,-84.46908677293466,44340.0,golfer,4,#007cbf,,,,,,,,
golfer_group_58,38.02338797984743,-84.46923698741324,44400.0,golfer,4,#007cbf,,,,,,,,
golfer_group_58,38.02365586547056,-84.46938720189182,44460.0,golfer,4,#007cbf,,,,,,,,
golfer_group_58,38.02392375109368,-84.4695374163704,44520.0,golfer,4,#007cbf,,,,,,,,
golfer_group_58,38.024191636716814,-84.46968763084898,44580.0,golfer,4,#007cbf,,,,,,,,
golfer_group_58,38.024459522339946,-84.46983784532756,44640.0,golfer,4,#007cbf,,,,,,,,
golfer_group_58,38.02472740796308,-84.46998805980614,44700.0,golfer,4,#007cbf,,,,,,,,
golfer_group_58,38.0249952935862,-84.47013827428472,44760.0,golfer,4,#007cbf,,,,,,,,
golfer_group_58,38.02526317920933,-84.4702884887633,44820.0,golfer,4,#007cbf,,,,,,,,
golfer_group_58,38.02549053793203,-84.47051685206469,44880.0,golfer,4,#007cbf,,,,,,,,
golfer_group_58,38.02570511747455,-84.47076985771169,44940.0,golfer,4,#007cbf,,,,,,,,
golfer_group_58,38.025919697017066,-84.4710228633587,45000.0,golfer,4,#007cbf,,,,,,,,
golfer_group_58,38.02613427655959,-84.4712758690057,45060.0,golfer,4,#007cbf,,,,,,,,
golfer_group_58,38.02634885610211,-84.4715288746527,45120.0,golfer,4,#007cbf,,,,,,,,
golfer_group_58,38.026563435644626,-84.4717818802997,45180.0,golfer,4,#007cbf,,,,,,,,
golfer_group_58,38.02678243981026,-84.47202860408251,45240.0,golfer,4,#007cbf,,,,,,,,
golfer_group_58,38.02668611647238,-84.47218057293104,45300.0,golfer,4,#007cbf,,,,,,,,
golfer_group_58,38.02640386024167,-84.4722796932027,45360.0,golfer,4,#007cbf,,,,,,,,
golfer_group_58,38.02612160401096,-84.47237881347434,45420.0,golfer,4,#007cbf,,,,,,,,
golfer_group_58,38.02583934778024,-84.47247793374599,45480.0,golfer,4,#007cbf,,,,,,,,
golfer_group_58,38.02555709154953,-84.47257705401765,45540.0,golfer,4,#007cbf,,,,,,,,
golfer_group_58,38.025278899056985,-84.47258808504574,45600.0,golfer,4,#007cbf,,,,,,,,
golfer_group_58,38.02505413568005,-84.47238241246707,45660.0,golfer,4,#007cbf,,,,,,,,
golfer_group_58,38.02491621232278,-84.47205445775451,45720.0,golfer,4,#007cbf,,,,,,,,
golfer_group_58,38.02477828896551,-84.47172650304194,45780.0,golfer,4,#007cbf,,,,,,,,
golfer_group_58,38.024640365608235,-84.47139854832938,45840.0,golfer,4,#007cbf,,,,,,,,
golfer_group_58,38.02450244225096,-84.4710705936168,45900.0,golfer,4,#007cbf,,,,,,,,
golfer_group_58,38.02436451889369,-84.47074263890424,45960.0,golfer,4,#007cbf,,,,,,,,
golfer_group_58,38.02422659553642,-84.47041468419167,46020.0,golfer,4,#007cbf,,,,,,,,
golfer_group_58,38.02408867217915,-84.4700867294791,46080.0,golfer,4,#007cbf,,,,,,,,
golfer_group_58,38.023830177494666,-84.46991493651929,46140.0,golfer,4,#007cbf,,,,,,,,
golfer_group_58,38.02356911857893,-84.46974646470437,46200.0,golfer,4,#007cbf,,,,,,,,
golfer_group_58,38.0233080596632,-84.46957799288944,46260.0,golfer,4,#007cbf,,,,,,,,
golfer_group_58,38.02304700074746,-84.46940952107451,46320.0,golfer,4,#007cbf,,,,,,,,
golfer_group_58,38.0227847606833,-84.46924457405959,46380.0,golfer,4,#007cbf,,,,,,,,
golfer_group_58,38.02250809559787,-84.46912267439926,46440.0,golfer,4,#007cbf,,,,,,,,
golfer_group_58,38.022527943550884,-84.46893235209967,46500.0,golfer,4,#007cbf,,,,,,,,
golfer_group_58,38.02275311404551,-84.46869465006165,46560.0,golfer,4,#007cbf,,,,,,,,
golfer_group_58,38.02297828454014,-84.46845694802364,46620.0,golfer,4,#007cbf,,,,,,,,
golfer_group_58,38.02320345503476,-84.46821924598564,46680.0,golfer,4,#007cbf,,,,,,,,
golfer_group_58,38.023428625529384,-84.46798154394763,46740.0,golfer,4,#007cbf,,,,,,,,
golfer_group_58,38.02365379602401,-84.46774384190961,46800.0,golfer,4,#007cbf,,,,,,,,
golfer_group_58,38.02387896651864,-84.4675061398716,46860.0,golfer,4,#007cbf,,,,,,,,
golfer_group_58,38.02410413701326,-84.4672684378336,46920.0,golfer,4,#007cbf,,,,,,,,
golfer_group_58,38.024329307507884,-84.46703073579559,46980.0,golfer,4,#007cbf,,,,,,,,
golfer_group_58,38.024516630016976,-84.46674714202182,47040.0,golfer,4,#007cbf,,,,,,,,
golfer_group_58,38.02469334505099,-84.4664506863893,47100.0,golfer,4,#007cbf,,,,,,,,
golfer_group_58,38.02487006008501,-84.46615423075679,47160.0,golfer,4,#007cbf,,,,,,,,
golfer_group_58,38.02504677511902,-84.46585777512426,47220.0,golfer,4,#007cbf,,,,,,,,
golfer_group_58,38.02525798622544,-84.46562593134438,47280.0,golfer,4,#007cbf,,,,,,,,
golfer_group_58,38.025540368765746,-84.46552739312297,47340.0,golfer,4,#007cbf,,,,,,,,
golfer_group_58,38.02582275130605,-84.46542885490156,47400.0,golfer,4,#007cbf,,,,,,,,
golfer_group_58,38.02610513384636,-84.46533031668015,47460.0,golfer,4,#007cbf,,,,,,,,
golfer_group_58,38.02637936666449,-84.46537020680762,47520.0,golfer,4,#007cbf,,,,,,,,
golfer_group_58,38.02664707383,-84.4655209394031,47580.0,golfer,4,#007cbf,,,,,,,,
golfer_group_58,38.026914780995504,-84.46567167199859,47640.0,golfer,4,#007cbf,,,,,,,,
golfer_group_58,38.02718248816101,-84.46582240459409,47700.0,golfer,4,#007cbf,,,,,,,,
golfer_group_58,38.027450195326516,-84.46597313718958,47760.0,golfer,4,#007cbf,,,,,,,,
golfer_group_58,38.02771790249202,-84.46612386978506,47820.0,golfer,4,#007cbf,,,,,,,,
golfer_group_58,38.027985609657534,-84.46627460238055,47880.0,golfer,4,#007cbf,,,,,,,,
golfer_group_58,38.02825331682304,-84.46642533497604,47940.0,golfer,4,#007cbf,,,,,,,,
golfer_group_58,38.02854411583699,-84.46643446747252,48000.0,golfer,4,#007cbf,,,,,,,,
golfer_group_58,38.02883696025459,-84.46643105747557,48060.0,golfer,4,#007cbf,,,,,,,,
golfer_group_58,38.02912980467218,-84.46642764747862,48120.0,golfer,4,#007cbf,,,,,,,,
golfer_group_58,38.029422649089774,-84.46642423748168,48180.0,golfer,4,#007cbf,,,,,,,,
golfer_group_58,38.029714660100595,-84.46640554510962,48240.0,golfer,4,#007cbf,,,,,,,,
golfer_group_58,38.03000508074206,-84.46635768976212,48300.0,golfer,4,#007cbf,,,,,,,,
golfer_group_58,38.03029550138352,-84.46630983441462,48360.0,golfer,4,#007cbf,,,,,,,,
golfer_group_58,38.03034421537664,-84.46623396436489,48420.0,golfer,4,#007cbf,,,,,,,,
golfer_group_58,38.0300654222068,-84.4661201350132,48480.0,golfer,4,#007cbf,,,,,,,,
golfer_group_58,38.02978662903697,-84.46600630566151,48540.0,golfer,4,#007cbf,,,,,,,,
golfer_group_58,38.02950783586713,-84.46589247630982,48600.0,golfer,4,#007cbf,,,,,,,,
golfer_group_58,38.029229042697295,-84.46577864695813,48660.0,golfer,4,#007cbf,,,,,,,,
golfer_group_58,38.02895024952746,-84.46566481760644,48720.0,golfer,4,#007cbf,,,,,,,,
golfer_group_58,38.02867145635763,-84.46555098825475,48780.0,golfer,4,#007cbf,,,,,,,,
golfer_group_58,38.02839266318779,-84.46543715890306,48840.0,golfer,4,#007cbf,,,,,,,,
golfer_group_58,38.02811294382565,-84.46532834232956,48900.0,golfer,4,#007cbf,,,,,,,,
golfer_group_58,38.02782336017175,-84.46527291370359,48960.0,golfer,4,#007cbf,,,,,,,,
golfer_group_58,38.02753377651786,-84.46521748507763,49020.0,golfer,4,#007cbf,,,,,,,,
golfer_group_58,38.027244192863975,-84.46516205645167,49080.0,golfer,4,#007cbf,,,,,,,,
golfer_group_58,38.02695460921009,-84.46510662782572,49140.0,golfer,4,#007cbf,,,,,,,,
golfer_group_58,38.02666502555619,-84.46505119919976,49200.0,golfer,4,#007cbf,,,,,,,,
golfer_group_58,38.02637326063661,-84.4650346343973,49260.0,golfer,4,#007cbf,,,,,,,,
golfer_group_58,38.02608041188864,-84.46503738027086,49320.0,golfer,4,#007cbf,,,,,,,,
golfer_group_58,38.025787563140675,-84.46504012614442,49380.0,golfer,2,#007cbf,,,,,,,,
golfer_group_58,38.025494714392714,-84.46504287201797,49440.0,golfer,4,#007cbf,,,,,,,,
golfer_group_58,38.02556401049359,-84.4653626218534,49500.0,golfer,4,#007cbf,,,,,,,,
golfer_group_58,38.025666096931715,-84.46571107475296,49560.0,golfer,4,#007cbf,,,,,,,,
golfer_group_58,38.02576818336984,-84.46605952765252,49620.0,golfer,4,#007cbf,,,,,,,,
golfer_group_58,38.02587026980797,-84.46640798055208,49680.0,golfer,4,#007cbf,,,,,,,,
golfer_group_58,38.02597235624609,-84.46675643345164,49740.0,golfer,4,#007cbf,,,,,,,,
golfer_group_58,38.02607444268422,-84.46710488635118,49800.0,golfer,4,#007cbf,,,,,,,,
golfer_group_58,38.026176529122345,-84.46745333925074,49860.0,golfer,4,#007cbf,,,,,,,,
golfer_group_58,38.02627861556047,-84.4678017921503,49920.0,golfer,4,#007cbf,,,,,,,,
golfer_group_58,38.026391551516966,-84.46814347235242,49980.0,golfer,4,#007cbf,,,,,,,,
golfer_group_58,38.0265466275618,-84.46845884704874,50040.0,golfer,4,#007cbf,,,,,,,,
golfer_group_58,38.02670170360664,-84.46877422174504,50100.0,golfer,4,#007cbf,,,,,,,,
golfer_group_58,38.02685677965148,-84.46908959644135,50160.0,golfer,4,#007cbf,,,,,,,,
golfer_group_58,38.027011855696315,-84.46940497113766,50220.0,golfer,4,#007cbf,,,,,,,,
golfer_group_58,38.027202562026105,-84.46967624119414,50280.0,golfer,4,#007cbf,,,,,,,,
golfer_group_58,38.027447,-84.469881,50340.0,golfer,1,#007cbf,,,,,,,,
golfer_group_59,38.027447,-84.469881,37080.0,golfer,1,#007cbf,,,,,,,,
golfer_group_59,38.02754627606764,-84.46962578282717,37140.0,golfer,1,#007cbf,,,,,,,,
golfer_group_59,38.02744283462056,-84.4692779685763,37200.0,golfer,1,#007cbf,,,,,,,,
golfer_group_59,38.02733939317348,-84.46893015432545,37260.0,golfer,1,#007cbf,,,,,,,,
golfer_group_59,38.0272359517264,-84.46858234007459,37320.0,golfer,1,#007cbf,,,,,,,,
golfer_group_59,38.027132510279316,-84.46823452582373,37380.0,golfer,1,#007cbf,,,,,,,,
golfer_group_59,38.027029068832235,-84.46788671157287,37440.0,golfer,1,#007cbf,,,,,,,,
golfer_group_59,38.026925627385154,-84.46753889732202,37500.0,golfer,1,#007cbf,,,,,,,,
golfer_group_59,38.02682218593807,-84.46719108307117,37560.0,golfer,1,#007cbf,,,,,,,,
golfer_group_59,38.026707885382585,-84.46684997010087,37620.0,golfer,1,#007cbf,,,,,,,,
golfer_group_59,38.0265563489919,-84.46653183579225,37680.0,golfer,1,#007cbf,,,,,,,,
golfer_group_59,38.02640481260122,-84.46621370148365,37740.0,golfer,1,#007cbf,,,,,,,,
golfer_group_59,38.02625327621054,-84.46589556717504,37800.0,golfer,1,#007cbf,,,,,,,,
golfer_group_59,38.026097865476636,-84.4655806681031,37860.0,golfer,1,#007cbf,,,,,,,,
golfer_group_59,38.02592778516153,-84.46527801873756,37920.0,golfer,4,#007cbf,,,,,,,,
golfer_group_59,38.02575770484643,-84.46497536937204,37980.0,golfer,2,#007cbf,,,,,,,,
golfer_group_59,38.02580429978306,-84.46478189846547,38040.0,golfer,2,#007cbf,,,,,,,,
golfer_group_59,38.02609158193444,-84.46470970518055,38100.0,golfer,2,#007cbf,,,,,,,,
golfer_group_59,38.02637886408582,-84.46463751189565,38160.0,golfer,2,#007cbf,,,,,,,,
golfer_group_59,38.0266661462372,-84.46456531861072,38220.0,golfer,2,#007cbf,,,,,,,,
golfer_group_59,38.02695342838857,-84.4644931253258,38280.0,golfer,2,#007cbf,,,,,,,,
golfer_group_59,38.02723262500985,-84.46440936561527,38340.0,golfer,2,#007cbf,,,,,,,,
golfer_group_59,38.02732323296244,-84.46405582806928,38400.0,golfer,2,#007cbf,,,,,,,,
golfer_group_59,38.027413840915024,-84.46370229052329,38460.0,golfer,3,#007cbf,,,,,,,,
golfer_group_59,38.02755613921936,-84.46339199540722,38520.0,golfer,3,#007cbf,,,,,,,,
golfer_group_59,38.02777631020529,-84.46314684598785,38580.0,golfer,3,#007cbf,,,,,,,,
golfer_group_59,38.027996481191224,-84.4629016965685,38640.0,golfer,3,#007cbf,,,,,,,,
golfer_group_59,38.028216652177164,-84.46265654714912,38700.0,golfer,3,#007cbf,,,,,,,,
golfer_group_59,38.0284368231631,-84.46241139772975,38760.0,golfer,3,#007cbf,,,,,,,,
golfer_group_59,38.02865699414903,-84.4621662483104,38820.0,golfer,3,#007cbf,,,,,,,,
golfer_group_59,38.02887716513497,-84.46192109889103,38880.0,golfer,3,#007cbf,,,,,,,,
golfer_group_59,38.029097336120905,-84.46167594947165,38940.0,golfer,3,#007cbf,,,,,,,,
golfer_group_59,38.02932048603734,-84.46143527844885,39000.0,golfer,3,#007cbf,,,,,,,,
golfer_group_59,38.02954781666501,-84.4612008925283,39060.0,golfer,3,#007cbf,,,,,,,,
golfer_group_59,38.029775147292675,-84.46096650660775,39120.0,golfer,3,#007cbf,,,,,,,,
golfer_group_59,38.03000247792034,-84.46073212068718,39180.0,golfer,3,#007cbf,,,,,,,,
golfer_group_59,38.03022980854801,-84.46049773476663,39240.0,golfer,3,#007cbf,,,,,,,,
golfer_group_59,38.03028198771919,-84.46029007968264,39300.0,golfer,3,#007cbf,,,,,,,,
golfer_group_59,38.030017377451664,-84.46013077159431,39360.0,golfer,4,#007cbf,,,,,,,,
golfer_group_59,38.02974997117584,-84.46003134117494,39420.0,golfer,4,#007cbf,,,,,,,,
golfer_group_59,38.029472388508275,-84.46014984237516,39480.0,golfer,4,#007cbf,,,,,,,,
golfer_group_59,38.02919480584071,-84.46026834357538,39540.0,golfer,4,#007cbf,,,,,,,,
golfer_group_59,38.02891722317315,-84.46038684477558,39600.0,golfer,4,#007cbf,,,,,,,,
golfer_group_59,38.02863964050559,-84.4605053459758,39660.0,golfer,4,#007cbf,,,,,,,,
golfer_group_59,38.02846819932939,-84.46074999771898,39720.0,golfer,4,#007cbf,,,,,,,,
golfer_group_59,38.028356651102726,-84.46108459413088,39780.0,golfer,4,#007cbf,,,,,,,,
golfer_group_59,38.028163251425084,-84.46136377382878,39840.0,golfer,4,#007cbf,,,,,,,,
golfer_group_59,38.02796985174745,-84.46164295352668,39900.0,golfer,4,#007cbf,,,,,,,,
golfer_group_59,38.02777645206981,-84.46192213322458,39960.0,golfer,4,#007cbf,,,,,,,,
golfer_group_59,38.027583052392174,-84.46220131292247,40020.0,golfer,4,#007cbf,,,,,,,,
golfer_group_59,38.02739313138997,-84.4624841808364,40080.0,golfer,4,#007cbf,,,,,,,,
golfer_group_59,38.02721114487077,-84.46277546117278,40140.0,golfer,4,#007cbf,,,,,,,,
golfer_group_59,38.02702915835156,-84.46306674150915,40200.0,golfer,4,#007cbf,,,,,,,,
golfer_group_59,38.02684717183235,-84.46335802184554,40260.0,golfer,4,#007cbf,,,,,,,,
golfer_group_59,38.027030664719845,-84.46345337202217,40320.0,golfer,4,#007cbf,,,,,,,,
golfer_group_59,38.02732202605173,-84.46349089491457,40380.0,golfer,3,#007cbf,,,,,,,,
golfer_group_59,38.02761338738361,-84.46352841780696,40440.0,golfer,3,#007cbf,,,,,,,,
golfer_group_59,38.02787761975422,-84.46365295047241,40500.0,golfer,4,#007cbf,,,,,,,,
golfer_group_59,38.02811027773896,-84.46387875056652,40560.0,golfer,4,#007cbf,,,,,,,,
golfer_group_59,38.02834293572369,-84.46410455066062,40620.0,golfer,4,#007cbf,,,,,,,,
golfer_group_59,38.028575593708425,-84.46433035075472,40680.0,golfer,4,#007cbf,,,,,,,,
golfer_group_59,38.028808251693164,-84.46455615084882,40740.0,golfer,4,#007cbf,,,,,,,,
golfer_group_59,38.029040909677896,-84.46478195094294,40800.0,golfer,4,#007cbf,,,,,,,,
golfer_group_59,38.02927356766263,-84.46500775103704,40860.0,golfer,4,#007cbf,,,,,,,,
golfer_group_59,38.02950622564737,-84.46523355113113,40920.0,golfer,4,#007cbf,,,,,,,,
golfer_group_59,38.02975350361947,-84.4654282954189,40980.0,golfer,4,#007cbf,,,,,,,,
golfer_group_59,38.030020352724144,-84.46558146666777,41040.0,golfer,4,#007cbf,,,,,,,,
golfer_group_59,38.03028720182882,-84.46573463791665,41100.0,golfer,4,#007cbf,,,,,,,,
golfer_group_59,38.030554050933496,-84.46588780916554,41160.0,golfer,4,#007cbf,,,,,,,,
golfer_group_59,38.0308144451061,-84.46601508231271,41220.0,golfer,4,#007cbf,,,,,,,,
golfer_group_59,38.03096331555731,-84.46569490649415,41280.0,golfer,4,#007cbf,,,,,,,,
golfer_group_59,38.03100160851583,-84.46532942233877,41340.0,golfer,4,#007cbf,,,,,,,,
golfer_group_59,38.03102825601745,-84.4649591665407,41400.0,golfer,4,#007cbf,,,,,,,,
golfer_group_59,38.03105490351906,-84.46458891074262,41460.0,golfer,4,#007cbf,,,,,,,,
golfer_group_59,38.031081551020684,-84.46421865494455,41520.0,golfer,4,#007cbf,,,,,,,,
golfer_group_59,38.031108198522304,-84.46384839914647,41580.0,golfer,4,#007cbf,,,,,,,,
golfer_group_59,38.03113484602392,-84.4634781433484,41640.0,golfer,4,#007cbf,,,,,,,,
golfer_group_59,38.03116149352554,-84.46310788755032,41700.0,golfer,4,#007cbf,,,,,,,,
golfer_group_59,38.031127268705696,-84.46274982308951,41760.0,golfer,4,#007cbf,,,,,,,,
golfer_group_59,38.031012137391194,-84.4624079623538,41820.0,golfer,4,#007cbf,,,,,,,,
golfer_group_59,38.03089700607669,-84.46206610161808,41880.0,golfer,4,#007cbf,,,,,,,,
golfer_group_59,38.0307818747622,-84.46172424088235,41940.0,golfer,4,#007cbf,,,,,,,,
golfer_group_59,38.030666743447696,-84.46138238014663,42000.0,golfer,4,#007cbf,,,,,,,,
golfer_group_59,38.030551612133195,-84.46104051941091,42060.0,golfer,4,#007cbf,,,,,,,,
golfer_group_59,38.03081531898336,-84.46091137688049,42120.0,golfer,4,#007cbf,,,,,,,,
golfer_group_59,38.0310279411826,-84.46098091912485,42180.0,golfer,4,#007cbf,,,,,,,,
golfer_group_59,38.03115090321037,-84.46131835889211,42240.0,golfer,4,#007cbf,,,,,,,,
golfer_group_59,38.031273865238134,-84.46165579865938,42300.0,golfer,4,#007cbf,,,,,,,,
golfer_group_59,38.03139682726591,-84.46199323842663,42360.0,golfer,4,#007cbf,,,,,,,,
golfer_group_59,38.031519789293675,-84.4623306781939,42420.0,golfer,4,#007cbf,,,,,,,,
golfer_group_59,38.03164275132144,-84.46266811796116,42480.0,golfer,4,#007cbf,,,,,,,,
golfer_group_59,38.03176571334921,-84.46300555772842,42540.0,golfer,4,#007cbf,,,,,,,,
golfer_group_59,38.031888675376976,-84.46334299749569,42600.0,golfer,4,#007cbf,,,,,,,,
golfer_group_59,38.031909837946635,-84.46368872876327,42660.0,golfer,4,#007cbf,,,,,,,,
golfer_group_59,38.03182184589159,-84.46404335060477,42720.0,golfer,4,#007cbf,,,,,,,,
golfer_group_59,38.03173385383655,-84.46439797244628,42780.0,golfer,4,#007cbf,,,,,,,,
golfer_group_59,38.031645861781506,-84.46475259428779,42840.0,golfer,4,#007cbf,,,,,,,,
golfer_group_59,38.03155786972646,-84.46510721612928,42900.0,golfer,4,#007cbf,,,,,,,,
golfer_group_59,38.03146987767142,-84.46546183797079,42960.0,golfer,4,#007cbf,,,,,,,,
golfer_group_59,38.03131864912918,-84.46576966145622,43020.0,golfer,4,#007cbf,,,,,,,,
golfer_group_59,38.0311189562348,-84.46604161874937,43080.0,golfer,4,#007cbf,,,,,,,,
golfer_group_59,38.030919263340415,-84.46631357604252,43140.0,golfer,4,#007cbf,,,,,,,,
golfer_group_59,38.030718115722834,-84.46658350967269,43200.0,golfer,4,#007cbf,,,,,,,,
golfer_group_59,38.0304866033238,-84.46681120290668,43260.0,golfer,4,#007cbf,,,,,,,,
golfer_group_59,38.030255090924776,-84.46703889614066,43320.0,golfer,4,#007cbf,,,,,,,,
golfer_group_59,38.03002357852575,-84.46726658937465,43380.0,golfer,4,#007cbf,,,,,,,,
golfer_group_59,38.02979206612672,-84.46749428260863,43440.0,golfer,4,#007cbf,,,,,,,,
golfer_group_59,38.02956055372769,-84.46772197584261,43500.0,golfer,4,#007cbf,,,,,,,,
golfer_group_59,38.02932904132866,-84.4679496690766,43560.0,golfer,4,#007cbf,,,,,,,,
golfer_group_59,38.02909752892963,-84.46817736231058,43620.0,golfer,4,#007cbf,,,,,,,,
golfer_group_59,38.0288660165306,-84.46840505554457,43680.0,golfer,4,#007cbf,,,,,,,,
golfer_group_59,38.02869804015225,-84.46870681462924,43740.0,golfer,4,#007cbf,,,,,,,,
golfer_group_59,38.028539024924726,-84.46901901999702,43800.0,golfer,4,#007cbf,,,,,,,,
golfer_group_59,38.0283800096972,-84.46933122536481,43860.0,golfer,4,#007cbf,,,,,,,,
golfer_group_59,38.028129065075696,-84.46949162304078,43920.0,golfer,4,#007cbf,,,,,,,,
golfer_group_59,38.02785052807789,-84.46960645602002,43980.0,golfer,1,#007cbf,,,,,,,,
golfer_group_59,38.027571991080094,-84.46972128899925,44040.0,golfer,1,#007cbf,,,,,,,,
golfer_group_59,38.02729345408229,-84.4698361219785,44100.0,golfer,4,#007cbf,,,,,,,,
golfer_group_59,38.027014917084486,-84.46995095495774,44160.0,golfer,4,#007cbf,,,,,,,,
golfer_group_59,38.02677219339408,-84.46990690842384,44220.0,golfer,4,#007cbf,,,,,,,,
golfer_group_59,38.026583670283,-84.46962241044099,44280.0,golfer,4,#007cbf,,,,,,,,
golfer_group_59,38.02639514717193,-84.46933791245814,44340.0,golfer,4,#007cbf,,,,,,,,
golfer_group_59,38.026206624060855,-84.4690534144753,44400.0,golfer,4,#007cbf,,,,,,,,
golfer_group_59,38.02601810094978,-84.46876891649245,44460.0,golfer,4,#007cbf,,,,,,,,
golfer_group_59,38.0258295778387,-84.4684844185096,44520.0,golfer,4,#007cbf,,,,,,,,
golfer_group_59,38.02564105472762,-84.46819992052676,44580.0,golfer,4,#007cbf,,,,,,,,
golfer_group_59,38.02539873776804,-84.4680332578427,44640.0,golfer,4,#007cbf,,,,,,,,
golfer_group_59,38.02511056304286,-84.46796704648648,44700.0,golfer,4,#007cbf,,,,,,,,
golfer_group_59,38.02482238831767,-84.46790083513027,44760.0,golfer,4,#007cbf,,,,,,,,
golfer_group_59,38.02466098715723,-84.46791926274804,44820.0,golfer,4,#007cbf,,,,,,,,
golfer_group_59,38.0248672597656,-84.46818316370741,44880.0,golfer,4,#007cbf,,,,,,,,
golfer_group_59,38.025073532373966,-84.46844706466678,44940.0,golfer,4,#007cbf,,,,,,,,
golfer_group_59,38.02498232223591,-84.46858500193528,45000.0,golfer,4,#007cbf,,,,,,,,
golfer_group_59,38.024692555469876,-84.46863886398934,45060.0,golfer,4,#007cbf,,,,,,,,
golfer_group_59,38.02440278870384,-84.4686927260434,45120.0,golfer,4,#007cbf,,,,,,,,
golfer_group_59,38.0241130219378,-84.46874658809746,45180.0,golfer,4,#007cbf,,,,,,,,
golfer_group_59,38.02382325517176,-84.46880045015152,45240.0,golfer,4,#007cbf,,,,,,,,
golfer_group_59,38.023533488405725,-84.46885431220558,45300.0,golfer,4,#007cbf,,,,,,,,
golfer_group_59,38.02325287292604,-84.46895459002404,45360.0,golfer,4,#007cbf,,,,,,,,
golfer_group_59,38.023120094224296,-84.46908677293466,45420.0,golfer,4,#007cbf,,,,,,,,
golfer_group_59,38.02338797984743,-84.46923698741324,45480.0,golfer,4,#007cbf,,,,,,,,
golfer_group_59,38.02365586547056,-84.46938720189182,45540.0,golfer,4,#007cbf,,,,,,,,
golfer_group_59,38.02392375109368,-84.4695374163704,45600.0,golfer,4,#007cbf,,,,,,,,
golfer_group_59,38.024191636716814,-84.46968763084898,45660.0,golfer,4,#007cbf,,,,,,,,
golfer_group_59,38.024459522339946,-84.46983784532756,45720.0,golfer,4,#007cbf,,,,,,,,
golfer_group_59,38.02472740796308,-84.46998805980614,45780.0,golfer,4,#007cbf,,,,,,,,
golfer_group_59,38.0249952935862,-84.47013827428472,45840.0,golfer,4,#007cbf,,,,,,,,
golfer_group_59,38.02526317920933,-84.4702884887633,45900.0,golfer,4,#007cbf,,,,,,,,
golfer_group_59,38.02549053793203,-84.47051685206469,45960.0,golfer,4,#007cbf,,,,,,,,
golfer_group_59,38.02570511747455,-84.47076985771169,46020.0,golfer,4,#007cbf,,,,,,,,
golfer_group_59,38.025919697017066,-84.4710228633587,46080.0,golfer,4,#007cbf,,,,,,,,
golfer_group_59,38.02613427655959,-84.4712758690057,46140.0,golfer,4,#007cbf,,,,,,,,
golfer_group_59,38.02634885610211,-84.4715288746527,46200.0,golfer,4,#007cbf,,,,,,,,
golfer_group_59,38.026563435644626,-84.4717818802997,46260.0,golfer,4,#007cbf,,,,,,,,
golfer_group_59,38.02678243981026,-84.47202860408251,46320.0,golfer,4,#007cbf,,,,,,,,
golfer_group_59,38.02668611647238,-84.47218057293104,46380.0,golfer,4,#007cbf,,,,,,,,
golfer_group_59,38.02640386024167,-84.4722796932027,46440.0,golfer,4,#007cbf,,,,,,,,
golfer_group_59,38.02612160401096,-84.47237881347434,46500.0,golfer,4,#007cbf,,,,,,,,
golfer_group_59,38.02583934778024,-84.47247793374599,46560.0,golfer,4,#007cbf,,,,,,,,
golfer_group_59,38.02555709154953,-84.47257705401765,46620.0,golfer,4,#007cbf,,,,,,,,
golfer_group_59,38.025278899056985,-84.47258808504574,46680.0,golfer,4,#007cbf,,,,,,,,
golfer_group_59,38.02505413568005,-84.47238241246707,46740.0,golfer,4,#007cbf,,,,,,,,
golfer_group_59,38.02491621232278,-84.47205445775451,46800.0,golfer,4,#007cbf,,,,,,,,
golfer_group_59,38.02477828896551,-84.47172650304194,46860.0,golfer,4,#007cbf,,,,,,,,
golfer_group_59,38.024640365608235,-84.47139854832938,46920.0,golfer,4,#007cbf,,,,,,,,
golfer_group_59,38.02450244225096,-84.4710705936168,46980.0,golfer,4,#007cbf,,,,,,,,
golfer_group_59,38.02436451889369,-84.47074263890424,47040.0,golfer,4,#007cbf,,,,,,,,
golfer_group_59,38.02422659553642,-84.47041468419167,47100.0,golfer,4,#007cbf,,,,,,,,
golfer_group_59,38.02408867217915,-84.4700867294791,47160.0,golfer,4,#007cbf,,,,,,,,
golfer_group_59,38.023830177494666,-84.46991493651929,47220.0,golfer,4,#007cbf,,,,,,,,
golfer_group_59,38.02356911857893,-84.46974646470437,47280.0,golfer,4,#007cbf,,,,,,,,
golfer_group_59,38.0233080596632,-84.46957799288944,47340.0,golfer,4,#007cbf,,,,,,,,
golfer_group_59,38.02304700074746,-84.46940952107451,47400.0,golfer,4,#007cbf,,,,,,,,
golfer_group_59,38.0227847606833,-84.46924457405959,47460.0,golfer,4,#007cbf,,,,,,,,
golfer_group_59,38.02250809559787,-84.46912267439926,47520.0,golfer,4,#007cbf,,,,,,,,
golfer_group_59,38.022527943550884,-84.46893235209967,47580.0,golfer,4,#007cbf,,,,,,,,
golfer_group_59,38.02275311404551,-84.46869465006165,47640.0,golfer,4,#007cbf,,,,,,,,
golfer_group_59,38.02297828454014,-84.46845694802364,47700.0,golfer,4,#007cbf,,,,,,,,
golfer_group_59,38.02320345503476,-84.46821924598564,47760.0,golfer,4,#007cbf,,,,,,,,
golfer_group_59,38.023428625529384,-84.46798154394763,47820.0,golfer,4,#007cbf,,,,,,,,
golfer_group_59,38.02365379602401,-84.46774384190961,47880.0,golfer,4,#007cbf,,,,,,,,
golfer_group_59,38.02387896651864,-84.4675061398716,47940.0,golfer,4,#007cbf,,,,,,,,
golfer_group_59,38.02410413701326,-84.4672684378336,48000.0,golfer,4,#007cbf,,,,,,,,
golfer_group_59,38.024329307507884,-84.46703073579559,48060.0,golfer,4,#007cbf,,,,,,,,
golfer_group_59,38.024516630016976,-84.46674714202182,48120.0,golfer,4,#007cbf,,,,,,,,
golfer_group_59,38.02469334505099,-84.4664506863893,48180.0,golfer,4,#007cbf,,,,,,,,
golfer_group_59,38.02487006008501,-84.46615423075679,48240.0,golfer,4,#007cbf,,,,,,,,
golfer_group_59,38.02504677511902,-84.46585777512426,48300.0,golfer,4,#007cbf,,,,,,,,
golfer_group_59,38.02525798622544,-84.46562593134438,48360.0,golfer,4,#007cbf,,,,,,,,
golfer_group_59,38.025540368765746,-84.46552739312297,48420.0,golfer,4,#007cbf,,,,,,,,
golfer_group_59,38.02582275130605,-84.46542885490156,48480.0,golfer,4,#007cbf,,,,,,,,
golfer_group_59,38.02610513384636,-84.46533031668015,48540.0,golfer,4,#007cbf,,,,,,,,
golfer_group_59,38.02637936666449,-84.46537020680762,48600.0,golfer,4,#007cbf,,,,,,,,
golfer_group_59,38.02664707383,-84.4655209394031,48660.0,golfer,4,#007cbf,,,,,,,,
golfer_group_59,38.026914780995504,-84.46567167199859,48720.0,golfer,4,#007cbf,,,,,,,,
golfer_group_59,38.02718248816101,-84.46582240459409,48780.0,golfer,4,#007cbf,,,,,,,,
golfer_group_59,38.027450195326516,-84.46597313718958,48840.0,golfer,4,#007cbf,,,,,,,,
golfer_group_59,38.02771790249202,-84.46612386978506,48900.0,golfer,4,#007cbf,,,,,,,,
golfer_group_59,38.027985609657534,-84.46627460238055,48960.0,golfer,4,#007cbf,,,,,,,,
golfer_group_59,38.02825331682304,-84.46642533497604,49020.0,golfer,4,#007cbf,,,,,,,,
golfer_group_59,38.02854411583699,-84.46643446747252,49080.0,golfer,4,#007cbf,,,,,,,,
golfer_group_59,38.02883696025459,-84.46643105747557,49140.0,golfer,4,#007cbf,,,,,,,,
golfer_group_59,38.02912980467218,-84.46642764747862,49200.0,golfer,4,#007cbf,,,,,,,,
golfer_group_59,38.029422649089774,-84.46642423748168,49260.0,golfer,4,#007cbf,,,,,,,,
golfer_group_59,38.029714660100595,-84.46640554510962,49320.0,golfer,4,#007cbf,,,,,,,,
golfer_group_59,38.03000508074206,-84.46635768976212,49380.0,golfer,4,#007cbf,,,,,,,,
golfer_group_59,38.03029550138352,-84.46630983441462,49440.0,golfer,4,#007cbf,,,,,,,,
golfer_group_59,38.03034421537664,-84.46623396436489,49500.0,golfer,4,#007cbf,,,,,,,,
golfer_group_59,38.0300654222068,-84.4661201350132,49560.0,golfer,4,#007cbf,,,,,,,,
golfer_group_59,38.02978662903697,-84.46600630566151,49620.0,golfer,4,#007cbf,,,,,,,,
golfer_group_59,38.02950783586713,-84.46589247630982,49680.0,golfer,4,#007cbf,,,,,,,,
golfer_group_59,38.029229042697295,-84.46577864695813,49740.0,golfer,4,#007cbf,,,,,,,,
golfer_group_59,38.02895024952746,-84.46566481760644,49800.0,golfer,4,#007cbf,,,,,,,,
golfer_group_59,38.02867145635763,-84.46555098825475,49860.0,golfer,4,#007cbf,,,,,,,,
golfer_group_59,38.02839266318779,-84.46543715890306,49920.0,golfer,4,#007cbf,,,,,,,,
golfer_group_59,38.02811294382565,-84.46532834232956,49980.0,golfer,4,#007cbf,,,,,,,,
golfer_group_59,38.02782336017175,-84.46527291370359,50040.0,golfer,4,#007cbf,,,,,,,,
golfer_group_59,38.02753377651786,-84.46521748507763,50100.0,golfer,4,#007cbf,,,,,,,,
golfer_group_59,38.027244192863975,-84.46516205645167,50160.0,golfer,4,#007cbf,,,,,,,,
golfer_group_59,38.02695460921009,-84.46510662782572,50220.0,golfer,4,#007cbf,,,,,,,,
golfer_group_59,38.02666502555619,-84.46505119919976,50280.0,golfer,4,#007cbf,,,,,,,,
golfer_group_59,38.02637326063661,-84.4650346343973,50340.0,golfer,4,#007cbf,,,,,,,,
golfer_group_59,38.02608041188864,-84.46503738027086,50400.0,golfer,4,#007cbf,,,,,,,,
golfer_group_59,38.025787563140675,-84.46504012614442,50460.0,golfer,2,#007cbf,,,,,,,,
golfer_group_59,38.025494714392714,-84.46504287201797,50520.0,golfer,4,#007cbf,,,,,,,,
golfer_group_59,38.02556401049359,-84.4653626218534,50580.0,golfer,4,#007cbf,,,,,,,,
golfer_group_59,38.025666096931715,-84.46571107475296,50640.0,golfer,4,#007cbf,,,,,,,,
golfer_group_59,38.02576818336984,-84.46605952765252,50700.0,golfer,4,#007cbf,,,,,,,,
golfer_group_59,38.02587026980797,-84.46640798055208,50760.0,golfer,4,#007cbf,,,,,,,,
golfer_group_59,38.02597235624609,-84.46675643345164,50820.0,golfer,4,#007cbf,,,,,,,,
golfer_group_59,38.02607444268422,-84.46710488635118,50880.0,golfer,4,#007cbf,,,,,,,,
golfer_group_59,38.026176529122345,-84.46745333925074,50940.0,golfer,4,#007cbf,,,,,,,,
golfer_group_59,38.02627861556047,-84.4678017921503,51000.0,golfer,4,#007cbf,,,,,,,,
golfer_group_59,38.026391551516966,-84.46814347235242,51060.0,golfer,4,#007cbf,,,,,,,,
golfer_group_59,38.0265466275618,-84.46845884704874,51120.0,golfer,4,#007cbf,,,,,,,,
golfer_group_59,38.02670170360664,-84.46877422174504,51180.0,golfer,4,#007cbf,,,,,,,,
golfer_group_59,38.02685677965148,-84.46908959644135,51240.0,golfer,4,#007cbf,,,,,,,,
golfer_group_59,38.027011855696315,-84.46940497113766,51300.0,golfer,4,#007cbf,,,,,,,,
golfer_group_59,38.027202562026105,-84.46967624119414,51360.0,golfer,4,#007cbf,,,,,,,,
golfer_group_59,38.027447,-84.469881,51420.0,golfer,1,#007cbf,,,,,,,,
golfer_group_6,38.027447,-84.469881,5100.0,golfer,1,#007cbf,,,,,,,,
golfer_group_6,38.02754627606764,-84.46962578282717,5160.0,golfer,1,#007cbf,,,,,,,,
golfer_group_6,38.02744283462056,-84.4692779685763,5220.0,golfer,1,#007cbf,,,,,,,,
golfer_group_6,38.02733939317348,-84.46893015432545,5280.0,golfer,1,#007cbf,,,,,,,,
golfer_group_6,38.0272359517264,-84.46858234007459,5340.0,golfer,1,#007cbf,,,,,,,,
golfer_group_6,38.027132510279316,-84.46823452582373,5400.0,golfer,1,#007cbf,,,,,,,,
golfer_group_6,38.027029068832235,-84.46788671157287,5460.0,golfer,1,#007cbf,,,,,,,,
golfer_group_6,38.026925627385154,-84.46753889732202,5520.0,golfer,1,#007cbf,,,,,,,,
golfer_group_6,38.02682218593807,-84.46719108307117,5580.0,golfer,1,#007cbf,,,,,,,,
golfer_group_6,38.026707885382585,-84.46684997010087,5640.0,golfer,1,#007cbf,,,,,,,,
golfer_group_6,38.0265563489919,-84.46653183579225,5700.0,golfer,1,#007cbf,,,,,,,,
golfer_group_6,38.02640481260122,-84.46621370148365,5760.0,golfer,1,#007cbf,,,,,,,,
golfer_group_6,38.02625327621054,-84.46589556717504,5820.0,golfer,1,#007cbf,,,,,,,,
golfer_group_6,38.026097865476636,-84.4655806681031,5880.0,golfer,1,#007cbf,,,,,,,,
golfer_group_6,38.02592778516153,-84.46527801873756,5940.0,golfer,4,#007cbf,,,,,,,,
golfer_group_6,38.02575770484643,-84.46497536937204,6000.0,golfer,2,#007cbf,,,,,,,,
golfer_group_6,38.02580429978306,-84.46478189846547,6060.0,golfer,2,#007cbf,,,,,,,,
golfer_group_6,38.02609158193444,-84.46470970518055,6120.0,golfer,2,#007cbf,,,,,,,,
golfer_group_6,38.02637886408582,-84.46463751189565,6180.0,golfer,2,#007cbf,,,,,,,,
golfer_group_6,38.0266661462372,-84.46456531861072,6240.0,golfer,2,#007cbf,,,,,,,,
golfer_group_6,38.02695342838857,-84.4644931253258,6300.0,golfer,2,#007cbf,,,,,,,,
golfer_group_6,38.02723262500985,-84.46440936561527,6360.0,golfer,2,#007cbf,,,,,,,,
golfer_group_6,38.02732323296244,-84.46405582806928,6420.0,golfer,2,#007cbf,,,,,,,,
golfer_group_6,38.027413840915024,-84.46370229052329,6480.0,golfer,3,#007cbf,,,,,,,,
golfer_group_6,38.02755613921936,-84.46339199540722,6540.0,golfer,3,#007cbf,,,,,,,,
golfer_group_6,38.02777631020529,-84.46314684598785,6600.0,golfer,3,#007cbf,,,,,,,,
golfer_group_6,38.027996481191224,-84.4629016965685,6660.0,golfer,3,#007cbf,,,,,,,,
golfer_group_6,38.028216652177164,-84.46265654714912,6720.0,golfer,3,#007cbf,,,,,,,,
golfer_group_6,38.0284368231631,-84.46241139772975,6780.0,golfer,3,#007cbf,,,,,,,,
golfer_group_6,38.02865699414903,-84.4621662483104,6840.0,golfer,3,#007cbf,,,,,,,,
golfer_group_6,38.02887716513497,-84.46192109889103,6900.0,golfer,3,#007cbf,,,,,,,,
golfer_group_6,38.029097336120905,-84.46167594947165,6960.0,golfer,3,#007cbf,,,,,,,,
golfer_group_6,38.02932048603734,-84.46143527844885,7020.0,golfer,3,#007cbf,,,,,,,,
golfer_group_6,38.02954781666501,-84.4612008925283,7080.0,golfer,3,#007cbf,,,,,,,,
golfer_group_6,38.029775147292675,-84.46096650660775,7140.0,golfer,3,#007cbf,,,,,,,,
golfer_group_6,38.03000247792034,-84.46073212068718,7200.0,golfer,3,#007cbf,,,,,,,,
golfer_group_6,38.03022980854801,-84.46049773476663,7260.0,golfer,3,#007cbf,,,,,,,,
golfer_group_6,38.03028198771919,-84.46029007968264,7320.0,golfer,3,#007cbf,,,,,,,,
golfer_group_6,38.030017377451664,-84.46013077159431,7380.0,golfer,4,#007cbf,,,,,,,,
golfer_group_6,38.02974997117584,-84.46003134117494,7440.0,golfer,4,#007cbf,,,,,,,,
golfer_group_6,38.029472388508275,-84.46014984237516,7500.0,golfer,4,#007cbf,,,,,,,,
golfer_group_6,38.02919480584071,-84.46026834357538,7560.0,golfer,4,#007cbf,,,,,,,,
golfer_group_6,38.02891722317315,-84.46038684477558,7620.0,golfer,4,#007cbf,,,,,,,,
golfer_group_6,38.02863964050559,-84.4605053459758,7680.0,golfer,4,#007cbf,,,,,,,,
golfer_group_6,38.02846819932939,-84.46074999771898,7740.0,golfer,4,#007cbf,,,,,,,,
golfer_group_6,38.028356651102726,-84.46108459413088,7800.0,golfer,4,#007cbf,,,,,,,,
golfer_group_6,38.028163251425084,-84.46136377382878,7860.0,golfer,4,#007cbf,,,,,,,,
golfer_group_6,38.02796985174745,-84.46164295352668,7920.0,golfer,4,#007cbf,,,,,,,,
golfer_group_6,38.02777645206981,-84.46192213322458,7980.0,golfer,4,#007cbf,,,,,,,,
golfer_group_6,38.027583052392174,-84.46220131292247,8040.0,golfer,4,#007cbf,,,,,,,,
golfer_group_6,38.02739313138997,-84.4624841808364,8100.0,golfer,4,#007cbf,,,,,,,,
golfer_group_6,38.02721114487077,-84.46277546117278,8160.0,golfer,4,#007cbf,,,,,,,,
golfer_group_6,38.02702915835156,-84.46306674150915,8220.0,golfer,4,#007cbf,,,,,,,,
golfer_group_6,38.02684717183235,-84.46335802184554,8280.0,golfer,4,#007cbf,,,,,,,,
golfer_group_6,38.027030664719845,-84.46345337202217,8340.0,golfer,4,#007cbf,,,,,,,,
golfer_group_6,38.02732202605173,-84.46349089491457,8400.0,golfer,3,#007cbf,,,,,,,,
golfer_group_6,38.02761338738361,-84.46352841780696,8460.0,golfer,3,#007cbf,,,,,,,,
golfer_group_6,38.02787761975422,-84.46365295047241,8520.0,golfer,4,#007cbf,,,,,,,,
golfer_group_6,38.02811027773896,-84.46387875056652,8580.0,golfer,4,#007cbf,,,,,,,,
golfer_group_6,38.02834293572369,-84.46410455066062,8640.0,golfer,4,#007cbf,,,,,,,,
golfer_group_6,38.028575593708425,-84.46433035075472,8700.0,golfer,4,#007cbf,,,,,,,,
golfer_group_6,38.028808251693164,-84.46455615084882,8760.0,golfer,4,#007cbf,,,,,,,,
golfer_group_6,38.029040909677896,-84.46478195094294,8820.0,golfer,4,#007cbf,,,,,,,,
golfer_group_6,38.02927356766263,-84.46500775103704,8880.0,golfer,4,#007cbf,,,,,,,,
golfer_group_6,38.02950622564737,-84.46523355113113,8940.0,golfer,4,#007cbf,,,,,,,,
golfer_group_6,38.02975350361947,-84.4654282954189,9000.0,golfer,4,#007cbf,,,,,,,,
golfer_group_6,38.030020352724144,-84.46558146666777,9060.0,golfer,4,#007cbf,,,,,,,,
golfer_group_6,38.03028720182882,-84.46573463791665,9120.0,golfer,4,#007cbf,,,,,,,,
golfer_group_6,38.030554050933496,-84.46588780916554,9180.0,golfer,4,#007cbf,,,,,,,,
golfer_group_6,38.0308144451061,-84.46601508231271,9240.0,golfer,4,#007cbf,,,,,,,,
golfer_group_6,38.03096331555731,-84.46569490649415,9300.0,golfer,4,#007cbf,,,,,,,,
golfer_group_6,38.03100160851583,-84.46532942233877,9360.0,golfer,4,#007cbf,,,,,,,,
golfer_group_6,38.03102825601745,-84.4649591665407,9420.0,golfer,4,#007cbf,,,,,,,,
golfer_group_6,38.03105490351906,-84.46458891074262,9480.0,golfer,4,#007cbf,,,,,,,,
golfer_group_6,38.031081551020684,-84.46421865494455,9540.0,golfer,4,#007cbf,,,,,,,,
golfer_group_6,38.031108198522304,-84.46384839914647,9600.0,golfer,4,#007cbf,,,,,,,,
golfer_group_6,38.03113484602392,-84.4634781433484,9660.0,golfer,4,#007cbf,,,,,,,,
golfer_group_6,38.03116149352554,-84.46310788755032,9720.0,golfer,4,#007cbf,,,,,,,,
golfer_group_6,38.031127268705696,-84.46274982308951,9780.0,golfer,4,#007cbf,,,,,,,,
golfer_group_6,38.031012137391194,-84.4624079623538,9840.0,golfer,4,#007cbf,,,,,,,,
golfer_group_6,38.03089700607669,-84.46206610161808,9900.0,golfer,4,#007cbf,,,,,,,,
golfer_group_6,38.0307818747622,-84.46172424088235,9960.0,golfer,4,#007cbf,,,,,,,,
golfer_group_6,38.030666743447696,-84.46138238014663,10020.0,golfer,4,#007cbf,,,,,,,,
golfer_group_6,38.030551612133195,-84.46104051941091,10080.0,golfer,4,#007cbf,,,,,,,,
golfer_group_6,38.03081531898336,-84.46091137688049,10140.0,golfer,4,#007cbf,,,,,,,,
golfer_group_6,38.0310279411826,-84.46098091912485,10200.0,golfer,4,#007cbf,,,,,,,,
golfer_group_6,38.03115090321037,-84.46131835889211,10260.0,golfer,4,#007cbf,,,,,,,,
golfer_group_6,38.031273865238134,-84.46165579865938,10320.0,golfer,4,#007cbf,,,,,,,,
golfer_group_6,38.03139682726591,-84.46199323842663,10380.0,golfer,4,#007cbf,,,,,,,,
golfer_group_6,38.031519789293675,-84.4623306781939,10440.0,golfer,4,#007cbf,,,,,,,,
golfer_group_6,38.03164275132144,-84.46266811796116,10500.0,golfer,4,#007cbf,,,,,,,,
golfer_group_6,38.03176571334921,-84.46300555772842,10560.0,golfer,4,#007cbf,,,,,,,,
golfer_group_6,38.031888675376976,-84.46334299749569,10620.0,golfer,4,#007cbf,,,,,,,,
golfer_group_6,38.031909837946635,-84.46368872876327,10680.0,golfer,4,#007cbf,,,,,,,,
golfer_group_6,38.03182184589159,-84.46404335060477,10740.0,golfer,4,#007cbf,,,,,,,,
golfer_group_6,38.03173385383655,-84.46439797244628,10800.0,golfer,4,#007cbf,,,,,,,,
golfer_group_6,38.031645861781506,-84.46475259428779,10860.0,golfer,4,#007cbf,,,,,,,,
golfer_group_6,38.03155786972646,-84.46510721612928,10920.0,golfer,4,#007cbf,,,,,,,,
golfer_group_6,38.03146987767142,-84.46546183797079,10980.0,golfer,4,#007cbf,,,,,,,,
golfer_group_6,38.03131864912918,-84.46576966145622,11040.0,golfer,4,#007cbf,,,,,,,,
golfer_group_6,38.0311189562348,-84.46604161874937,11100.0,golfer,4,#007cbf,,,,,,,,
golfer_group_6,38.030919263340415,-84.46631357604252,11160.0,golfer,4,#007cbf,,,,,,,,
golfer_group_6,38.030718115722834,-84.46658350967269,11220.0,golfer,4,#007cbf,,,,,,,,
golfer_group_6,38.0304866033238,-84.46681120290668,11280.0,golfer,4,#007cbf,,,,,,,,
golfer_group_6,38.030255090924776,-84.46703889614066,11340.0,golfer,4,#007cbf,,,,,,,,
golfer_group_6,38.03002357852575,-84.46726658937465,11400.0,golfer,4,#007cbf,,,,,,,,
golfer_group_6,38.02979206612672,-84.46749428260863,11460.0,golfer,4,#007cbf,,,,,,,,
golfer_group_6,38.02956055372769,-84.46772197584261,11520.0,golfer,4,#007cbf,,,,,,,,
golfer_group_6,38.02932904132866,-84.4679496690766,11580.0,golfer,4,#007cbf,,,,,,,,
golfer_group_6,38.02909752892963,-84.46817736231058,11640.0,golfer,4,#007cbf,,,,,,,,
golfer_group_6,38.0288660165306,-84.46840505554457,11700.0,golfer,4,#007cbf,,,,,,,,
golfer_group_6,38.02869804015225,-84.46870681462924,11760.0,golfer,4,#007cbf,,,,,,,,
golfer_group_6,38.028539024924726,-84.46901901999702,11820.0,golfer,4,#007cbf,,,,,,,,
golfer_group_6,38.0283800096972,-84.46933122536481,11880.0,golfer,4,#007cbf,,,,,,,,
golfer_group_6,38.028129065075696,-84.46949162304078,11940.0,golfer,4,#007cbf,,,,,,,,
golfer_group_6,38.02785052807789,-84.46960645602002,12000.0,golfer,1,#007cbf,,,,,,,,
golfer_group_6,38.027571991080094,-84.46972128899925,12060.0,golfer,1,#007cbf,,,,,,,,
golfer_group_6,38.02729345408229,-84.4698361219785,12120.0,golfer,4,#007cbf,,,,,,,,
golfer_group_6,38.027014917084486,-84.46995095495774,12180.0,golfer,4,#007cbf,,,,,,,,
golfer_group_6,38.02677219339408,-84.46990690842384,12240.0,golfer,4,#007cbf,,,,,,,,
golfer_group_6,38.026583670283,-84.46962241044099,12300.0,golfer,4,#007cbf,,,,,,,,
golfer_group_6,38.02639514717193,-84.46933791245814,12360.0,golfer,4,#007cbf,,,,,,,,
golfer_group_6,38.026206624060855,-84.4690534144753,12420.0,golfer,4,#007cbf,,,,,,,,
golfer_group_6,38.02601810094978,-84.46876891649245,12480.0,golfer,4,#007cbf,,,,,,,,
golfer_group_6,38.0258295778387,-84.4684844185096,12540.0,golfer,4,#007cbf,,,,,,,,
golfer_group_6,38.02564105472762,-84.46819992052676,12600.0,golfer,4,#007cbf,,,,,,,,
golfer_group_6,38.02539873776804,-84.4680332578427,12660.0,golfer,4,#007cbf,,,,,,,,
golfer_group_6,38.02511056304286,-84.46796704648648,12720.0,golfer,4,#007cbf,,,,,,,,
golfer_group_6,38.02482238831767,-84.46790083513027,12780.0,golfer,4,#007cbf,,,,,,,,
golfer_group_6,38.02466098715723,-84.46791926274804,12840.0,golfer,4,#007cbf,,,,,,,,
golfer_group_6,38.0248672597656,-84.46818316370741,12900.0,golfer,4,#007cbf,,,,,,,,
golfer_group_6,38.025073532373966,-84.46844706466678,12960.0,golfer,4,#007cbf,,,,,,,,
golfer_group_6,38.02498232223591,-84.46858500193528,13020.0,golfer,4,#007cbf,,,,,,,,
golfer_group_6,38.024692555469876,-84.46863886398934,13080.0,golfer,4,#007cbf,,,,,,,,
golfer_group_6,38.02440278870384,-84.4686927260434,13140.0,golfer,4,#007cbf,,,,,,,,
golfer_group_6,38.0241130219378,-84.46874658809746,13200.0,golfer,4,#007cbf,,,,,,,,
golfer_group_6,38.02382325517176,-84.46880045015152,13260.0,golfer,4,#007cbf,,,,,,,,
golfer_group_6,38.023533488405725,-84.46885431220558,13320.0,golfer,4,#007cbf,,,,,,,,
golfer_group_6,38.02325287292604,-84.46895459002404,13380.0,golfer,4,#007cbf,,,,,,,,
golfer_group_6,38.023120094224296,-84.46908677293466,13440.0,golfer,4,#007cbf,,,,,,,,
golfer_group_6,38.02338797984743,-84.46923698741324,13500.0,golfer,4,#007cbf,,,,,,,,
golfer_group_6,38.02365586547056,-84.46938720189182,13560.0,golfer,4,#007cbf,,,,,,,,
golfer_group_6,38.02392375109368,-84.4695374163704,13620.0,golfer,4,#007cbf,,,,,,,,
golfer_group_6,38.024191636716814,-84.46968763084898,13680.0,golfer,4,#007cbf,,,,,,,,
golfer_group_6,38.024459522339946,-84.46983784532756,13740.0,golfer,4,#007cbf,,,,,,,,
golfer_group_6,38.02472740796308,-84.46998805980614,13800.0,golfer,4,#ffe6cc,,,,,,,,
golfer_group_6,38.0249952935862,-84.47013827428472,13860.0,golfer,4,#ffe6cc,,,,,,,,
golfer_group_6,38.02526317920933,-84.4702884887633,13920.0,golfer,4,#ffe6cc,,,,,,,,
golfer_group_6,38.02549053793203,-84.47051685206469,13980.0,golfer,4,#ffe6cc,,,,,,,,
golfer_group_6,38.02570511747455,-84.47076985771169,14040.0,golfer,4,#ffe6cc,,,,,,,,
golfer_group_6,38.025919697017066,-84.4710228633587,14100.0,golfer,4,#ffe6cc,,,,,,,,
golfer_group_6,38.02613427655959,-84.4712758690057,14160.0,golfer,4,#ffe6cc,,,,,,,,
golfer_group_6,38.02634885610211,-84.4715288746527,14220.0,golfer,4,#ffe6cc,,,,,,,,
golfer_group_6,38.026563435644626,-84.4717818802997,14280.0,golfer,4,#ffe6cc,,,,,,,,
golfer_group_6,38.02678243981026,-84.47202860408251,14340.0,golfer,4,#ffe6cc,,,,,,,,
golfer_group_6,38.02668611647238,-84.47218057293104,14400.0,golfer,4,#ffcc99,,,,,,,,
golfer_group_6,38.02640386024167,-84.4722796932027,14460.0,golfer,4,#ffcc99,,,,,,,,
golfer_group_6,38.02612160401096,-84.47237881347434,14520.0,golfer,4,#ffcc99,,,,,,,,
golfer_group_6,38.02583934778024,-84.47247793374599,14580.0,golfer,4,#ffcc99,,,,,,,,
golfer_group_6,38.02555709154953,-84.47257705401765,14640.0,golfer,4,#ffcc99,,,,,,,,
golfer_group_6,38.025278899056985,-84.47258808504574,14700.0,golfer,4,#ffcc99,,,,,,,,
golfer_group_6,38.02505413568005,-84.47238241246707,14760.0,golfer,4,#ffcc99,,,,,,,,
golfer_group_6,38.02491621232278,-84.47205445775451,14820.0,golfer,4,#ffcc99,,,,,,,,
golfer_group_6,38.02477828896551,-84.47172650304194,14880.0,golfer,4,#00b894,,,,,,,,
golfer_group_6,38.024640365608235,-84.47139854832938,14940.0,golfer,4,#00b894,,,,,,,,
golfer_group_6,38.02450244225096,-84.4710705936168,15000.0,golfer,4,#00b894,,,,,,,,
golfer_group_6,38.02436451889369,-84.47074263890424,15060.0,golfer,4,#00b894,,,,,,,,
golfer_group_6,38.02422659553642,-84.47041468419167,15120.0,golfer,4,#00b894,,,,,,,,
golfer_group_6,38.02408867217915,-84.4700867294791,15180.0,golfer,4,#00b894,,,,,,,,
golfer_group_6,38.023830177494666,-84.46991493651929,15240.0,golfer,4,#00b894,,,,,,,,
golfer_group_6,38.02356911857893,-84.46974646470437,15300.0,golfer,4,#00b894,,,,,,,,
golfer_group_6,38.0233080596632,-84.46957799288944,15360.0,golfer,4,#00b894,,,,,,,,
golfer_group_6,38.02304700074746,-84.46940952107451,15420.0,golfer,4,#00b894,,,,,,,,
golfer_group_6,38.0227847606833,-84.46924457405959,15480.0,golfer,4,#00b894,,,,,,,,
golfer_group_6,38.02250809559787,-84.46912267439926,15540.0,golfer,4,#00b894,,,,,,,,
golfer_group_6,38.022527943550884,-84.46893235209967,15600.0,golfer,4,#00b894,,,,,,,,
golfer_group_6,38.02275311404551,-84.46869465006165,15660.0,golfer,4,#00b894,,,,,,,,
golfer_group_6,38.02297828454014,-84.46845694802364,15720.0,golfer,4,#00b894,,,,,,,,
golfer_group_6,38.02320345503476,-84.46821924598564,15780.0,golfer,4,#00b894,,,,,,,,
golfer_group_6,38.023428625529384,-84.46798154394763,15840.0,golfer,4,#00b894,,,,,,,,
golfer_group_6,38.02365379602401,-84.46774384190961,15900.0,golfer,4,#00b894,,,,,,,,
golfer_group_6,38.02387896651864,-84.4675061398716,15960.0,golfer,4,#00b894,,,,,,,,
golfer_group_6,38.02410413701326,-84.4672684378336,16020.0,golfer,4,#00b894,,,,,,,,
golfer_group_6,38.024329307507884,-84.46703073579559,16080.0,golfer,4,#00b894,,,,,,,,
golfer_group_6,38.024516630016976,-84.46674714202182,16140.0,golfer,4,#00b894,,,,,,,,
golfer_group_6,38.02469334505099,-84.4664506863893,16200.0,golfer,4,#00b894,,,,,,,,
golfer_group_6,38.02487006008501,-84.46615423075679,16260.0,golfer,4,#00b894,,,,,,,,
golfer_group_6,38.02504677511902,-84.46585777512426,16320.0,golfer,4,#00b894,,,,,,,,
golfer_group_6,38.02525798622544,-84.46562593134438,16380.0,golfer,4,#00b894,,,,,,,,
golfer_group_6,38.025540368765746,-84.46552739312297,16440.0,golfer,4,#00b894,,,,,,,,
golfer_group_6,38.02582275130605,-84.46542885490156,16500.0,golfer,4,#00b894,,,,,,,,
golfer_group_6,38.02610513384636,-84.46533031668015,16560.0,golfer,4,#00b894,,,,,,,,
golfer_group_6,38.02637936666449,-84.46537020680762,16620.0,golfer,4,#00b894,,,,,,,,
golfer_group_6,38.02664707383,-84.4655209394031,16680.0,golfer,4,#00b894,,,,,,,,
golfer_group_6,38.026914780995504,-84.46567167199859,16740.0,golfer,4,#00b894,,,,,,,,
golfer_group_6,38.02718248816101,-84.46582240459409,16800.0,golfer,4,#00b894,,,,,,,,
golfer_group_6,38.027450195326516,-84.46597313718958,16860.0,golfer,4,#00b894,,,,,,,,
golfer_group_6,38.02771790249202,-84.46612386978506,16920.0,golfer,4,#00b894,,,,,,,,
golfer_group_6,38.027985609657534,-84.46627460238055,16980.0,golfer,4,#00b894,,,,,,,,
golfer_group_6,38.02825331682304,-84.46642533497604,17040.0,golfer,4,#00b894,,,,,,,,
golfer_group_6,38.02854411583699,-84.46643446747252,17100.0,golfer,4,#00b894,,,,,,,,
golfer_group_6,38.02883696025459,-84.46643105747557,17160.0,golfer,4,#00b894,,,,,,,,
golfer_group_6,38.02912980467218,-84.46642764747862,17220.0,golfer,4,#00b894,,,,,,,,
golfer_group_6,38.029422649089774,-84.46642423748168,17280.0,golfer,4,#00b894,,,,,,,,
golfer_group_6,38.029714660100595,-84.46640554510962,17340.0,golfer,4,#00b894,,,,,,,,
golfer_group_6,38.03000508074206,-84.46635768976212,17400.0,golfer,4,#00b894,,,,,,,,
golfer_group_6,38.03029550138352,-84.46630983441462,17460.0,golfer,4,#00b894,,,,,,,,
golfer_group_6,38.03034421537664,-84.46623396436489,17520.0,golfer,4,#00b894,,,,,,,,
golfer_group_6,38.0300654222068,-84.4661201350132,17580.0,golfer,4,#00b894,,,,,,,,
golfer_group_6,38.02978662903697,-84.46600630566151,17640.0,golfer,4,#00b894,,,,,,,,
golfer_group_6,38.02950783586713,-84.46589247630982,17700.0,golfer,4,#00b894,,,,,,,,
golfer_group_6,38.029229042697295,-84.46577864695813,17760.0,golfer,4,#00b894,,,,,,,,
golfer_group_6,38.02895024952746,-84.46566481760644,17820.0,golfer,4,#00b894,,,,,,,,
golfer_group_6,38.02867145635763,-84.46555098825475,17880.0,golfer,4,#00b894,,,,,,,,
golfer_group_6,38.02839266318779,-84.46543715890306,17940.0,golfer,4,#00b894,,,,,,,,
golfer_group_6,38.02811294382565,-84.46532834232956,18000.0,golfer,4,#00b894,,,,,,,,
golfer_group_6,38.02782336017175,-84.46527291370359,18060.0,golfer,4,#00b894,,,,,,,,
golfer_group_6,38.02753377651786,-84.46521748507763,18120.0,golfer,4,#00b894,,,,,,,,
golfer_group_6,38.027244192863975,-84.46516205645167,18180.0,golfer,4,#00b894,,,,,,,,
golfer_group_6,38.02695460921009,-84.46510662782572,18240.0,golfer,4,#00b894,,,,,,,,
golfer_group_6,38.02666502555619,-84.46505119919976,18300.0,golfer,4,#00b894,,,,,,,,
golfer_group_6,38.02637326063661,-84.4650346343973,18360.0,golfer,4,#00b894,,,,,,,,
golfer_group_6,38.02608041188864,-84.46503738027086,18420.0,golfer,4,#00b894,,,,,,,,
golfer_group_6,38.025787563140675,-84.46504012614442,18480.0,golfer,2,#00b894,,,,,,,,
golfer_group_6,38.025494714392714,-84.46504287201797,18540.0,golfer,4,#00b894,,,,,,,,
golfer_group_6,38.02556401049359,-84.4653626218534,18600.0,golfer,4,#00b894,,,,,,,,
golfer_group_6,38.025666096931715,-84.46571107475296,18660.0,golfer,4,#00b894,,,,,,,,
golfer_group_6,38.02576818336984,-84.46605952765252,18720.0,golfer,4,#00b894,,,,,,,,
golfer_group_6,38.02587026980797,-84.46640798055208,18780.0,golfer,4,#00b894,,,,,,,,
golfer_group_6,38.02597235624609,-84.46675643345164,18840.0,golfer,4,#00b894,,,,,,,,
golfer_group_6,38.02607444268422,-84.46710488635118,18900.0,golfer,4,#00b894,,,,,,,,
golfer_group_6,38.026176529122345,-84.46745333925074,18960.0,golfer,4,#00b894,,,,,,,,
golfer_group_6,38.02627861556047,-84.4678017921503,19020.0,golfer,4,#00b894,,,,,,,,
golfer_group_6,38.026391551516966,-84.46814347235242,19080.0,golfer,4,#00b894,,,,,,,,
golfer_group_6,38.0265466275618,-84.46845884704874,19140.0,golfer,4,#00b894,,,,,,,,
golfer_group_6,38.02670170360664,-84.46877422174504,19200.0,golfer,4,#00b894,,,,,,,,
golfer_group_6,38.02685677965148,-84.46908959644135,19260.0,golfer,4,#00b894,,,,,,,,
golfer_group_6,38.027011855696315,-84.46940497113766,19320.0,golfer,4,#00b894,,,,,,,,
golfer_group_6,38.027202562026105,-84.46967624119414,19380.0,golfer,4,#00b894,,,,,,,,
golfer_group_6,38.027447,-84.469881,19440.0,golfer,1,#00b894,,,,,,,,
golfer_group_60,38.027447,-84.469881,37620.0,golfer,1,#007cbf,,,,,,,,
golfer_group_60,38.02754627606764,-84.46962578282717,37680.0,golfer,1,#007cbf,,,,,,,,
golfer_group_60,38.02744283462056,-84.4692779685763,37740.0,golfer,1,#007cbf,,,,,,,,
golfer_group_60,38.02733939317348,-84.46893015432545,37800.0,golfer,1,#007cbf,,,,,,,,
golfer_group_60,38.0272359517264,-84.46858234007459,37860.0,golfer,1,#007cbf,,,,,,,,
golfer_group_60,38.027132510279316,-84.46823452582373,37920.0,golfer,1,#007cbf,,,,,,,,
golfer_group_60,38.027029068832235,-84.46788671157287,37980.0,golfer,1,#007cbf,,,,,,,,
golfer_group_60,38.026925627385154,-84.46753889732202,38040.0,golfer,1,#007cbf,,,,,,,,
golfer_group_60,38.02682218593807,-84.46719108307117,38100.0,golfer,1,#007cbf,,,,,,,,
golfer_group_60,38.026707885382585,-84.46684997010087,38160.0,golfer,1,#007cbf,,,,,,,,
golfer_group_60,38.0265563489919,-84.46653183579225,38220.0,golfer,1,#007cbf,,,,,,,,
golfer_group_60,38.02640481260122,-84.46621370148365,38280.0,golfer,1,#007cbf,,,,,,,,
golfer_group_60,38.02625327621054,-84.46589556717504,38340.0,golfer,1,#007cbf,,,,,,,,
golfer_group_60,38.026097865476636,-84.4655806681031,38400.0,golfer,1,#007cbf,,,,,,,,
golfer_group_60,38.02592778516153,-84.46527801873756,38460.0,golfer,4,#007cbf,,,,,,,,
golfer_group_60,38.02575770484643,-84.46497536937204,38520.0,golfer,2,#007cbf,,,,,,,,
golfer_group_60,38.02580429978306,-84.46478189846547,38580.0,golfer,2,#007cbf,,,,,,,,
golfer_group_60,38.02609158193444,-84.46470970518055,38640.0,golfer,2,#007cbf,,,,,,,,
golfer_group_60,38.02637886408582,-84.46463751189565,38700.0,golfer,2,#007cbf,,,,,,,,
golfer_group_60,38.0266661462372,-84.46456531861072,38760.0,golfer,2,#007cbf,,,,,,,,
golfer_group_60,38.02695342838857,-84.4644931253258,38820.0,golfer,2,#007cbf,,,,,,,,
golfer_group_60,38.02723262500985,-84.46440936561527,38880.0,golfer,2,#007cbf,,,,,,,,
golfer_group_60,38.02732323296244,-84.46405582806928,38940.0,golfer,2,#007cbf,,,,,,,,
golfer_group_60,38.027413840915024,-84.46370229052329,39000.0,golfer,3,#007cbf,,,,,,,,
golfer_group_60,38.02755613921936,-84.46339199540722,39060.0,golfer,3,#007cbf,,,,,,,,
golfer_group_60,38.02777631020529,-84.46314684598785,39120.0,golfer,3,#007cbf,,,,,,,,
golfer_group_60,38.027996481191224,-84.4629016965685,39180.0,golfer,3,#007cbf,,,,,,,,
golfer_group_60,38.028216652177164,-84.46265654714912,39240.0,golfer,3,#007cbf,,,,,,,,
golfer_group_60,38.0284368231631,-84.46241139772975,39300.0,golfer,3,#007cbf,,,,,,,,
golfer_group_60,38.02865699414903,-84.4621662483104,39360.0,golfer,3,#007cbf,,,,,,,,
golfer_group_60,38.02887716513497,-84.46192109889103,39420.0,golfer,3,#007cbf,,,,,,,,
golfer_group_60,38.029097336120905,-84.46167594947165,39480.0,golfer,3,#007cbf,,,,,,,,
golfer_group_60,38.02932048603734,-84.46143527844885,39540.0,golfer,3,#007cbf,,,,,,,,
golfer_group_60,38.02954781666501,-84.4612008925283,39600.0,golfer,3,#007cbf,,,,,,,,
golfer_group_60,38.029775147292675,-84.46096650660775,39660.0,golfer,3,#007cbf,,,,,,,,
golfer_group_60,38.03000247792034,-84.46073212068718,39720.0,golfer,3,#007cbf,,,,,,,,
golfer_group_60,38.03022980854801,-84.46049773476663,39780.0,golfer,3,#007cbf,,,,,,,,
golfer_group_60,38.03028198771919,-84.46029007968264,39840.0,golfer,3,#007cbf,,,,,,,,
golfer_group_60,38.030017377451664,-84.46013077159431,39900.0,golfer,4,#007cbf,,,,,,,,
golfer_group_60,38.02974997117584,-84.46003134117494,39960.0,golfer,4,#007cbf,,,,,,,,
golfer_group_60,38.029472388508275,-84.46014984237516,40020.0,golfer,4,#007cbf,,,,,,,,
golfer_group_60,38.02919480584071,-84.46026834357538,40080.0,golfer,4,#007cbf,,,,,,,,
golfer_group_60,38.02891722317315,-84.46038684477558,40140.0,golfer,4,#007cbf,,,,,,,,
golfer_group_60,38.02863964050559,-84.4605053459758,40200.0,golfer,4,#007cbf,,,,,,,,
golfer_group_60,38.02846819932939,-84.46074999771898,40260.0,golfer,4,#007cbf,,,,,,,,
golfer_group_60,38.028356651102726,-84.46108459413088,40320.0,golfer,4,#007cbf,,,,,,,,
golfer_group_60,38.028163251425084,-84.46136377382878,40380.0,golfer,4,#007cbf,,,,,,,,
golfer_group_60,38.02796985174745,-84.46164295352668,40440.0,golfer,4,#007cbf,,,,,,,,
golfer_group_60,38.02777645206981,-84.46192213322458,40500.0,golfer,4,#007cbf,,,,,,,,
golfer_group_60,38.027583052392174,-84.46220131292247,40560.0,golfer,4,#007cbf,,,,,,,,
golfer_group_60,38.02739313138997,-84.4624841808364,40620.0,golfer,4,#007cbf,,,,,,,,
golfer_group_60,38.02721114487077,-84.46277546117278,40680.0,golfer,4,#007cbf,,,,,,,,
golfer_group_60,38.02702915835156,-84.46306674150915,40740.0,golfer,4,#007cbf,,,,,,,,
golfer_group_60,38.02684717183235,-84.46335802184554,40800.0,golfer,4,#007cbf,,,,,,,,
golfer_group_60,38.027030664719845,-84.46345337202217,40860.0,golfer,4,#007cbf,,,,,,,,
golfer_group_60,38.02732202605173,-84.46349089491457,40920.0,golfer,3,#007cbf,,,,,,,,
golfer_group_60,38.02761338738361,-84.46352841780696,40980.0,golfer,3,#007cbf,,,,,,,,
golfer_group_60,38.02787761975422,-84.46365295047241,41040.0,golfer,4,#007cbf,,,,,,,,
golfer_group_60,38.02811027773896,-84.46387875056652,41100.0,golfer,4,#007cbf,,,,,,,,
golfer_group_60,38.02834293572369,-84.46410455066062,41160.0,golfer,4,#007cbf,,,,,,,,
golfer_group_60,38.028575593708425,-84.46433035075472,41220.0,golfer,4,#007cbf,,,,,,,,
golfer_group_60,38.028808251693164,-84.46455615084882,41280.0,golfer,4,#007cbf,,,,,,,,
golfer_group_60,38.029040909677896,-84.46478195094294,41340.0,golfer,4,#007cbf,,,,,,,,
golfer_group_60,38.02927356766263,-84.46500775103704,41400.0,golfer,4,#007cbf,,,,,,,,
golfer_group_60,38.02950622564737,-84.46523355113113,41460.0,golfer,4,#007cbf,,,,,,,,
golfer_group_60,38.02975350361947,-84.4654282954189,41520.0,golfer,4,#007cbf,,,,,,,,
golfer_group_60,38.030020352724144,-84.46558146666777,41580.0,golfer,4,#007cbf,,,,,,,,
golfer_group_60,38.03028720182882,-84.46573463791665,41640.0,golfer,4,#007cbf,,,,,,,,
golfer_group_60,38.030554050933496,-84.46588780916554,41700.0,golfer,4,#007cbf,,,,,,,,
golfer_group_60,38.0308144451061,-84.46601508231271,41760.0,golfer,4,#007cbf,,,,,,,,
golfer_group_60,38.03096331555731,-84.46569490649415,41820.0,golfer,4,#007cbf,,,,,,,,
golfer_group_60,38.03100160851583,-84.46532942233877,41880.0,golfer,4,#007cbf,,,,,,,,
golfer_group_60,38.03102825601745,-84.4649591665407,41940.0,golfer,4,#007cbf,,,,,,,,
golfer_group_60,38.03105490351906,-84.46458891074262,42000.0,golfer,4,#007cbf,,,,,,,,
golfer_group_60,38.031081551020684,-84.46421865494455,42060.0,golfer,4,#007cbf,,,,,,,,
golfer_group_60,38.031108198522304,-84.46384839914647,42120.0,golfer,4,#007cbf,,,,,,,,
golfer_group_60,38.03113484602392,-84.4634781433484,42180.0,golfer,4,#007cbf,,,,,,,,
golfer_group_60,38.03116149352554,-84.46310788755032,42240.0,golfer,4,#007cbf,,,,,,,,
golfer_group_60,38.031127268705696,-84.46274982308951,42300.0,golfer,4,#007cbf,,,,,,,,
golfer_group_60,38.031012137391194,-84.4624079623538,42360.0,golfer,4,#007cbf,,,,,,,,
golfer_group_60,38.03089700607669,-84.46206610161808,42420.0,golfer,4,#007cbf,,,,,,,,
golfer_group_60,38.0307818747622,-84.46172424088235,42480.0,golfer,4,#007cbf,,,,,,,,
golfer_group_60,38.030666743447696,-84.46138238014663,42540.0,golfer,4,#007cbf,,,,,,,,
golfer_group_60,38.030551612133195,-84.46104051941091,42600.0,golfer,4,#007cbf,,,,,,,,
golfer_group_60,38.03081531898336,-84.46091137688049,42660.0,golfer,4,#007cbf,,,,,,,,
golfer_group_60,38.0310279411826,-84.46098091912485,42720.0,golfer,4,#007cbf,,,,,,,,
golfer_group_60,38.03115090321037,-84.46131835889211,42780.0,golfer,4,#007cbf,,,,,,,,
golfer_group_60,38.031273865238134,-84.46165579865938,42840.0,golfer,4,#007cbf,,,,,,,,
golfer_group_60,38.03139682726591,-84.46199323842663,42900.0,golfer,4,#007cbf,,,,,,,,
golfer_group_60,38.031519789293675,-84.4623306781939,42960.0,golfer,4,#007cbf,,,,,,,,
golfer_group_60,38.03164275132144,-84.46266811796116,43020.0,golfer,4,#007cbf,,,,,,,,
golfer_group_60,38.03176571334921,-84.46300555772842,43080.0,golfer,4,#007cbf,,,,,,,,
golfer_group_60,38.031888675376976,-84.46334299749569,43140.0,golfer,4,#007cbf,,,,,,,,
golfer_group_60,38.031909837946635,-84.46368872876327,43200.0,golfer,4,#007cbf,,,,,,,,
golfer_group_60,38.03182184589159,-84.46404335060477,43260.0,golfer,4,#007cbf,,,,,,,,
golfer_group_60,38.03173385383655,-84.46439797244628,43320.0,golfer,4,#007cbf,,,,,,,,
golfer_group_60,38.031645861781506,-84.46475259428779,43380.0,golfer,4,#007cbf,,,,,,,,
golfer_group_60,38.03155786972646,-84.46510721612928,43440.0,golfer,4,#007cbf,,,,,,,,
golfer_group_60,38.03146987767142,-84.46546183797079,43500.0,golfer,4,#007cbf,,,,,,,,
golfer_group_60,38.03131864912918,-84.46576966145622,43560.0,golfer,4,#007cbf,,,,,,,,
golfer_group_60,38.0311189562348,-84.46604161874937,43620.0,golfer,4,#007cbf,,,,,,,,
golfer_group_60,38.030919263340415,-84.46631357604252,43680.0,golfer,4,#007cbf,,,,,,,,
golfer_group_60,38.030718115722834,-84.46658350967269,43740.0,golfer,4,#007cbf,,,,,,,,
golfer_group_60,38.0304866033238,-84.46681120290668,43800.0,golfer,4,#007cbf,,,,,,,,
golfer_group_60,38.030255090924776,-84.46703889614066,43860.0,golfer,4,#007cbf,,,,,,,,
golfer_group_60,38.03002357852575,-84.46726658937465,43920.0,golfer,4,#007cbf,,,,,,,,
golfer_group_60,38.02979206612672,-84.46749428260863,43980.0,golfer,4,#007cbf,,,,,,,,
golfer_group_60,38.02956055372769,-84.46772197584261,44040.0,golfer,4,#007cbf,,,,,,,,
golfer_group_60,38.02932904132866,-84.4679496690766,44100.0,golfer,4,#007cbf,,,,,,,,
golfer_group_60,38.02909752892963,-84.46817736231058,44160.0,golfer,4,#007cbf,,,,,,,,
golfer_group_60,38.0288660165306,-84.46840505554457,44220.0,golfer,4,#007cbf,,,,,,,,
golfer_group_60,38.02869804015225,-84.46870681462924,44280.0,golfer,4,#007cbf,,,,,,,,
golfer_group_60,38.028539024924726,-84.46901901999702,44340.0,golfer,4,#007cbf,,,,,,,,
golfer_group_60,38.0283800096972,-84.46933122536481,44400.0,golfer,4,#007cbf,,,,,,,,
golfer_group_60,38.028129065075696,-84.46949162304078,44460.0,golfer,4,#007cbf,,,,,,,,
golfer_group_60,38.02785052807789,-84.46960645602002,44520.0,golfer,1,#007cbf,,,,,,,,
golfer_group_60,38.027571991080094,-84.46972128899925,44580.0,golfer,1,#007cbf,,,,,,,,
golfer_group_60,38.02729345408229,-84.4698361219785,44640.0,golfer,4,#007cbf,,,,,,,,
golfer_group_60,38.027014917084486,-84.46995095495774,44700.0,golfer,4,#007cbf,,,,,,,,
golfer_group_60,38.02677219339408,-84.46990690842384,44760.0,golfer,4,#007cbf,,,,,,,,
golfer_group_60,38.026583670283,-84.46962241044099,44820.0,golfer,4,#007cbf,,,,,,,,
golfer_group_60,38.02639514717193,-84.46933791245814,44880.0,golfer,4,#007cbf,,,,,,,,
golfer_group_60,38.026206624060855,-84.4690534144753,44940.0,golfer,4,#007cbf,,,,,,,,
golfer_group_60,38.02601810094978,-84.46876891649245,45000.0,golfer,4,#007cbf,,,,,,,,
golfer_group_60,38.0258295778387,-84.4684844185096,45060.0,golfer,4,#007cbf,,,,,,,,
golfer_group_60,38.02564105472762,-84.46819992052676,45120.0,golfer,4,#007cbf,,,,,,,,
golfer_group_60,38.02539873776804,-84.4680332578427,45180.0,golfer,4,#007cbf,,,,,,,,
golfer_group_60,38.02511056304286,-84.46796704648648,45240.0,golfer,4,#007cbf,,,,,,,,
golfer_group_60,38.02482238831767,-84.46790083513027,45300.0,golfer,4,#007cbf,,,,,,,,
golfer_group_60,38.02466098715723,-84.46791926274804,45360.0,golfer,4,#007cbf,,,,,,,,
golfer_group_60,38.0248672597656,-84.46818316370741,45420.0,golfer,4,#007cbf,,,,,,,,
golfer_group_60,38.025073532373966,-84.46844706466678,45480.0,golfer,4,#007cbf,,,,,,,,
golfer_group_60,38.02498232223591,-84.46858500193528,45540.0,golfer,4,#007cbf,,,,,,,,
golfer_group_60,38.024692555469876,-84.46863886398934,45600.0,golfer,4,#007cbf,,,,,,,,
golfer_group_60,38.02440278870384,-84.4686927260434,45660.0,golfer,4,#007cbf,,,,,,,,
golfer_group_60,38.0241130219378,-84.46874658809746,45720.0,golfer,4,#007cbf,,,,,,,,
golfer_group_60,38.02382325517176,-84.46880045015152,45780.0,golfer,4,#007cbf,,,,,,,,
golfer_group_60,38.023533488405725,-84.46885431220558,45840.0,golfer,4,#007cbf,,,,,,,,
golfer_group_60,38.02325287292604,-84.46895459002404,45900.0,golfer,4,#007cbf,,,,,,,,
golfer_group_60,38.023120094224296,-84.46908677293466,45960.0,golfer,4,#007cbf,,,,,,,,
golfer_group_60,38.02338797984743,-84.46923698741324,46020.0,golfer,4,#007cbf,,,,,,,,
golfer_group_60,38.02365586547056,-84.46938720189182,46080.0,golfer,4,#007cbf,,,,,,,,
golfer_group_60,38.02392375109368,-84.4695374163704,46140.0,golfer,4,#007cbf,,,,,,,,
golfer_group_60,38.024191636716814,-84.46968763084898,46200.0,golfer,4,#007cbf,,,,,,,,
golfer_group_60,38.024459522339946,-84.46983784532756,46260.0,golfer,4,#007cbf,,,,,,,,
golfer_group_60,38.02472740796308,-84.46998805980614,46320.0,golfer,4,#007cbf,,,,,,,,
golfer_group_60,38.0249952935862,-84.47013827428472,46380.0,golfer,4,#007cbf,,,,,,,,
golfer_group_60,38.02526317920933,-84.4702884887633,46440.0,golfer,4,#007cbf,,,,,,,,
golfer_group_60,38.02549053793203,-84.47051685206469,46500.0,golfer,4,#007cbf,,,,,,,,
golfer_group_60,38.02570511747455,-84.47076985771169,46560.0,golfer,4,#007cbf,,,,,,,,
golfer_group_60,38.025919697017066,-84.4710228633587,46620.0,golfer,4,#007cbf,,,,,,,,
golfer_group_60,38.02613427655959,-84.4712758690057,46680.0,golfer,4,#007cbf,,,,,,,,
golfer_group_60,38.02634885610211,-84.4715288746527,46740.0,golfer,4,#007cbf,,,,,,,,
golfer_group_60,38.026563435644626,-84.4717818802997,46800.0,golfer,4,#007cbf,,,,,,,,
golfer_group_60,38.02678243981026,-84.47202860408251,46860.0,golfer,4,#007cbf,,,,,,,,
golfer_group_60,38.02668611647238,-84.47218057293104,46920.0,golfer,4,#007cbf,,,,,,,,
golfer_group_60,38.02640386024167,-84.4722796932027,46980.0,golfer,4,#007cbf,,,,,,,,
golfer_group_60,38.02612160401096,-84.47237881347434,47040.0,golfer,4,#007cbf,,,,,,,,
golfer_group_60,38.02583934778024,-84.47247793374599,47100.0,golfer,4,#007cbf,,,,,,,,
golfer_group_60,38.02555709154953,-84.47257705401765,47160.0,golfer,4,#007cbf,,,,,,,,
golfer_group_60,38.025278899056985,-84.47258808504574,47220.0,golfer,4,#007cbf,,,,,,,,
golfer_group_60,38.02505413568005,-84.47238241246707,47280.0,golfer,4,#007cbf,,,,,,,,
golfer_group_60,38.02491621232278,-84.47205445775451,47340.0,golfer,4,#007cbf,,,,,,,,
golfer_group_60,38.02477828896551,-84.47172650304194,47400.0,golfer,4,#007cbf,,,,,,,,
golfer_group_60,38.024640365608235,-84.47139854832938,47460.0,golfer,4,#007cbf,,,,,,,,
golfer_group_60,38.02450244225096,-84.4710705936168,47520.0,golfer,4,#007cbf,,,,,,,,
golfer_group_60,38.02436451889369,-84.47074263890424,47580.0,golfer,4,#007cbf,,,,,,,,
golfer_group_60,38.02422659553642,-84.47041468419167,47640.0,golfer,4,#007cbf,,,,,,,,
golfer_group_60,38.02408867217915,-84.4700867294791,47700.0,golfer,4,#007cbf,,,,,,,,
golfer_group_60,38.023830177494666,-84.46991493651929,47760.0,golfer,4,#007cbf,,,,,,,,
golfer_group_60,38.02356911857893,-84.46974646470437,47820.0,golfer,4,#007cbf,,,,,,,,
golfer_group_60,38.0233080596632,-84.46957799288944,47880.0,golfer,4,#007cbf,,,,,,,,
golfer_group_60,38.02304700074746,-84.46940952107451,47940.0,golfer,4,#007cbf,,,,,,,,
golfer_group_60,38.0227847606833,-84.46924457405959,48000.0,golfer,4,#007cbf,,,,,,,,
golfer_group_60,38.02250809559787,-84.46912267439926,48060.0,golfer,4,#007cbf,,,,,,,,
golfer_group_60,38.022527943550884,-84.46893235209967,48120.0,golfer,4,#007cbf,,,,,,,,
golfer_group_60,38.02275311404551,-84.46869465006165,48180.0,golfer,4,#007cbf,,,,,,,,
golfer_group_60,38.02297828454014,-84.46845694802364,48240.0,golfer,4,#007cbf,,,,,,,,
golfer_group_60,38.02320345503476,-84.46821924598564,48300.0,golfer,4,#007cbf,,,,,,,,
golfer_group_60,38.023428625529384,-84.46798154394763,48360.0,golfer,4,#007cbf,,,,,,,,
golfer_group_60,38.02365379602401,-84.46774384190961,48420.0,golfer,4,#007cbf,,,,,,,,
golfer_group_60,38.02387896651864,-84.4675061398716,48480.0,golfer,4,#007cbf,,,,,,,,
golfer_group_60,38.02410413701326,-84.4672684378336,48540.0,golfer,4,#007cbf,,,,,,,,
golfer_group_60,38.024329307507884,-84.46703073579559,48600.0,golfer,4,#007cbf,,,,,,,,
golfer_group_60,38.024516630016976,-84.46674714202182,48660.0,golfer,4,#007cbf,,,,,,,,
golfer_group_60,38.02469334505099,-84.4664506863893,48720.0,golfer,4,#007cbf,,,,,,,,
golfer_group_60,38.02487006008501,-84.46615423075679,48780.0,golfer,4,#007cbf,,,,,,,,
golfer_group_60,38.02504677511902,-84.46585777512426,48840.0,golfer,4,#007cbf,,,,,,,,
golfer_group_60,38.02525798622544,-84.46562593134438,48900.0,golfer,4,#007cbf,,,,,,,,
golfer_group_60,38.025540368765746,-84.46552739312297,48960.0,golfer,4,#007cbf,,,,,,,,
golfer_group_60,38.02582275130605,-84.46542885490156,49020.0,golfer,4,#007cbf,,,,,,,,
golfer_group_60,38.02610513384636,-84.46533031668015,49080.0,golfer,4,#007cbf,,,,,,,,
golfer_group_60,38.02637936666449,-84.46537020680762,49140.0,golfer,4,#007cbf,,,,,,,,
golfer_group_60,38.02664707383,-84.4655209394031,49200.0,golfer,4,#007cbf,,,,,,,,
golfer_group_60,38.026914780995504,-84.46567167199859,49260.0,golfer,4,#007cbf,,,,,,,,
golfer_group_60,38.02718248816101,-84.46582240459409,49320.0,golfer,4,#007cbf,,,,,,,,
golfer_group_60,38.027450195326516,-84.46597313718958,49380.0,golfer,4,#007cbf,,,,,,,,
golfer_group_60,38.02771790249202,-84.46612386978506,49440.0,golfer,4,#007cbf,,,,,,,,
golfer_group_60,38.027985609657534,-84.46627460238055,49500.0,golfer,4,#007cbf,,,,,,,,
golfer_group_60,38.02825331682304,-84.46642533497604,49560.0,golfer,4,#007cbf,,,,,,,,
golfer_group_60,38.02854411583699,-84.46643446747252,49620.0,golfer,4,#007cbf,,,,,,,,
golfer_group_60,38.02883696025459,-84.46643105747557,49680.0,golfer,4,#007cbf,,,,,,,,
golfer_group_60,38.02912980467218,-84.46642764747862,49740.0,golfer,4,#007cbf,,,,,,,,
golfer_group_60,38.029422649089774,-84.46642423748168,49800.0,golfer,4,#007cbf,,,,,,,,
golfer_group_60,38.029714660100595,-84.46640554510962,49860.0,golfer,4,#007cbf,,,,,,,,
golfer_group_60,38.03000508074206,-84.46635768976212,49920.0,golfer,4,#007cbf,,,,,,,,
golfer_group_60,38.03029550138352,-84.46630983441462,49980.0,golfer,4,#007cbf,,,,,,,,
golfer_group_60,38.03034421537664,-84.46623396436489,50040.0,golfer,4,#007cbf,,,,,,,,
golfer_group_60,38.0300654222068,-84.4661201350132,50100.0,golfer,4,#007cbf,,,,,,,,
golfer_group_60,38.02978662903697,-84.46600630566151,50160.0,golfer,4,#007cbf,,,,,,,,
golfer_group_60,38.02950783586713,-84.46589247630982,50220.0,golfer,4,#007cbf,,,,,,,,
golfer_group_60,38.029229042697295,-84.46577864695813,50280.0,golfer,4,#007cbf,,,,,,,,
golfer_group_60,38.02895024952746,-84.46566481760644,50340.0,golfer,4,#007cbf,,,,,,,,
golfer_group_60,38.02867145635763,-84.46555098825475,50400.0,golfer,4,#007cbf,,,,,,,,
golfer_group_60,38.02839266318779,-84.46543715890306,50460.0,golfer,4,#007cbf,,,,,,,,
golfer_group_60,38.02811294382565,-84.46532834232956,50520.0,golfer,4,#007cbf,,,,,,,,
golfer_group_60,38.02782336017175,-84.46527291370359,50580.0,golfer,4,#007cbf,,,,,,,,
golfer_group_60,38.02753377651786,-84.46521748507763,50640.0,golfer,4,#007cbf,,,,,,,,
golfer_group_60,38.027244192863975,-84.46516205645167,50700.0,golfer,4,#007cbf,,,,,,,,
golfer_group_60,38.02695460921009,-84.46510662782572,50760.0,golfer,4,#007cbf,,,,,,,,
golfer_group_60,38.02666502555619,-84.46505119919976,50820.0,golfer,4,#007cbf,,,,,,,,
golfer_group_60,38.02637326063661,-84.4650346343973,50880.0,golfer,4,#007cbf,,,,,,,,
golfer_group_60,38.02608041188864,-84.46503738027086,50940.0,golfer,4,#007cbf,,,,,,,,
golfer_group_60,38.025787563140675,-84.46504012614442,51000.0,golfer,2,#007cbf,,,,,,,,
golfer_group_60,38.025494714392714,-84.46504287201797,51060.0,golfer,4,#007cbf,,,,,,,,
golfer_group_60,38.02556401049359,-84.4653626218534,51120.0,golfer,4,#007cbf,,,,,,,,
golfer_group_60,38.025666096931715,-84.46571107475296,51180.0,golfer,4,#007cbf,,,,,,,,
golfer_group_60,38.02576818336984,-84.46605952765252,51240.0,golfer,4,#007cbf,,,,,,,,
golfer_group_60,38.02587026980797,-84.46640798055208,51300.0,golfer,4,#007cbf,,,,,,,,
golfer_group_60,38.02597235624609,-84.46675643345164,51360.0,golfer,4,#007cbf,,,,,,,,
golfer_group_60,38.02607444268422,-84.46710488635118,51420.0,golfer,4,#007cbf,,,,,,,,
golfer_group_60,38.026176529122345,-84.46745333925074,51480.0,golfer,4,#007cbf,,,,,,,,
golfer_group_60,38.02627861556047,-84.4678017921503,51540.0,golfer,4,#007cbf,,,,,,,,
golfer_group_60,38.026391551516966,-84.46814347235242,51600.0,golfer,4,#007cbf,,,,,,,,
golfer_group_60,38.0265466275618,-84.46845884704874,51660.0,golfer,4,#007cbf,,,,,,,,
golfer_group_60,38.02670170360664,-84.46877422174504,51720.0,golfer,4,#007cbf,,,,,,,,
golfer_group_60,38.02685677965148,-84.46908959644135,51780.0,golfer,4,#007cbf,,,,,,,,
golfer_group_60,38.027011855696315,-84.46940497113766,51840.0,golfer,4,#007cbf,,,,,,,,
golfer_group_60,38.027202562026105,-84.46967624119414,51900.0,golfer,4,#007cbf,,,,,,,,
golfer_group_60,38.027447,-84.469881,51960.0,golfer,1,#007cbf,,,,,,,,
golfer_group_61,38.027447,-84.469881,38160.0,golfer,1,#007cbf,,,,,,,,
golfer_group_61,38.02754627606764,-84.46962578282717,38220.0,golfer,1,#007cbf,,,,,,,,
golfer_group_61,38.02744283462056,-84.4692779685763,38280.0,golfer,1,#007cbf,,,,,,,,
golfer_group_61,38.02733939317348,-84.46893015432545,38340.0,golfer,1,#007cbf,,,,,,,,
golfer_group_61,38.0272359517264,-84.46858234007459,38400.0,golfer,1,#007cbf,,,,,,,,
golfer_group_61,38.027132510279316,-84.46823452582373,38460.0,golfer,1,#007cbf,,,,,,,,
golfer_group_61,38.027029068832235,-84.46788671157287,38520.0,golfer,1,#007cbf,,,,,,,,
golfer_group_61,38.026925627385154,-84.46753889732202,38580.0,golfer,1,#007cbf,,,,,,,,
golfer_group_61,38.02682218593807,-84.46719108307117,38640.0,golfer,1,#007cbf,,,,,,,,
golfer_group_61,38.026707885382585,-84.46684997010087,38700.0,golfer,1,#007cbf,,,,,,,,
golfer_group_61,38.0265563489919,-84.46653183579225,38760.0,golfer,1,#007cbf,,,,,,,,
golfer_group_61,38.02640481260122,-84.46621370148365,38820.0,golfer,1,#007cbf,,,,,,,,
golfer_group_61,38.02625327621054,-84.46589556717504,38880.0,golfer,1,#007cbf,,,,,,,,
golfer_group_61,38.026097865476636,-84.4655806681031,38940.0,golfer,1,#007cbf,,,,,,,,
golfer_group_61,38.02592778516153,-84.46527801873756,39000.0,golfer,4,#007cbf,,,,,,,,
golfer_group_61,38.02575770484643,-84.46497536937204,39060.0,golfer,2,#007cbf,,,,,,,,
golfer_group_61,38.02580429978306,-84.46478189846547,39120.0,golfer,2,#007cbf,,,,,,,,
golfer_group_61,38.02609158193444,-84.46470970518055,39180.0,golfer,2,#007cbf,,,,,,,,
golfer_group_61,38.02637886408582,-84.46463751189565,39240.0,golfer,2,#007cbf,,,,,,,,
golfer_group_61,38.0266661462372,-84.46456531861072,39300.0,golfer,2,#007cbf,,,,,,,,
golfer_group_61,38.02695342838857,-84.4644931253258,39360.0,golfer,2,#007cbf,,,,,,,,
golfer_group_61,38.02723262500985,-84.46440936561527,39420.0,golfer,2,#007cbf,,,,,,,,
golfer_group_61,38.02732323296244,-84.46405582806928,39480.0,golfer,2,#007cbf,,,,,,,,
golfer_group_61,38.027413840915024,-84.46370229052329,39540.0,golfer,3,#007cbf,,,,,,,,
golfer_group_61,38.02755613921936,-84.46339199540722,39600.0,golfer,3,#007cbf,,,,,,,,
golfer_group_61,38.02777631020529,-84.46314684598785,39660.0,golfer,3,#007cbf,,,,,,,,
golfer_group_61,38.027996481191224,-84.4629016965685,39720.0,golfer,3,#007cbf,,,,,,,,
golfer_group_61,38.028216652177164,-84.46265654714912,39780.0,golfer,3,#007cbf,,,,,,,,
golfer_group_61,38.0284368231631,-84.46241139772975,39840.0,golfer,3,#007cbf,,,,,,,,
golfer_group_61,38.02865699414903,-84.4621662483104,39900.0,golfer,3,#007cbf,,,,,,,,
golfer_group_61,38.02887716513497,-84.46192109889103,39960.0,golfer,3,#007cbf,,,,,,,,
golfer_group_61,38.029097336120905,-84.46167594947165,40020.0,golfer,3,#007cbf,,,,,,,,
golfer_group_61,38.02932048603734,-84.46143527844885,40080.0,golfer,3,#007cbf,,,,,,,,
golfer_group_61,38.02954781666501,-84.4612008925283,40140.0,golfer,3,#007cbf,,,,,,,,
golfer_group_61,38.029775147292675,-84.46096650660775,40200.0,golfer,3,#007cbf,,,,,,,,
golfer_group_61,38.03000247792034,-84.46073212068718,40260.0,golfer,3,#007cbf,,,,,,,,
golfer_group_61,38.03022980854801,-84.46049773476663,40320.0,golfer,3,#007cbf,,,,,,,,
golfer_group_61,38.03028198771919,-84.46029007968264,40380.0,golfer,3,#007cbf,,,,,,,,
golfer_group_61,38.030017377451664,-84.46013077159431,40440.0,golfer,4,#007cbf,,,,,,,,
golfer_group_61,38.02974997117584,-84.46003134117494,40500.0,golfer,4,#007cbf,,,,,,,,
golfer_group_61,38.029472388508275,-84.46014984237516,40560.0,golfer,4,#007cbf,,,,,,,,
golfer_group_61,38.02919480584071,-84.46026834357538,40620.0,golfer,4,#007cbf,,,,,,,,
golfer_group_61,38.02891722317315,-84.46038684477558,40680.0,golfer,4,#007cbf,,,,,,,,
golfer_group_61,38.02863964050559,-84.4605053459758,40740.0,golfer,4,#007cbf,,,,,,,,
golfer_group_61,38.02846819932939,-84.46074999771898,40800.0,golfer,4,#007cbf,,,,,,,,
golfer_group_61,38.028356651102726,-84.46108459413088,40860.0,golfer,4,#007cbf,,,,,,,,
golfer_group_61,38.028163251425084,-84.46136377382878,40920.0,golfer,4,#007cbf,,,,,,,,
golfer_group_61,38.02796985174745,-84.46164295352668,40980.0,golfer,4,#007cbf,,,,,,,,
golfer_group_61,38.02777645206981,-84.46192213322458,41040.0,golfer,4,#007cbf,,,,,,,,
golfer_group_61,38.027583052392174,-84.46220131292247,41100.0,golfer,4,#007cbf,,,,,,,,
golfer_group_61,38.02739313138997,-84.4624841808364,41160.0,golfer,4,#007cbf,,,,,,,,
golfer_group_61,38.02721114487077,-84.46277546117278,41220.0,golfer,4,#007cbf,,,,,,,,
golfer_group_61,38.02702915835156,-84.46306674150915,41280.0,golfer,4,#007cbf,,,,,,,,
golfer_group_61,38.02684717183235,-84.46335802184554,41340.0,golfer,4,#007cbf,,,,,,,,
golfer_group_61,38.027030664719845,-84.46345337202217,41400.0,golfer,4,#007cbf,,,,,,,,
golfer_group_61,38.02732202605173,-84.46349089491457,41460.0,golfer,3,#007cbf,,,,,,,,
golfer_group_61,38.02761338738361,-84.46352841780696,41520.0,golfer,3,#007cbf,,,,,,,,
golfer_group_61,38.02787761975422,-84.46365295047241,41580.0,golfer,4,#007cbf,,,,,,,,
golfer_group_61,38.02811027773896,-84.46387875056652,41640.0,golfer,4,#007cbf,,,,,,,,
golfer_group_61,38.02834293572369,-84.46410455066062,41700.0,golfer,4,#007cbf,,,,,,,,
golfer_group_61,38.028575593708425,-84.46433035075472,41760.0,golfer,4,#007cbf,,,,,,,,
golfer_group_61,38.028808251693164,-84.46455615084882,41820.0,golfer,4,#007cbf,,,,,,,,
golfer_group_61,38.029040909677896,-84.46478195094294,41880.0,golfer,4,#007cbf,,,,,,,,
golfer_group_61,38.02927356766263,-84.46500775103704,41940.0,golfer,4,#007cbf,,,,,,,,
golfer_group_61,38.02950622564737,-84.46523355113113,42000.0,golfer,4,#007cbf,,,,,,,,
golfer_group_61,38.02975350361947,-84.4654282954189,42060.0,golfer,4,#007cbf,,,,,,,,
golfer_group_61,38.030020352724144,-84.46558146666777,42120.0,golfer,4,#007cbf,,,,,,,,
golfer_group_61,38.03028720182882,-84.46573463791665,42180.0,golfer,4,#007cbf,,,,,,,,
golfer_group_61,38.030554050933496,-84.46588780916554,42240.0,golfer,4,#007cbf,,,,,,,,
golfer_group_61,38.0308144451061,-84.46601508231271,42300.0,golfer,4,#007cbf,,,,,,,,
golfer_group_61,38.03096331555731,-84.46569490649415,42360.0,golfer,4,#007cbf,,,,,,,,
golfer_group_61,38.03100160851583,-84.46532942233877,42420.0,golfer,4,#007cbf,,,,,,,,
golfer_group_61,38.03102825601745,-84.4649591665407,42480.0,golfer,4,#007cbf,,,,,,,,
golfer_group_61,38.03105490351906,-84.46458891074262,42540.0,golfer,4,#007cbf,,,,,,,,
golfer_group_61,38.031081551020684,-84.46421865494455,42600.0,golfer,4,#007cbf,,,,,,,,
golfer_group_61,38.031108198522304,-84.46384839914647,42660.0,golfer,4,#007cbf,,,,,,,,
golfer_group_61,38.03113484602392,-84.4634781433484,42720.0,golfer,4,#007cbf,,,,,,,,
golfer_group_61,38.03116149352554,-84.46310788755032,42780.0,golfer,4,#007cbf,,,,,,,,
golfer_group_61,38.031127268705696,-84.46274982308951,42840.0,golfer,4,#007cbf,,,,,,,,
golfer_group_61,38.031012137391194,-84.4624079623538,42900.0,golfer,4,#007cbf,,,,,,,,
golfer_group_61,38.03089700607669,-84.46206610161808,42960.0,golfer,4,#007cbf,,,,,,,,
golfer_group_61,38.0307818747622,-84.46172424088235,43020.0,golfer,4,#007cbf,,,,,,,,
golfer_group_61,38.030666743447696,-84.46138238014663,43080.0,golfer,4,#007cbf,,,,,,,,
golfer_group_61,38.030551612133195,-84.46104051941091,43140.0,golfer,4,#007cbf,,,,,,,,
golfer_group_61,38.03081531898336,-84.46091137688049,43200.0,golfer,4,#007cbf,,,,,,,,
golfer_group_61,38.0310279411826,-84.46098091912485,43260.0,golfer,4,#007cbf,,,,,,,,
golfer_group_61,38.03115090321037,-84.46131835889211,43320.0,golfer,4,#007cbf,,,,,,,,
golfer_group_61,38.031273865238134,-84.46165579865938,43380.0,golfer,4,#007cbf,,,,,,,,
golfer_group_61,38.03139682726591,-84.46199323842663,43440.0,golfer,4,#007cbf,,,,,,,,
golfer_group_61,38.031519789293675,-84.4623306781939,43500.0,golfer,4,#007cbf,,,,,,,,
golfer_group_61,38.03164275132144,-84.46266811796116,43560.0,golfer,4,#007cbf,,,,,,,,
golfer_group_61,38.03176571334921,-84.46300555772842,43620.0,golfer,4,#007cbf,,,,,,,,
golfer_group_61,38.031888675376976,-84.46334299749569,43680.0,golfer,4,#007cbf,,,,,,,,
golfer_group_61,38.031909837946635,-84.46368872876327,43740.0,golfer,4,#007cbf,,,,,,,,
golfer_group_61,38.03182184589159,-84.46404335060477,43800.0,golfer,4,#007cbf,,,,,,,,
golfer_group_61,38.03173385383655,-84.46439797244628,43860.0,golfer,4,#007cbf,,,,,,,,
golfer_group_61,38.031645861781506,-84.46475259428779,43920.0,golfer,4,#007cbf,,,,,,,,
golfer_group_61,38.03155786972646,-84.46510721612928,43980.0,golfer,4,#007cbf,,,,,,,,
golfer_group_61,38.03146987767142,-84.46546183797079,44040.0,golfer,4,#007cbf,,,,,,,,
golfer_group_61,38.03131864912918,-84.46576966145622,44100.0,golfer,4,#007cbf,,,,,,,,
golfer_group_61,38.0311189562348,-84.46604161874937,44160.0,golfer,4,#007cbf,,,,,,,,
golfer_group_61,38.030919263340415,-84.46631357604252,44220.0,golfer,4,#007cbf,,,,,,,,
golfer_group_61,38.030718115722834,-84.46658350967269,44280.0,golfer,4,#007cbf,,,,,,,,
golfer_group_61,38.0304866033238,-84.46681120290668,44340.0,golfer,4,#007cbf,,,,,,,,
golfer_group_61,38.030255090924776,-84.46703889614066,44400.0,golfer,4,#007cbf,,,,,,,,
golfer_group_61,38.03002357852575,-84.46726658937465,44460.0,golfer,4,#007cbf,,,,,,,,
golfer_group_61,38.02979206612672,-84.46749428260863,44520.0,golfer,4,#007cbf,,,,,,,,
golfer_group_61,38.02956055372769,-84.46772197584261,44580.0,golfer,4,#007cbf,,,,,,,,
golfer_group_61,38.02932904132866,-84.4679496690766,44640.0,golfer,4,#007cbf,,,,,,,,
golfer_group_61,38.02909752892963,-84.46817736231058,44700.0,golfer,4,#007cbf,,,,,,,,
golfer_group_61,38.0288660165306,-84.46840505554457,44760.0,golfer,4,#007cbf,,,,,,,,
golfer_group_61,38.02869804015225,-84.46870681462924,44820.0,golfer,4,#007cbf,,,,,,,,
golfer_group_61,38.028539024924726,-84.46901901999702,44880.0,golfer,4,#007cbf,,,,,,,,
golfer_group_61,38.0283800096972,-84.46933122536481,44940.0,golfer,4,#007cbf,,,,,,,,
golfer_group_61,38.028129065075696,-84.46949162304078,45000.0,golfer,4,#007cbf,,,,,,,,
golfer_group_61,38.02785052807789,-84.46960645602002,45060.0,golfer,1,#007cbf,,,,,,,,
golfer_group_61,38.027571991080094,-84.46972128899925,45120.0,golfer,1,#007cbf,,,,,,,,
golfer_group_61,38.02729345408229,-84.4698361219785,45180.0,golfer,4,#007cbf,,,,,,,,
golfer_group_61,38.027014917084486,-84.46995095495774,45240.0,golfer,4,#007cbf,,,,,,,,
golfer_group_61,38.02677219339408,-84.46990690842384,45300.0,golfer,4,#007cbf,,,,,,,,
golfer_group_61,38.026583670283,-84.46962241044099,45360.0,golfer,4,#007cbf,,,,,,,,
golfer_group_61,38.02639514717193,-84.46933791245814,45420.0,golfer,4,#007cbf,,,,,,,,
golfer_group_61,38.026206624060855,-84.4690534144753,45480.0,golfer,4,#007cbf,,,,,,,,
golfer_group_61,38.02601810094978,-84.46876891649245,45540.0,golfer,4,#007cbf,,,,,,,,
golfer_group_61,38.0258295778387,-84.4684844185096,45600.0,golfer,4,#007cbf,,,,,,,,
golfer_group_61,38.02564105472762,-84.46819992052676,45660.0,golfer,4,#007cbf,,,,,,,,
golfer_group_61,38.02539873776804,-84.4680332578427,45720.0,golfer,4,#007cbf,,,,,,,,
golfer_group_61,38.02511056304286,-84.46796704648648,45780.0,golfer,4,#007cbf,,,,,,,,
golfer_group_61,38.02482238831767,-84.46790083513027,45840.0,golfer,4,#007cbf,,,,,,,,
golfer_group_61,38.02466098715723,-84.46791926274804,45900.0,golfer,4,#007cbf,,,,,,,,
golfer_group_61,38.0248672597656,-84.46818316370741,45960.0,golfer,4,#007cbf,,,,,,,,
golfer_group_61,38.025073532373966,-84.46844706466678,46020.0,golfer,4,#007cbf,,,,,,,,
golfer_group_61,38.02498232223591,-84.46858500193528,46080.0,golfer,4,#007cbf,,,,,,,,
golfer_group_61,38.024692555469876,-84.46863886398934,46140.0,golfer,4,#007cbf,,,,,,,,
golfer_group_61,38.02440278870384,-84.4686927260434,46200.0,golfer,4,#007cbf,,,,,,,,
golfer_group_61,38.0241130219378,-84.46874658809746,46260.0,golfer,4,#007cbf,,,,,,,,
golfer_group_61,38.02382325517176,-84.46880045015152,46320.0,golfer,4,#007cbf,,,,,,,,
golfer_group_61,38.023533488405725,-84.46885431220558,46380.0,golfer,4,#007cbf,,,,,,,,
golfer_group_61,38.02325287292604,-84.46895459002404,46440.0,golfer,4,#007cbf,,,,,,,,
golfer_group_61,38.023120094224296,-84.46908677293466,46500.0,golfer,4,#007cbf,,,,,,,,
golfer_group_61,38.02338797984743,-84.46923698741324,46560.0,golfer,4,#007cbf,,,,,,,,
golfer_group_61,38.02365586547056,-84.46938720189182,46620.0,golfer,4,#007cbf,,,,,,,,
golfer_group_61,38.02392375109368,-84.4695374163704,46680.0,golfer,4,#007cbf,,,,,,,,
golfer_group_61,38.024191636716814,-84.46968763084898,46740.0,golfer,4,#007cbf,,,,,,,,
golfer_group_61,38.024459522339946,-84.46983784532756,46800.0,golfer,4,#007cbf,,,,,,,,
golfer_group_61,38.02472740796308,-84.46998805980614,46860.0,golfer,4,#007cbf,,,,,,,,
golfer_group_61,38.0249952935862,-84.47013827428472,46920.0,golfer,4,#007cbf,,,,,,,,
golfer_group_61,38.02526317920933,-84.4702884887633,46980.0,golfer,4,#007cbf,,,,,,,,
golfer_group_61,38.02549053793203,-84.47051685206469,47040.0,golfer,4,#007cbf,,,,,,,,
golfer_group_61,38.02570511747455,-84.47076985771169,47100.0,golfer,4,#007cbf,,,,,,,,
golfer_group_61,38.025919697017066,-84.4710228633587,47160.0,golfer,4,#007cbf,,,,,,,,
golfer_group_61,38.02613427655959,-84.4712758690057,47220.0,golfer,4,#007cbf,,,,,,,,
golfer_group_61,38.02634885610211,-84.4715288746527,47280.0,golfer,4,#007cbf,,,,,,,,
golfer_group_61,38.026563435644626,-84.4717818802997,47340.0,golfer,4,#007cbf,,,,,,,,
golfer_group_61,38.02678243981026,-84.47202860408251,47400.0,golfer,4,#007cbf,,,,,,,,
golfer_group_61,38.02668611647238,-84.47218057293104,47460.0,golfer,4,#007cbf,,,,,,,,
golfer_group_61,38.02640386024167,-84.4722796932027,47520.0,golfer,4,#007cbf,,,,,,,,
golfer_group_61,38.02612160401096,-84.47237881347434,47580.0,golfer,4,#007cbf,,,,,,,,
golfer_group_61,38.02583934778024,-84.47247793374599,47640.0,golfer,4,#007cbf,,,,,,,,
golfer_group_61,38.02555709154953,-84.47257705401765,47700.0,golfer,4,#007cbf,,,,,,,,
golfer_group_61,38.025278899056985,-84.47258808504574,47760.0,golfer,4,#007cbf,,,,,,,,
golfer_group_61,38.02505413568005,-84.47238241246707,47820.0,golfer,4,#007cbf,,,,,,,,
golfer_group_61,38.02491621232278,-84.47205445775451,47880.0,golfer,4,#007cbf,,,,,,,,
golfer_group_61,38.02477828896551,-84.47172650304194,47940.0,golfer,4,#007cbf,,,,,,,,
golfer_group_61,38.024640365608235,-84.47139854832938,48000.0,golfer,4,#007cbf,,,,,,,,
golfer_group_61,38.02450244225096,-84.4710705936168,48060.0,golfer,4,#007cbf,,,,,,,,
golfer_group_61,38.02436451889369,-84.47074263890424,48120.0,golfer,4,#007cbf,,,,,,,,
golfer_group_61,38.02422659553642,-84.47041468419167,48180.0,golfer,4,#007cbf,,,,,,,,
golfer_group_61,38.02408867217915,-84.4700867294791,48240.0,golfer,4,#007cbf,,,,,,,,
golfer_group_61,38.023830177494666,-84.46991493651929,48300.0,golfer,4,#007cbf,,,,,,,,
golfer_group_61,38.02356911857893,-84.46974646470437,48360.0,golfer,4,#007cbf,,,,,,,,
golfer_group_61,38.0233080596632,-84.46957799288944,48420.0,golfer,4,#007cbf,,,,,,,,
golfer_group_61,38.02304700074746,-84.46940952107451,48480.0,golfer,4,#007cbf,,,,,,,,
golfer_group_61,38.0227847606833,-84.46924457405959,48540.0,golfer,4,#007cbf,,,,,,,,
golfer_group_61,38.02250809559787,-84.46912267439926,48600.0,golfer,4,#007cbf,,,,,,,,
golfer_group_61,38.022527943550884,-84.46893235209967,48660.0,golfer,4,#007cbf,,,,,,,,
golfer_group_61,38.02275311404551,-84.46869465006165,48720.0,golfer,4,#007cbf,,,,,,,,
golfer_group_61,38.02297828454014,-84.46845694802364,48780.0,golfer,4,#007cbf,,,,,,,,
golfer_group_61,38.02320345503476,-84.46821924598564,48840.0,golfer,4,#007cbf,,,,,,,,
golfer_group_61,38.023428625529384,-84.46798154394763,48900.0,golfer,4,#007cbf,,,,,,,,
golfer_group_61,38.02365379602401,-84.46774384190961,48960.0,golfer,4,#007cbf,,,,,,,,
golfer_group_61,38.02387896651864,-84.4675061398716,49020.0,golfer,4,#007cbf,,,,,,,,
golfer_group_61,38.02410413701326,-84.4672684378336,49080.0,golfer,4,#007cbf,,,,,,,,
golfer_group_61,38.024329307507884,-84.46703073579559,49140.0,golfer,4,#007cbf,,,,,,,,
golfer_group_61,38.024516630016976,-84.46674714202182,49200.0,golfer,4,#007cbf,,,,,,,,
golfer_group_61,38.02469334505099,-84.4664506863893,49260.0,golfer,4,#007cbf,,,,,,,,
golfer_group_61,38.02487006008501,-84.46615423075679,49320.0,golfer,4,#007cbf,,,,,,,,
golfer_group_61,38.02504677511902,-84.46585777512426,49380.0,golfer,4,#007cbf,,,,,,,,
golfer_group_61,38.02525798622544,-84.46562593134438,49440.0,golfer,4,#007cbf,,,,,,,,
golfer_group_61,38.025540368765746,-84.46552739312297,49500.0,golfer,4,#007cbf,,,,,,,,
golfer_group_61,38.02582275130605,-84.46542885490156,49560.0,golfer,4,#007cbf,,,,,,,,
golfer_group_61,38.02610513384636,-84.46533031668015,49620.0,golfer,4,#007cbf,,,,,,,,
golfer_group_61,38.02637936666449,-84.46537020680762,49680.0,golfer,4,#007cbf,,,,,,,,
golfer_group_61,38.02664707383,-84.4655209394031,49740.0,golfer,4,#007cbf,,,,,,,,
golfer_group_61,38.026914780995504,-84.46567167199859,49800.0,golfer,4,#007cbf,,,,,,,,
golfer_group_61,38.02718248816101,-84.46582240459409,49860.0,golfer,4,#007cbf,,,,,,,,
golfer_group_61,38.027450195326516,-84.46597313718958,49920.0,golfer,4,#007cbf,,,,,,,,
golfer_group_61,38.02771790249202,-84.46612386978506,49980.0,golfer,4,#007cbf,,,,,,,,
golfer_group_61,38.027985609657534,-84.46627460238055,50040.0,golfer,4,#007cbf,,,,,,,,
golfer_group_61,38.02825331682304,-84.46642533497604,50100.0,golfer,4,#007cbf,,,,,,,,
golfer_group_61,38.02854411583699,-84.46643446747252,50160.0,golfer,4,#007cbf,,,,,,,,
golfer_group_61,38.02883696025459,-84.46643105747557,50220.0,golfer,4,#007cbf,,,,,,,,
golfer_group_61,38.02912980467218,-84.46642764747862,50280.0,golfer,4,#007cbf,,,,,,,,
golfer_group_61,38.029422649089774,-84.46642423748168,50340.0,golfer,4,#007cbf,,,,,,,,
golfer_group_61,38.029714660100595,-84.46640554510962,50400.0,golfer,4,#007cbf,,,,,,,,
golfer_group_61,38.03000508074206,-84.46635768976212,50460.0,golfer,4,#007cbf,,,,,,,,
golfer_group_61,38.03029550138352,-84.46630983441462,50520.0,golfer,4,#007cbf,,,,,,,,
golfer_group_61,38.03034421537664,-84.46623396436489,50580.0,golfer,4,#007cbf,,,,,,,,
golfer_group_61,38.0300654222068,-84.4661201350132,50640.0,golfer,4,#007cbf,,,,,,,,
golfer_group_61,38.02978662903697,-84.46600630566151,50700.0,golfer,4,#007cbf,,,,,,,,
golfer_group_61,38.02950783586713,-84.46589247630982,50760.0,golfer,4,#007cbf,,,,,,,,
golfer_group_61,38.029229042697295,-84.46577864695813,50820.0,golfer,4,#007cbf,,,,,,,,
golfer_group_61,38.02895024952746,-84.46566481760644,50880.0,golfer,4,#007cbf,,,,,,,,
golfer_group_61,38.02867145635763,-84.46555098825475,50940.0,golfer,4,#007cbf,,,,,,,,
golfer_group_61,38.02839266318779,-84.46543715890306,51000.0,golfer,4,#007cbf,,,,,,,,
golfer_group_61,38.02811294382565,-84.46532834232956,51060.0,golfer,4,#007cbf,,,,,,,,
golfer_group_61,38.02782336017175,-84.46527291370359,51120.0,golfer,4,#007cbf,,,,,,,,
golfer_group_61,38.02753377651786,-84.46521748507763,51180.0,golfer,4,#007cbf,,,,,,,,
golfer_group_61,38.027244192863975,-84.46516205645167,51240.0,golfer,4,#007cbf,,,,,,,,
golfer_group_61,38.02695460921009,-84.46510662782572,51300.0,golfer,4,#007cbf,,,,,,,,
golfer_group_61,38.02666502555619,-84.46505119919976,51360.0,golfer,4,#007cbf,,,,,,,,
golfer_group_61,38.02637326063661,-84.4650346343973,51420.0,golfer,4,#007cbf,,,,,,,,
golfer_group_61,38.02608041188864,-84.46503738027086,51480.0,golfer,4,#007cbf,,,,,,,,
golfer_group_61,38.025787563140675,-84.46504012614442,51540.0,golfer,2,#007cbf,,,,,,,,
golfer_group_61,38.025494714392714,-84.46504287201797,51600.0,golfer,4,#007cbf,,,,,,,,
golfer_group_61,38.02556401049359,-84.4653626218534,51660.0,golfer,4,#007cbf,,,,,,,,
golfer_group_61,38.025666096931715,-84.46571107475296,51720.0,golfer,4,#007cbf,,,,,,,,
golfer_group_61,38.02576818336984,-84.46605952765252,51780.0,golfer,4,#007cbf,,,,,,,,
golfer_group_61,38.02587026980797,-84.46640798055208,51840.0,golfer,4,#007cbf,,,,,,,,
golfer_group_61,38.02597235624609,-84.46675643345164,51900.0,golfer,4,#007cbf,,,,,,,,
golfer_group_61,38.02607444268422,-84.46710488635118,51960.0,golfer,4,#007cbf,,,,,,,,
golfer_group_61,38.026176529122345,-84.46745333925074,52020.0,golfer,4,#007cbf,,,,,,,,
golfer_group_61,38.02627861556047,-84.4678017921503,52080.0,golfer,4,#007cbf,,,,,,,,
golfer_group_61,38.026391551516966,-84.46814347235242,52140.0,golfer,4,#007cbf,,,,,,,,
golfer_group_61,38.0265466275618,-84.46845884704874,52200.0,golfer,4,#007cbf,,,,,,,,
golfer_group_61,38.02670170360664,-84.46877422174504,52260.0,golfer,4,#007cbf,,,,,,,,
golfer_group_61,38.02685677965148,-84.46908959644135,52320.0,golfer,4,#007cbf,,,,,,,,
golfer_group_61,38.027011855696315,-84.46940497113766,52380.0,golfer,4,#007cbf,,,,,,,,
golfer_group_61,38.027202562026105,-84.46967624119414,52440.0,golfer,4,#007cbf,,,,,,,,
golfer_group_61,38.027447,-84.469881,52500.0,golfer,1,#007cbf,,,,,,,,
golfer_group_62,38.027447,-84.469881,38700.0,golfer,1,#007cbf,,,,,,,,
golfer_group_62,38.02754627606764,-84.46962578282717,38760.0,golfer,1,#007cbf,,,,,,,,
golfer_group_62,38.02744283462056,-84.4692779685763,38820.0,golfer,1,#007cbf,,,,,,,,
golfer_group_62,38.02733939317348,-84.46893015432545,38880.0,golfer,1,#007cbf,,,,,,,,
golfer_group_62,38.0272359517264,-84.46858234007459,38940.0,golfer,1,#007cbf,,,,,,,,
golfer_group_62,38.027132510279316,-84.46823452582373,39000.0,golfer,1,#007cbf,,,,,,,,
golfer_group_62,38.027029068832235,-84.46788671157287,39060.0,golfer,1,#007cbf,,,,,,,,
golfer_group_62,38.026925627385154,-84.46753889732202,39120.0,golfer,1,#007cbf,,,,,,,,
golfer_group_62,38.02682218593807,-84.46719108307117,39180.0,golfer,1,#007cbf,,,,,,,,
golfer_group_62,38.026707885382585,-84.46684997010087,39240.0,golfer,1,#007cbf,,,,,,,,
golfer_group_62,38.0265563489919,-84.46653183579225,39300.0,golfer,1,#007cbf,,,,,,,,
golfer_group_62,38.02640481260122,-84.46621370148365,39360.0,golfer,1,#007cbf,,,,,,,,
golfer_group_62,38.02625327621054,-84.46589556717504,39420.0,golfer,1,#007cbf,,,,,,,,
golfer_group_62,38.026097865476636,-84.4655806681031,39480.0,golfer,1,#007cbf,,,,,,,,
golfer_group_62,38.02592778516153,-84.46527801873756,39540.0,golfer,4,#007cbf,,,,,,,,
golfer_group_62,38.02575770484643,-84.46497536937204,39600.0,golfer,2,#007cbf,,,,,,,,
golfer_group_62,38.02580429978306,-84.46478189846547,39660.0,golfer,2,#007cbf,,,,,,,,
golfer_group_62,38.02609158193444,-84.46470970518055,39720.0,golfer,2,#007cbf,,,,,,,,
golfer_group_62,38.02637886408582,-84.46463751189565,39780.0,golfer,2,#007cbf,,,,,,,,
golfer_group_62,38.0266661462372,-84.46456531861072,39840.0,golfer,2,#007cbf,,,,,,,,
golfer_group_62,38.02695342838857,-84.4644931253258,39900.0,golfer,2,#007cbf,,,,,,,,
golfer_group_62,38.02723262500985,-84.46440936561527,39960.0,golfer,2,#007cbf,,,,,,,,
golfer_group_62,38.02732323296244,-84.46405582806928,40020.0,golfer,2,#007cbf,,,,,,,,
golfer_group_62,38.027413840915024,-84.46370229052329,40080.0,golfer,3,#007cbf,,,,,,,,
golfer_group_62,38.02755613921936,-84.46339199540722,40140.0,golfer,3,#007cbf,,,,,,,,
golfer_group_62,38.02777631020529,-84.46314684598785,40200.0,golfer,3,#007cbf,,,,,,,,
golfer_group_62,38.027996481191224,-84.4629016965685,40260.0,golfer,3,#007cbf,,,,,,,,
golfer_group_62,38.028216652177164,-84.46265654714912,40320.0,golfer,3,#007cbf,,,,,,,,
golfer_group_62,38.0284368231631,-84.46241139772975,40380.0,golfer,3,#007cbf,,,,,,,,
golfer_group_62,38.02865699414903,-84.4621662483104,40440.0,golfer,3,#007cbf,,,,,,,,
golfer_group_62,38.02887716513497,-84.46192109889103,40500.0,golfer,3,#007cbf,,,,,,,,
golfer_group_62,38.029097336120905,-84.46167594947165,40560.0,golfer,3,#007cbf,,,,,,,,
golfer_group_62,38.02932048603734,-84.46143527844885,40620.0,golfer,3,#007cbf,,,,,,,,
golfer_group_62,38.02954781666501,-84.4612008925283,40680.0,golfer,3,#007cbf,,,,,,,,
golfer_group_62,38.029775147292675,-84.46096650660775,40740.0,golfer,3,#007cbf,,,,,,,,
golfer_group_62,38.03000247792034,-84.46073212068718,40800.0,golfer,3,#007cbf,,,,,,,,
golfer_group_62,38.03022980854801,-84.46049773476663,40860.0,golfer,3,#007cbf,,,,,,,,
golfer_group_62,38.03028198771919,-84.46029007968264,40920.0,golfer,3,#007cbf,,,,,,,,
golfer_group_62,38.030017377451664,-84.46013077159431,40980.0,golfer,4,#007cbf,,,,,,,,
golfer_group_62,38.02974997117584,-84.46003134117494,41040.0,golfer,4,#007cbf,,,,,,,,
golfer_group_62,38.029472388508275,-84.46014984237516,41100.0,golfer,4,#007cbf,,,,,,,,
golfer_group_62,38.02919480584071,-84.46026834357538,41160.0,golfer,4,#007cbf,,,,,,,,
golfer_group_62,38.02891722317315,-84.46038684477558,41220.0,golfer,4,#007cbf,,,,,,,,
golfer_group_62,38.02863964050559,-84.4605053459758,41280.0,golfer,4,#007cbf,,,,,,,,
golfer_group_62,38.02846819932939,-84.46074999771898,41340.0,golfer,4,#007cbf,,,,,,,,
golfer_group_62,38.028356651102726,-84.46108459413088,41400.0,golfer,4,#007cbf,,,,,,,,
golfer_group_62,38.028163251425084,-84.46136377382878,41460.0,golfer,4,#007cbf,,,,,,,,
golfer_group_62,38.02796985174745,-84.46164295352668,41520.0,golfer,4,#007cbf,,,,,,,,
golfer_group_62,38.02777645206981,-84.46192213322458,41580.0,golfer,4,#007cbf,,,,,,,,
golfer_group_62,38.027583052392174,-84.46220131292247,41640.0,golfer,4,#007cbf,,,,,,,,
golfer_group_62,38.02739313138997,-84.4624841808364,41700.0,golfer,4,#007cbf,,,,,,,,
golfer_group_62,38.02721114487077,-84.46277546117278,41760.0,golfer,4,#007cbf,,,,,,,,
golfer_group_62,38.02702915835156,-84.46306674150915,41820.0,golfer,4,#007cbf,,,,,,,,
golfer_group_62,38.02684717183235,-84.46335802184554,41880.0,golfer,4,#007cbf,,,,,,,,
golfer_group_62,38.027030664719845,-84.46345337202217,41940.0,golfer,4,#007cbf,,,,,,,,
golfer_group_62,38.02732202605173,-84.46349089491457,42000.0,golfer,3,#007cbf,,,,,,,,
golfer_group_62,38.02761338738361,-84.46352841780696,42060.0,golfer,3,#007cbf,,,,,,,,
golfer_group_62,38.02787761975422,-84.46365295047241,42120.0,golfer,4,#007cbf,,,,,,,,
golfer_group_62,38.02811027773896,-84.46387875056652,42180.0,golfer,4,#007cbf,,,,,,,,
golfer_group_62,38.02834293572369,-84.46410455066062,42240.0,golfer,4,#007cbf,,,,,,,,
golfer_group_62,38.028575593708425,-84.46433035075472,42300.0,golfer,4,#007cbf,,,,,,,,
golfer_group_62,38.028808251693164,-84.46455615084882,42360.0,golfer,4,#007cbf,,,,,,,,
golfer_group_62,38.029040909677896,-84.46478195094294,42420.0,golfer,4,#007cbf,,,,,,,,
golfer_group_62,38.02927356766263,-84.46500775103704,42480.0,golfer,4,#007cbf,,,,,,,,
golfer_group_62,38.02950622564737,-84.46523355113113,42540.0,golfer,4,#007cbf,,,,,,,,
golfer_group_62,38.02975350361947,-84.4654282954189,42600.0,golfer,4,#007cbf,,,,,,,,
golfer_group_62,38.030020352724144,-84.46558146666777,42660.0,golfer,4,#007cbf,,,,,,,,
golfer_group_62,38.03028720182882,-84.46573463791665,42720.0,golfer,4,#007cbf,,,,,,,,
golfer_group_62,38.030554050933496,-84.46588780916554,42780.0,golfer,4,#007cbf,,,,,,,,
golfer_group_62,38.0308144451061,-84.46601508231271,42840.0,golfer,4,#007cbf,,,,,,,,
golfer_group_62,38.03096331555731,-84.46569490649415,42900.0,golfer,4,#007cbf,,,,,,,,
golfer_group_62,38.03100160851583,-84.46532942233877,42960.0,golfer,4,#007cbf,,,,,,,,
golfer_group_62,38.03102825601745,-84.4649591665407,43020.0,golfer,4,#007cbf,,,,,,,,
golfer_group_62,38.03105490351906,-84.46458891074262,43080.0,golfer,4,#007cbf,,,,,,,,
golfer_group_62,38.031081551020684,-84.46421865494455,43140.0,golfer,4,#007cbf,,,,,,,,
golfer_group_62,38.031108198522304,-84.46384839914647,43200.0,golfer,4,#007cbf,,,,,,,,
golfer_group_62,38.03113484602392,-84.4634781433484,43260.0,golfer,4,#007cbf,,,,,,,,
golfer_group_62,38.03116149352554,-84.46310788755032,43320.0,golfer,4,#007cbf,,,,,,,,
golfer_group_62,38.031127268705696,-84.46274982308951,43380.0,golfer,4,#007cbf,,,,,,,,
golfer_group_62,38.031012137391194,-84.4624079623538,43440.0,golfer,4,#007cbf,,,,,,,,
golfer_group_62,38.03089700607669,-84.46206610161808,43500.0,golfer,4,#007cbf,,,,,,,,
golfer_group_62,38.0307818747622,-84.46172424088235,43560.0,golfer,4,#007cbf,,,,,,,,
golfer_group_62,38.030666743447696,-84.46138238014663,43620.0,golfer,4,#007cbf,,,,,,,,
golfer_group_62,38.030551612133195,-84.46104051941091,43680.0,golfer,4,#007cbf,,,,,,,,
golfer_group_62,38.03081531898336,-84.46091137688049,43740.0,golfer,4,#007cbf,,,,,,,,
golfer_group_62,38.0310279411826,-84.46098091912485,43800.0,golfer,4,#007cbf,,,,,,,,
golfer_group_62,38.03115090321037,-84.46131835889211,43860.0,golfer,4,#007cbf,,,,,,,,
golfer_group_62,38.031273865238134,-84.46165579865938,43920.0,golfer,4,#007cbf,,,,,,,,
golfer_group_62,38.03139682726591,-84.46199323842663,43980.0,golfer,4,#007cbf,,,,,,,,
golfer_group_62,38.031519789293675,-84.4623306781939,44040.0,golfer,4,#007cbf,,,,,,,,
golfer_group_62,38.03164275132144,-84.46266811796116,44100.0,golfer,4,#007cbf,,,,,,,,
golfer_group_62,38.03176571334921,-84.46300555772842,44160.0,golfer,4,#007cbf,,,,,,,,
golfer_group_62,38.031888675376976,-84.46334299749569,44220.0,golfer,4,#007cbf,,,,,,,,
golfer_group_62,38.031909837946635,-84.46368872876327,44280.0,golfer,4,#007cbf,,,,,,,,
golfer_group_62,38.03182184589159,-84.46404335060477,44340.0,golfer,4,#007cbf,,,,,,,,
golfer_group_62,38.03173385383655,-84.46439797244628,44400.0,golfer,4,#007cbf,,,,,,,,
golfer_group_62,38.031645861781506,-84.46475259428779,44460.0,golfer,4,#007cbf,,,,,,,,
golfer_group_62,38.03155786972646,-84.46510721612928,44520.0,golfer,4,#007cbf,,,,,,,,
golfer_group_62,38.03146987767142,-84.46546183797079,44580.0,golfer,4,#007cbf,,,,,,,,
golfer_group_62,38.03131864912918,-84.46576966145622,44640.0,golfer,4,#007cbf,,,,,,,,
golfer_group_62,38.0311189562348,-84.46604161874937,44700.0,golfer,4,#007cbf,,,,,,,,
golfer_group_62,38.030919263340415,-84.46631357604252,44760.0,golfer,4,#007cbf,,,,,,,,
golfer_group_62,38.030718115722834,-84.46658350967269,44820.0,golfer,4,#007cbf,,,,,,,,
golfer_group_62,38.0304866033238,-84.46681120290668,44880.0,golfer,4,#007cbf,,,,,,,,
golfer_group_62,38.030255090924776,-84.46703889614066,44940.0,golfer,4,#007cbf,,,,,,,,
golfer_group_62,38.03002357852575,-84.46726658937465,45000.0,golfer,4,#007cbf,,,,,,,,
golfer_group_62,38.02979206612672,-84.46749428260863,45060.0,golfer,4,#007cbf,,,,,,,,
golfer_group_62,38.02956055372769,-84.46772197584261,45120.0,golfer,4,#007cbf,,,,,,,,
golfer_group_62,38.02932904132866,-84.4679496690766,45180.0,golfer,4,#007cbf,,,,,,,,
golfer_group_62,38.02909752892963,-84.46817736231058,45240.0,golfer,4,#007cbf,,,,,,,,
golfer_group_62,38.0288660165306,-84.46840505554457,45300.0,golfer,4,#007cbf,,,,,,,,
golfer_group_62,38.02869804015225,-84.46870681462924,45360.0,golfer,4,#007cbf,,,,,,,,
golfer_group_62,38.028539024924726,-84.46901901999702,45420.0,golfer,4,#007cbf,,,,,,,,
golfer_group_62,38.0283800096972,-84.46933122536481,45480.0,golfer,4,#007cbf,,,,,,,,
golfer_group_62,38.028129065075696,-84.46949162304078,45540.0,golfer,4,#007cbf,,,,,,,,
golfer_group_62,38.02785052807789,-84.46960645602002,45600.0,golfer,1,#007cbf,,,,,,,,
golfer_group_62,38.027571991080094,-84.46972128899925,45660.0,golfer,1,#007cbf,,,,,,,,
golfer_group_62,38.02729345408229,-84.4698361219785,45720.0,golfer,4,#007cbf,,,,,,,,
golfer_group_62,38.027014917084486,-84.46995095495774,45780.0,golfer,4,#007cbf,,,,,,,,
golfer_group_62,38.02677219339408,-84.46990690842384,45840.0,golfer,4,#007cbf,,,,,,,,
golfer_group_62,38.026583670283,-84.46962241044099,45900.0,golfer,4,#007cbf,,,,,,,,
golfer_group_62,38.02639514717193,-84.46933791245814,45960.0,golfer,4,#007cbf,,,,,,,,
golfer_group_62,38.026206624060855,-84.4690534144753,46020.0,golfer,4,#007cbf,,,,,,,,
golfer_group_62,38.02601810094978,-84.46876891649245,46080.0,golfer,4,#007cbf,,,,,,,,
golfer_group_62,38.0258295778387,-84.4684844185096,46140.0,golfer,4,#007cbf,,,,,,,,
golfer_group_62,38.02564105472762,-84.46819992052676,46200.0,golfer,4,#007cbf,,,,,,,,
golfer_group_62,38.02539873776804,-84.4680332578427,46260.0,golfer,4,#007cbf,,,,,,,,
golfer_group_62,38.02511056304286,-84.46796704648648,46320.0,golfer,4,#007cbf,,,,,,,,
golfer_group_62,38.02482238831767,-84.46790083513027,46380.0,golfer,4,#007cbf,,,,,,,,
golfer_group_62,38.02466098715723,-84.46791926274804,46440.0,golfer,4,#007cbf,,,,,,,,
golfer_group_62,38.0248672597656,-84.46818316370741,46500.0,golfer,4,#007cbf,,,,,,,,
golfer_group_62,38.025073532373966,-84.46844706466678,46560.0,golfer,4,#007cbf,,,,,,,,
golfer_group_62,38.02498232223591,-84.46858500193528,46620.0,golfer,4,#007cbf,,,,,,,,
golfer_group_62,38.024692555469876,-84.46863886398934,46680.0,golfer,4,#007cbf,,,,,,,,
golfer_group_62,38.02440278870384,-84.4686927260434,46740.0,golfer,4,#007cbf,,,,,,,,
golfer_group_62,38.0241130219378,-84.46874658809746,46800.0,golfer,4,#007cbf,,,,,,,,
golfer_group_62,38.02382325517176,-84.46880045015152,46860.0,golfer,4,#007cbf,,,,,,,,
golfer_group_62,38.023533488405725,-84.46885431220558,46920.0,golfer,4,#007cbf,,,,,,,,
golfer_group_62,38.02325287292604,-84.46895459002404,46980.0,golfer,4,#007cbf,,,,,,,,
golfer_group_62,38.023120094224296,-84.46908677293466,47040.0,golfer,4,#007cbf,,,,,,,,
golfer_group_62,38.02338797984743,-84.46923698741324,47100.0,golfer,4,#007cbf,,,,,,,,
golfer_group_62,38.02365586547056,-84.46938720189182,47160.0,golfer,4,#007cbf,,,,,,,,
golfer_group_62,38.02392375109368,-84.4695374163704,47220.0,golfer,4,#007cbf,,,,,,,,
golfer_group_62,38.024191636716814,-84.46968763084898,47280.0,golfer,4,#007cbf,,,,,,,,
golfer_group_62,38.024459522339946,-84.46983784532756,47340.0,golfer,4,#007cbf,,,,,,,,
golfer_group_62,38.02472740796308,-84.46998805980614,47400.0,golfer,4,#007cbf,,,,,,,,
golfer_group_62,38.0249952935862,-84.47013827428472,47460.0,golfer,4,#007cbf,,,,,,,,
golfer_group_62,38.02526317920933,-84.4702884887633,47520.0,golfer,4,#007cbf,,,,,,,,
golfer_group_62,38.02549053793203,-84.47051685206469,47580.0,golfer,4,#007cbf,,,,,,,,
golfer_group_62,38.02570511747455,-84.47076985771169,47640.0,golfer,4,#007cbf,,,,,,,,
golfer_group_62,38.025919697017066,-84.4710228633587,47700.0,golfer,4,#007cbf,,,,,,,,
golfer_group_62,38.02613427655959,-84.4712758690057,47760.0,golfer,4,#007cbf,,,,,,,,
golfer_group_62,38.02634885610211,-84.4715288746527,47820.0,golfer,4,#007cbf,,,,,,,,
golfer_group_62,38.026563435644626,-84.4717818802997,47880.0,golfer,4,#007cbf,,,,,,,,
golfer_group_62,38.02678243981026,-84.47202860408251,47940.0,golfer,4,#007cbf,,,,,,,,
golfer_group_62,38.02668611647238,-84.47218057293104,48000.0,golfer,4,#007cbf,,,,,,,,
golfer_group_62,38.02640386024167,-84.4722796932027,48060.0,golfer,4,#007cbf,,,,,,,,
golfer_group_62,38.02612160401096,-84.47237881347434,48120.0,golfer,4,#007cbf,,,,,,,,
golfer_group_62,38.02583934778024,-84.47247793374599,48180.0,golfer,4,#007cbf,,,,,,,,
golfer_group_62,38.02555709154953,-84.47257705401765,48240.0,golfer,4,#007cbf,,,,,,,,
golfer_group_62,38.025278899056985,-84.47258808504574,48300.0,golfer,4,#007cbf,,,,,,,,
golfer_group_62,38.02505413568005,-84.47238241246707,48360.0,golfer,4,#007cbf,,,,,,,,
golfer_group_62,38.02491621232278,-84.47205445775451,48420.0,golfer,4,#007cbf,,,,,,,,
golfer_group_62,38.02477828896551,-84.47172650304194,48480.0,golfer,4,#007cbf,,,,,,,,
golfer_group_62,38.024640365608235,-84.47139854832938,48540.0,golfer,4,#007cbf,,,,,,,,
golfer_group_62,38.02450244225096,-84.4710705936168,48600.0,golfer,4,#007cbf,,,,,,,,
golfer_group_62,38.02436451889369,-84.47074263890424,48660.0,golfer,4,#007cbf,,,,,,,,
golfer_group_62,38.02422659553642,-84.47041468419167,48720.0,golfer,4,#007cbf,,,,,,,,
golfer_group_62,38.02408867217915,-84.4700867294791,48780.0,golfer,4,#007cbf,,,,,,,,
golfer_group_62,38.023830177494666,-84.46991493651929,48840.0,golfer,4,#007cbf,,,,,,,,
golfer_group_62,38.02356911857893,-84.46974646470437,48900.0,golfer,4,#007cbf,,,,,,,,
golfer_group_62,38.0233080596632,-84.46957799288944,48960.0,golfer,4,#007cbf,,,,,,,,
golfer_group_62,38.02304700074746,-84.46940952107451,49020.0,golfer,4,#007cbf,,,,,,,,
golfer_group_62,38.0227847606833,-84.46924457405959,49080.0,golfer,4,#007cbf,,,,,,,,
golfer_group_62,38.02250809559787,-84.46912267439926,49140.0,golfer,4,#007cbf,,,,,,,,
golfer_group_62,38.022527943550884,-84.46893235209967,49200.0,golfer,4,#007cbf,,,,,,,,
golfer_group_62,38.02275311404551,-84.46869465006165,49260.0,golfer,4,#007cbf,,,,,,,,
golfer_group_62,38.02297828454014,-84.46845694802364,49320.0,golfer,4,#007cbf,,,,,,,,
golfer_group_62,38.02320345503476,-84.46821924598564,49380.0,golfer,4,#007cbf,,,,,,,,
golfer_group_62,38.023428625529384,-84.46798154394763,49440.0,golfer,4,#007cbf,,,,,,,,
golfer_group_62,38.02365379602401,-84.46774384190961,49500.0,golfer,4,#007cbf,,,,,,,,
golfer_group_62,38.02387896651864,-84.4675061398716,49560.0,golfer,4,#007cbf,,,,,,,,
golfer_group_62,38.02410413701326,-84.4672684378336,49620.0,golfer,4,#007cbf,,,,,,,,
golfer_group_62,38.024329307507884,-84.46703073579559,49680.0,golfer,4,#007cbf,,,,,,,,
golfer_group_62,38.024516630016976,-84.46674714202182,49740.0,golfer,4,#007cbf,,,,,,,,
golfer_group_62,38.02469334505099,-84.4664506863893,49800.0,golfer,4,#007cbf,,,,,,,,
golfer_group_62,38.02487006008501,-84.46615423075679,49860.0,golfer,4,#007cbf,,,,,,,,
golfer_group_62,38.02504677511902,-84.46585777512426,49920.0,golfer,4,#007cbf,,,,,,,,
golfer_group_62,38.02525798622544,-84.46562593134438,49980.0,golfer,4,#007cbf,,,,,,,,
golfer_group_62,38.025540368765746,-84.46552739312297,50040.0,golfer,4,#007cbf,,,,,,,,
golfer_group_62,38.02582275130605,-84.46542885490156,50100.0,golfer,4,#007cbf,,,,,,,,
golfer_group_62,38.02610513384636,-84.46533031668015,50160.0,golfer,4,#007cbf,,,,,,,,
golfer_group_62,38.02637936666449,-84.46537020680762,50220.0,golfer,4,#007cbf,,,,,,,,
golfer_group_62,38.02664707383,-84.4655209394031,50280.0,golfer,4,#007cbf,,,,,,,,
golfer_group_62,38.026914780995504,-84.46567167199859,50340.0,golfer,4,#007cbf,,,,,,,,
golfer_group_62,38.02718248816101,-84.46582240459409,50400.0,golfer,4,#007cbf,,,,,,,,
golfer_group_62,38.027450195326516,-84.46597313718958,50460.0,golfer,4,#007cbf,,,,,,,,
golfer_group_62,38.02771790249202,-84.46612386978506,50520.0,golfer,4,#007cbf,,,,,,,,
golfer_group_62,38.027985609657534,-84.46627460238055,50580.0,golfer,4,#007cbf,,,,,,,,
golfer_group_62,38.02825331682304,-84.46642533497604,50640.0,golfer,4,#007cbf,,,,,,,,
golfer_group_62,38.02854411583699,-84.46643446747252,50700.0,golfer,4,#007cbf,,,,,,,,
golfer_group_62,38.02883696025459,-84.46643105747557,50760.0,golfer,4,#007cbf,,,,,,,,
golfer_group_62,38.02912980467218,-84.46642764747862,50820.0,golfer,4,#007cbf,,,,,,,,
golfer_group_62,38.029422649089774,-84.46642423748168,50880.0,golfer,4,#007cbf,,,,,,,,
golfer_group_62,38.029714660100595,-84.46640554510962,50940.0,golfer,4,#007cbf,,,,,,,,
golfer_group_62,38.03000508074206,-84.46635768976212,51000.0,golfer,4,#007cbf,,,,,,,,
golfer_group_62,38.03029550138352,-84.46630983441462,51060.0,golfer,4,#007cbf,,,,,,,,
golfer_group_62,38.03034421537664,-84.46623396436489,51120.0,golfer,4,#007cbf,,,,,,,,
golfer_group_62,38.0300654222068,-84.4661201350132,51180.0,golfer,4,#007cbf,,,,,,,,
golfer_group_62,38.02978662903697,-84.46600630566151,51240.0,golfer,4,#007cbf,,,,,,,,
golfer_group_62,38.02950783586713,-84.46589247630982,51300.0,golfer,4,#007cbf,,,,,,,,
golfer_group_62,38.029229042697295,-84.46577864695813,51360.0,golfer,4,#007cbf,,,,,,,,
golfer_group_62,38.02895024952746,-84.46566481760644,51420.0,golfer,4,#007cbf,,,,,,,,
golfer_group_62,38.02867145635763,-84.46555098825475,51480.0,golfer,4,#007cbf,,,,,,,,
golfer_group_62,38.02839266318779,-84.46543715890306,51540.0,golfer,4,#007cbf,,,,,,,,
golfer_group_62,38.02811294382565,-84.46532834232956,51600.0,golfer,4,#007cbf,,,,,,,,
golfer_group_62,38.02782336017175,-84.46527291370359,51660.0,golfer,4,#007cbf,,,,,,,,
golfer_group_62,38.02753377651786,-84.46521748507763,51720.0,golfer,4,#007cbf,,,,,,,,
golfer_group_62,38.027244192863975,-84.46516205645167,51780.0,golfer,4,#007cbf,,,,,,,,
golfer_group_62,38.02695460921009,-84.46510662782572,51840.0,golfer,4,#007cbf,,,,,,,,
golfer_group_62,38.02666502555619,-84.46505119919976,51900.0,golfer,4,#007cbf,,,,,,,,
golfer_group_62,38.02637326063661,-84.4650346343973,51960.0,golfer,4,#007cbf,,,,,,,,
golfer_group_62,38.02608041188864,-84.46503738027086,52020.0,golfer,4,#007cbf,,,,,,,,
golfer_group_62,38.025787563140675,-84.46504012614442,52080.0,golfer,2,#007cbf,,,,,,,,
golfer_group_62,38.025494714392714,-84.46504287201797,52140.0,golfer,4,#007cbf,,,,,,,,
golfer_group_62,38.02556401049359,-84.4653626218534,52200.0,golfer,4,#007cbf,,,,,,,,
golfer_group_62,38.025666096931715,-84.46571107475296,52260.0,golfer,4,#007cbf,,,,,,,,
golfer_group_62,38.02576818336984,-84.46605952765252,52320.0,golfer,4,#007cbf,,,,,,,,
golfer_group_62,38.02587026980797,-84.46640798055208,52380.0,golfer,4,#007cbf,,,,,,,,
golfer_group_62,38.02597235624609,-84.46675643345164,52440.0,golfer,4,#007cbf,,,,,,,,
golfer_group_62,38.02607444268422,-84.46710488635118,52500.0,golfer,4,#007cbf,,,,,,,,
golfer_group_62,38.026176529122345,-84.46745333925074,52560.0,golfer,4,#007cbf,,,,,,,,
golfer_group_62,38.02627861556047,-84.4678017921503,52620.0,golfer,4,#007cbf,,,,,,,,
golfer_group_62,38.026391551516966,-84.46814347235242,52680.0,golfer,4,#007cbf,,,,,,,,
golfer_group_62,38.0265466275618,-84.46845884704874,52740.0,golfer,4,#007cbf,,,,,,,,
golfer_group_62,38.02670170360664,-84.46877422174504,52800.0,golfer,4,#007cbf,,,,,,,,
golfer_group_62,38.02685677965148,-84.46908959644135,52860.0,golfer,4,#007cbf,,,,,,,,
golfer_group_62,38.027011855696315,-84.46940497113766,52920.0,golfer,4,#007cbf,,,,,,,,
golfer_group_62,38.027202562026105,-84.46967624119414,52980.0,golfer,4,#007cbf,,,,,,,,
golfer_group_62,38.027447,-84.469881,53040.0,golfer,1,#007cbf,,,,,,,,
golfer_group_63,38.027447,-84.469881,39240.0,golfer,1,#007cbf,,,,,,,,
golfer_group_63,38.02754627606764,-84.46962578282717,39300.0,golfer,1,#007cbf,,,,,,,,
golfer_group_63,38.02744283462056,-84.4692779685763,39360.0,golfer,1,#007cbf,,,,,,,,
golfer_group_63,38.02733939317348,-84.46893015432545,39420.0,golfer,1,#007cbf,,,,,,,,
golfer_group_63,38.0272359517264,-84.46858234007459,39480.0,golfer,1,#007cbf,,,,,,,,
golfer_group_63,38.027132510279316,-84.46823452582373,39540.0,golfer,1,#007cbf,,,,,,,,
golfer_group_63,38.027029068832235,-84.46788671157287,39600.0,golfer,1,#007cbf,,,,,,,,
golfer_group_63,38.026925627385154,-84.46753889732202,39660.0,golfer,1,#007cbf,,,,,,,,
golfer_group_63,38.02682218593807,-84.46719108307117,39720.0,golfer,1,#007cbf,,,,,,,,
golfer_group_63,38.026707885382585,-84.46684997010087,39780.0,golfer,1,#007cbf,,,,,,,,
golfer_group_63,38.0265563489919,-84.46653183579225,39840.0,golfer,1,#007cbf,,,,,,,,
golfer_group_63,38.02640481260122,-84.46621370148365,39900.0,golfer,1,#007cbf,,,,,,,,
golfer_group_63,38.02625327621054,-84.46589556717504,39960.0,golfer,1,#007cbf,,,,,,,,
golfer_group_63,38.026097865476636,-84.4655806681031,40020.0,golfer,1,#007cbf,,,,,,,,
golfer_group_63,38.02592778516153,-84.46527801873756,40080.0,golfer,4,#007cbf,,,,,,,,
golfer_group_63,38.02575770484643,-84.46497536937204,40140.0,golfer,2,#007cbf,,,,,,,,
golfer_group_63,38.02580429978306,-84.46478189846547,40200.0,golfer,2,#007cbf,,,,,,,,
golfer_group_63,38.02609158193444,-84.46470970518055,40260.0,golfer,2,#007cbf,,,,,,,,
golfer_group_63,38.02637886408582,-84.46463751189565,40320.0,golfer,2,#007cbf,,,,,,,,
golfer_group_63,38.0266661462372,-84.46456531861072,40380.0,golfer,2,#007cbf,,,,,,,,
golfer_group_63,38.02695342838857,-84.4644931253258,40440.0,golfer,2,#007cbf,,,,,,,,
golfer_group_63,38.02723262500985,-84.46440936561527,40500.0,golfer,2,#007cbf,,,,,,,,
golfer_group_63,38.02732323296244,-84.46405582806928,40560.0,golfer,2,#007cbf,,,,,,,,
golfer_group_63,38.027413840915024,-84.46370229052329,40620.0,golfer,3,#007cbf,,,,,,,,
golfer_group_63,38.02755613921936,-84.46339199540722,40680.0,golfer,3,#007cbf,,,,,,,,
golfer_group_63,38.02777631020529,-84.46314684598785,40740.0,golfer,3,#007cbf,,,,,,,,
golfer_group_63,38.027996481191224,-84.4629016965685,40800.0,golfer,3,#007cbf,,,,,,,,
golfer_group_63,38.028216652177164,-84.46265654714912,40860.0,golfer,3,#007cbf,,,,,,,,
golfer_group_63,38.0284368231631,-84.46241139772975,40920.0,golfer,3,#007cbf,,,,,,,,
golfer_group_63,38.02865699414903,-84.4621662483104,40980.0,golfer,3,#007cbf,,,,,,,,
golfer_group_63,38.02887716513497,-84.46192109889103,41040.0,golfer,3,#007cbf,,,,,,,,
golfer_group_63,38.029097336120905,-84.46167594947165,41100.0,golfer,3,#007cbf,,,,,,,,
golfer_group_63,38.02932048603734,-84.46143527844885,41160.0,golfer,3,#007cbf,,,,,,,,
golfer_group_63,38.02954781666501,-84.4612008925283,41220.0,golfer,3,#007cbf,,,,,,,,
golfer_group_63,38.029775147292675,-84.46096650660775,41280.0,golfer,3,#007cbf,,,,,,,,
golfer_group_63,38.03000247792034,-84.46073212068718,41340.0,golfer,3,#007cbf,,,,,,,,
golfer_group_63,38.03022980854801,-84.46049773476663,41400.0,golfer,3,#007cbf,,,,,,,,
golfer_group_63,38.03028198771919,-84.46029007968264,41460.0,golfer,3,#007cbf,,,,,,,,
golfer_group_63,38.030017377451664,-84.46013077159431,41520.0,golfer,4,#007cbf,,,,,,,,
golfer_group_63,38.02974997117584,-84.46003134117494,41580.0,golfer,4,#007cbf,,,,,,,,
golfer_group_63,38.029472388508275,-84.46014984237516,41640.0,golfer,4,#007cbf,,,,,,,,
golfer_group_63,38.02919480584071,-84.46026834357538,41700.0,golfer,4,#007cbf,,,,,,,,
golfer_group_63,38.02891722317315,-84.46038684477558,41760.0,golfer,4,#007cbf,,,,,,,,
golfer_group_63,38.02863964050559,-84.4605053459758,41820.0,golfer,4,#007cbf,,,,,,,,
golfer_group_63,38.02846819932939,-84.46074999771898,41880.0,golfer,4,#007cbf,,,,,,,,
golfer_group_63,38.028356651102726,-84.46108459413088,41940.0,golfer,4,#007cbf,,,,,,,,
golfer_group_63,38.028163251425084,-84.46136377382878,42000.0,golfer,4,#007cbf,,,,,,,,
golfer_group_63,38.02796985174745,-84.46164295352668,42060.0,golfer,4,#007cbf,,,,,,,,
golfer_group_63,38.02777645206981,-84.46192213322458,42120.0,golfer,4,#007cbf,,,,,,,,
golfer_group_63,38.027583052392174,-84.46220131292247,42180.0,golfer,4,#007cbf,,,,,,,,
golfer_group_63,38.02739313138997,-84.4624841808364,42240.0,golfer,4,#007cbf,,,,,,,,
golfer_group_63,38.02721114487077,-84.46277546117278,42300.0,golfer,4,#007cbf,,,,,,,,
golfer_group_63,38.02702915835156,-84.46306674150915,42360.0,golfer,4,#007cbf,,,,,,,,
golfer_group_63,38.02684717183235,-84.46335802184554,42420.0,golfer,4,#007cbf,,,,,,,,
golfer_group_63,38.027030664719845,-84.46345337202217,42480.0,golfer,4,#007cbf,,,,,,,,
golfer_group_63,38.02732202605173,-84.46349089491457,42540.0,golfer,3,#007cbf,,,,,,,,
golfer_group_63,38.02761338738361,-84.46352841780696,42600.0,golfer,3,#007cbf,,,,,,,,
golfer_group_63,38.02787761975422,-84.46365295047241,42660.0,golfer,4,#007cbf,,,,,,,,
golfer_group_63,38.02811027773896,-84.46387875056652,42720.0,golfer,4,#007cbf,,,,,,,,
golfer_group_63,38.02834293572369,-84.46410455066062,42780.0,golfer,4,#007cbf,,,,,,,,
golfer_group_63,38.028575593708425,-84.46433035075472,42840.0,golfer,4,#007cbf,,,,,,,,
golfer_group_63,38.028808251693164,-84.46455615084882,42900.0,golfer,4,#007cbf,,,,,,,,
golfer_group_63,38.029040909677896,-84.46478195094294,42960.0,golfer,4,#007cbf,,,,,,,,
golfer_group_63,38.02927356766263,-84.46500775103704,43020.0,golfer,4,#007cbf,,,,,,,,
golfer_group_63,38.02950622564737,-84.46523355113113,43080.0,golfer,4,#007cbf,,,,,,,,
golfer_group_63,38.02975350361947,-84.4654282954189,43140.0,golfer,4,#007cbf,,,,,,,,
golfer_group_63,38.030020352724144,-84.46558146666777,43200.0,golfer,4,#007cbf,,,,,,,,
golfer_group_63,38.03028720182882,-84.46573463791665,43260.0,golfer,4,#007cbf,,,,,,,,
golfer_group_63,38.030554050933496,-84.46588780916554,43320.0,golfer,4,#007cbf,,,,,,,,
golfer_group_63,38.0308144451061,-84.46601508231271,43380.0,golfer,4,#007cbf,,,,,,,,
golfer_group_63,38.03096331555731,-84.46569490649415,43440.0,golfer,4,#007cbf,,,,,,,,
golfer_group_63,38.03100160851583,-84.46532942233877,43500.0,golfer,4,#007cbf,,,,,,,,
golfer_group_63,38.03102825601745,-84.4649591665407,43560.0,golfer,4,#007cbf,,,,,,,,
golfer_group_63,38.03105490351906,-84.46458891074262,43620.0,golfer,4,#007cbf,,,,,,,,
golfer_group_63,38.031081551020684,-84.46421865494455,43680.0,golfer,4,#007cbf,,,,,,,,
golfer_group_63,38.031108198522304,-84.46384839914647,43740.0,golfer,4,#007cbf,,,,,,,,
golfer_group_63,38.03113484602392,-84.4634781433484,43800.0,golfer,4,#007cbf,,,,,,,,
golfer_group_63,38.03116149352554,-84.46310788755032,43860.0,golfer,4,#007cbf,,,,,,,,
golfer_group_63,38.031127268705696,-84.46274982308951,43920.0,golfer,4,#007cbf,,,,,,,,
golfer_group_63,38.031012137391194,-84.4624079623538,43980.0,golfer,4,#007cbf,,,,,,,,
golfer_group_63,38.03089700607669,-84.46206610161808,44040.0,golfer,4,#007cbf,,,,,,,,
golfer_group_63,38.0307818747622,-84.46172424088235,44100.0,golfer,4,#007cbf,,,,,,,,
golfer_group_63,38.030666743447696,-84.46138238014663,44160.0,golfer,4,#007cbf,,,,,,,,
golfer_group_63,38.030551612133195,-84.46104051941091,44220.0,golfer,4,#007cbf,,,,,,,,
golfer_group_63,38.03081531898336,-84.46091137688049,44280.0,golfer,4,#007cbf,,,,,,,,
golfer_group_63,38.0310279411826,-84.46098091912485,44340.0,golfer,4,#007cbf,,,,,,,,
golfer_group_63,38.03115090321037,-84.46131835889211,44400.0,golfer,4,#007cbf,,,,,,,,
golfer_group_63,38.031273865238134,-84.46165579865938,44460.0,golfer,4,#007cbf,,,,,,,,
golfer_group_63,38.03139682726591,-84.46199323842663,44520.0,golfer,4,#007cbf,,,,,,,,
golfer_group_63,38.031519789293675,-84.4623306781939,44580.0,golfer,4,#007cbf,,,,,,,,
golfer_group_63,38.03164275132144,-84.46266811796116,44640.0,golfer,4,#007cbf,,,,,,,,
golfer_group_63,38.03176571334921,-84.46300555772842,44700.0,golfer,4,#007cbf,,,,,,,,
golfer_group_63,38.031888675376976,-84.46334299749569,44760.0,golfer,4,#007cbf,,,,,,,,
golfer_group_63,38.031909837946635,-84.46368872876327,44820.0,golfer,4,#007cbf,,,,,,,,
golfer_group_63,38.03182184589159,-84.46404335060477,44880.0,golfer,4,#007cbf,,,,,,,,
golfer_group_63,38.03173385383655,-84.46439797244628,44940.0,golfer,4,#007cbf,,,,,,,,
golfer_group_63,38.031645861781506,-84.46475259428779,45000.0,golfer,4,#007cbf,,,,,,,,
golfer_group_63,38.03155786972646,-84.46510721612928,45060.0,golfer,4,#007cbf,,,,,,,,
golfer_group_63,38.03146987767142,-84.46546183797079,45120.0,golfer,4,#007cbf,,,,,,,,
golfer_group_63,38.03131864912918,-84.46576966145622,45180.0,golfer,4,#007cbf,,,,,,,,
golfer_group_63,38.0311189562348,-84.46604161874937,45240.0,golfer,4,#007cbf,,,,,,,,
golfer_group_63,38.030919263340415,-84.46631357604252,45300.0,golfer,4,#007cbf,,,,,,,,
golfer_group_63,38.030718115722834,-84.46658350967269,45360.0,golfer,4,#007cbf,,,,,,,,
golfer_group_63,38.0304866033238,-84.46681120290668,45420.0,golfer,4,#007cbf,,,,,,,,
golfer_group_63,38.030255090924776,-84.46703889614066,45480.0,golfer,4,#007cbf,,,,,,,,
golfer_group_63,38.03002357852575,-84.46726658937465,45540.0,golfer,4,#007cbf,,,,,,,,
golfer_group_63,38.02979206612672,-84.46749428260863,45600.0,golfer,4,#007cbf,,,,,,,,
golfer_group_63,38.02956055372769,-84.46772197584261,45660.0,golfer,4,#007cbf,,,,,,,,
golfer_group_63,38.02932904132866,-84.4679496690766,45720.0,golfer,4,#007cbf,,,,,,,,
golfer_group_63,38.02909752892963,-84.46817736231058,45780.0,golfer,4,#007cbf,,,,,,,,
golfer_group_63,38.0288660165306,-84.46840505554457,45840.0,golfer,4,#007cbf,,,,,,,,
golfer_group_63,38.02869804015225,-84.46870681462924,45900.0,golfer,4,#007cbf,,,,,,,,
golfer_group_63,38.028539024924726,-84.46901901999702,45960.0,golfer,4,#007cbf,,,,,,,,
golfer_group_63,38.0283800096972,-84.46933122536481,46020.0,golfer,4,#007cbf,,,,,,,,
golfer_group_63,38.028129065075696,-84.46949162304078,46080.0,golfer,4,#007cbf,,,,,,,,
golfer_group_63,38.02785052807789,-84.46960645602002,46140.0,golfer,1,#007cbf,,,,,,,,
golfer_group_63,38.027571991080094,-84.46972128899925,46200.0,golfer,1,#007cbf,,,,,,,,
golfer_group_63,38.02729345408229,-84.4698361219785,46260.0,golfer,4,#007cbf,,,,,,,,
golfer_group_63,38.027014917084486,-84.46995095495774,46320.0,golfer,4,#007cbf,,,,,,,,
golfer_group_63,38.02677219339408,-84.46990690842384,46380.0,golfer,4,#007cbf,,,,,,,,
golfer_group_63,38.026583670283,-84.46962241044099,46440.0,golfer,4,#007cbf,,,,,,,,
golfer_group_63,38.02639514717193,-84.46933791245814,46500.0,golfer,4,#007cbf,,,,,,,,
golfer_group_63,38.026206624060855,-84.4690534144753,46560.0,golfer,4,#007cbf,,,,,,,,
golfer_group_63,38.02601810094978,-84.46876891649245,46620.0,golfer,4,#007cbf,,,,,,,,
golfer_group_63,38.0258295778387,-84.4684844185096,46680.0,golfer,4,#007cbf,,,,,,,,
golfer_group_63,38.02564105472762,-84.46819992052676,46740.0,golfer,4,#007cbf,,,,,,,,
golfer_group_63,38.02539873776804,-84.4680332578427,46800.0,golfer,4,#007cbf,,,,,,,,
golfer_group_63,38.02511056304286,-84.46796704648648,46860.0,golfer,4,#007cbf,,,,,,,,
golfer_group_63,38.02482238831767,-84.46790083513027,46920.0,golfer,4,#007cbf,,,,,,,,
golfer_group_63,38.02466098715723,-84.46791926274804,46980.0,golfer,4,#007cbf,,,,,,,,
golfer_group_63,38.0248672597656,-84.46818316370741,47040.0,golfer,4,#007cbf,,,,,,,,
golfer_group_63,38.025073532373966,-84.46844706466678,47100.0,golfer,4,#007cbf,,,,,,,,
golfer_group_63,38.02498232223591,-84.46858500193528,47160.0,golfer,4,#007cbf,,,,,,,,
golfer_group_63,38.024692555469876,-84.46863886398934,47220.0,golfer,4,#007cbf,,,,,,,,
golfer_group_63,38.02440278870384,-84.4686927260434,47280.0,golfer,4,#007cbf,,,,,,,,
golfer_group_63,38.0241130219378,-84.46874658809746,47340.0,golfer,4,#007cbf,,,,,,,,
golfer_group_63,38.02382325517176,-84.46880045015152,47400.0,golfer,4,#007cbf,,,,,,,,
golfer_group_63,38.023533488405725,-84.46885431220558,47460.0,golfer,4,#007cbf,,,,,,,,
golfer_group_63,38.02325287292604,-84.46895459002404,47520.0,golfer,4,#007cbf,,,,,,,,
golfer_group_63,38.023120094224296,-84.46908677293466,47580.0,golfer,4,#007cbf,,,,,,,,
golfer_group_63,38.02338797984743,-84.46923698741324,47640.0,golfer,4,#007cbf,,,,,,,,
golfer_group_63,38.02365586547056,-84.46938720189182,47700.0,golfer,4,#007cbf,,,,,,,,
golfer_group_63,38.02392375109368,-84.4695374163704,47760.0,golfer,4,#007cbf,,,,,,,,
golfer_group_63,38.024191636716814,-84.46968763084898,47820.0,golfer,4,#007cbf,,,,,,,,
golfer_group_63,38.024459522339946,-84.46983784532756,47880.0,golfer,4,#007cbf,,,,,,,,
golfer_group_63,38.02472740796308,-84.46998805980614,47940.0,golfer,4,#007cbf,,,,,,,,
golfer_group_63,38.0249952935862,-84.47013827428472,48000.0,golfer,4,#007cbf,,,,,,,,
golfer_group_63,38.02526317920933,-84.4702884887633,48060.0,golfer,4,#007cbf,,,,,,,,
golfer_group_63,38.02549053793203,-84.47051685206469,48120.0,golfer,4,#007cbf,,,,,,,,
golfer_group_63,38.02570511747455,-84.47076985771169,48180.0,golfer,4,#007cbf,,,,,,,,
golfer_group_63,38.025919697017066,-84.4710228633587,48240.0,golfer,4,#007cbf,,,,,,,,
golfer_group_63,38.02613427655959,-84.4712758690057,48300.0,golfer,4,#007cbf,,,,,,,,
golfer_group_63,38.02634885610211,-84.4715288746527,48360.0,golfer,4,#007cbf,,,,,,,,
golfer_group_63,38.026563435644626,-84.4717818802997,48420.0,golfer,4,#007cbf,,,,,,,,
golfer_group_63,38.02678243981026,-84.47202860408251,48480.0,golfer,4,#007cbf,,,,,,,,
golfer_group_63,38.02668611647238,-84.47218057293104,48540.0,golfer,4,#007cbf,,,,,,,,
golfer_group_63,38.02640386024167,-84.4722796932027,48600.0,golfer,4,#007cbf,,,,,,,,
golfer_group_63,38.02612160401096,-84.47237881347434,48660.0,golfer,4,#007cbf,,,,,,,,
golfer_group_63,38.02583934778024,-84.47247793374599,48720.0,golfer,4,#007cbf,,,,,,,,
golfer_group_63,38.02555709154953,-84.47257705401765,48780.0,golfer,4,#007cbf,,,,,,,,
golfer_group_63,38.025278899056985,-84.47258808504574,48840.0,golfer,4,#007cbf,,,,,,,,
golfer_group_63,38.02505413568005,-84.47238241246707,48900.0,golfer,4,#007cbf,,,,,,,,
golfer_group_63,38.02491621232278,-84.47205445775451,48960.0,golfer,4,#007cbf,,,,,,,,
golfer_group_63,38.02477828896551,-84.47172650304194,49020.0,golfer,4,#007cbf,,,,,,,,
golfer_group_63,38.024640365608235,-84.47139854832938,49080.0,golfer,4,#007cbf,,,,,,,,
golfer_group_63,38.02450244225096,-84.4710705936168,49140.0,golfer,4,#007cbf,,,,,,,,
golfer_group_63,38.02436451889369,-84.47074263890424,49200.0,golfer,4,#007cbf,,,,,,,,
golfer_group_63,38.02422659553642,-84.47041468419167,49260.0,golfer,4,#007cbf,,,,,,,,
golfer_group_63,38.02408867217915,-84.4700867294791,49320.0,golfer,4,#007cbf,,,,,,,,
golfer_group_63,38.023830177494666,-84.46991493651929,49380.0,golfer,4,#007cbf,,,,,,,,
golfer_group_63,38.02356911857893,-84.46974646470437,49440.0,golfer,4,#007cbf,,,,,,,,
golfer_group_63,38.0233080596632,-84.46957799288944,49500.0,golfer,4,#007cbf,,,,,,,,
golfer_group_63,38.02304700074746,-84.46940952107451,49560.0,golfer,4,#007cbf,,,,,,,,
golfer_group_63,38.0227847606833,-84.46924457405959,49620.0,golfer,4,#007cbf,,,,,,,,
golfer_group_63,38.02250809559787,-84.46912267439926,49680.0,golfer,4,#007cbf,,,,,,,,
golfer_group_63,38.022527943550884,-84.46893235209967,49740.0,golfer,4,#007cbf,,,,,,,,
golfer_group_63,38.02275311404551,-84.46869465006165,49800.0,golfer,4,#007cbf,,,,,,,,
golfer_group_63,38.02297828454014,-84.46845694802364,49860.0,golfer,4,#007cbf,,,,,,,,
golfer_group_63,38.02320345503476,-84.46821924598564,49920.0,golfer,4,#007cbf,,,,,,,,
golfer_group_63,38.023428625529384,-84.46798154394763,49980.0,golfer,4,#007cbf,,,,,,,,
golfer_group_63,38.02365379602401,-84.46774384190961,50040.0,golfer,4,#007cbf,,,,,,,,
golfer_group_63,38.02387896651864,-84.4675061398716,50100.0,golfer,4,#007cbf,,,,,,,,
golfer_group_63,38.02410413701326,-84.4672684378336,50160.0,golfer,4,#007cbf,,,,,,,,
golfer_group_63,38.024329307507884,-84.46703073579559,50220.0,golfer,4,#007cbf,,,,,,,,
golfer_group_63,38.024516630016976,-84.46674714202182,50280.0,golfer,4,#007cbf,,,,,,,,
golfer_group_63,38.02469334505099,-84.4664506863893,50340.0,golfer,4,#007cbf,,,,,,,,
golfer_group_63,38.02487006008501,-84.46615423075679,50400.0,golfer,4,#007cbf,,,,,,,,
golfer_group_63,38.02504677511902,-84.46585777512426,50460.0,golfer,4,#007cbf,,,,,,,,
golfer_group_63,38.02525798622544,-84.46562593134438,50520.0,golfer,4,#007cbf,,,,,,,,
golfer_group_63,38.025540368765746,-84.46552739312297,50580.0,golfer,4,#007cbf,,,,,,,,
golfer_group_63,38.02582275130605,-84.46542885490156,50640.0,golfer,4,#007cbf,,,,,,,,
golfer_group_63,38.02610513384636,-84.46533031668015,50700.0,golfer,4,#007cbf,,,,,,,,
golfer_group_63,38.02637936666449,-84.46537020680762,50760.0,golfer,4,#007cbf,,,,,,,,
golfer_group_63,38.02664707383,-84.4655209394031,50820.0,golfer,4,#007cbf,,,,,,,,
golfer_group_63,38.026914780995504,-84.46567167199859,50880.0,golfer,4,#007cbf,,,,,,,,
golfer_group_63,38.02718248816101,-84.46582240459409,50940.0,golfer,4,#007cbf,,,,,,,,
golfer_group_63,38.027450195326516,-84.46597313718958,51000.0,golfer,4,#007cbf,,,,,,,,
golfer_group_63,38.02771790249202,-84.46612386978506,51060.0,golfer,4,#007cbf,,,,,,,,
golfer_group_63,38.027985609657534,-84.46627460238055,51120.0,golfer,4,#007cbf,,,,,,,,
golfer_group_63,38.02825331682304,-84.46642533497604,51180.0,golfer,4,#007cbf,,,,,,,,
golfer_group_63,38.02854411583699,-84.46643446747252,51240.0,golfer,4,#007cbf,,,,,,,,
golfer_group_63,38.02883696025459,-84.46643105747557,51300.0,golfer,4,#007cbf,,,,,,,,
golfer_group_63,38.02912980467218,-84.46642764747862,51360.0,golfer,4,#007cbf,,,,,,,,
golfer_group_63,38.029422649089774,-84.46642423748168,51420.0,golfer,4,#007cbf,,,,,,,,
golfer_group_63,38.029714660100595,-84.46640554510962,51480.0,golfer,4,#007cbf,,,,,,,,
golfer_group_63,38.03000508074206,-84.46635768976212,51540.0,golfer,4,#007cbf,,,,,,,,
golfer_group_63,38.03029550138352,-84.46630983441462,51600.0,golfer,4,#007cbf,,,,,,,,
golfer_group_63,38.03034421537664,-84.46623396436489,51660.0,golfer,4,#007cbf,,,,,,,,
golfer_group_63,38.0300654222068,-84.4661201350132,51720.0,golfer,4,#007cbf,,,,,,,,
golfer_group_63,38.02978662903697,-84.46600630566151,51780.0,golfer,4,#007cbf,,,,,,,,
golfer_group_63,38.02950783586713,-84.46589247630982,51840.0,golfer,4,#007cbf,,,,,,,,
golfer_group_63,38.029229042697295,-84.46577864695813,51900.0,golfer,4,#007cbf,,,,,,,,
golfer_group_63,38.02895024952746,-84.46566481760644,51960.0,golfer,4,#007cbf,,,,,,,,
golfer_group_63,38.02867145635763,-84.46555098825475,52020.0,golfer,4,#007cbf,,,,,,,,
golfer_group_63,38.02839266318779,-84.46543715890306,52080.0,golfer,4,#007cbf,,,,,,,,
golfer_group_63,38.02811294382565,-84.46532834232956,52140.0,golfer,4,#007cbf,,,,,,,,
golfer_group_63,38.02782336017175,-84.46527291370359,52200.0,golfer,4,#007cbf,,,,,,,,
golfer_group_63,38.02753377651786,-84.46521748507763,52260.0,golfer,4,#007cbf,,,,,,,,
golfer_group_63,38.027244192863975,-84.46516205645167,52320.0,golfer,4,#007cbf,,,,,,,,
golfer_group_63,38.02695460921009,-84.46510662782572,52380.0,golfer,4,#007cbf,,,,,,,,
golfer_group_63,38.02666502555619,-84.46505119919976,52440.0,golfer,4,#007cbf,,,,,,,,
golfer_group_63,38.02637326063661,-84.4650346343973,52500.0,golfer,4,#007cbf,,,,,,,,
golfer_group_63,38.02608041188864,-84.46503738027086,52560.0,golfer,4,#007cbf,,,,,,,,
golfer_group_63,38.025787563140675,-84.46504012614442,52620.0,golfer,2,#007cbf,,,,,,,,
golfer_group_63,38.025494714392714,-84.46504287201797,52680.0,golfer,4,#007cbf,,,,,,,,
golfer_group_63,38.02556401049359,-84.4653626218534,52740.0,golfer,4,#007cbf,,,,,,,,
golfer_group_63,38.025666096931715,-84.46571107475296,52800.0,golfer,4,#007cbf,,,,,,,,
golfer_group_63,38.02576818336984,-84.46605952765252,52860.0,golfer,4,#007cbf,,,,,,,,
golfer_group_63,38.02587026980797,-84.46640798055208,52920.0,golfer,4,#007cbf,,,,,,,,
golfer_group_63,38.02597235624609,-84.46675643345164,52980.0,golfer,4,#007cbf,,,,,,,,
golfer_group_63,38.02607444268422,-84.46710488635118,53040.0,golfer,4,#007cbf,,,,,,,,
golfer_group_63,38.026176529122345,-84.46745333925074,53100.0,golfer,4,#007cbf,,,,,,,,
golfer_group_63,38.02627861556047,-84.4678017921503,53160.0,golfer,4,#007cbf,,,,,,,,
golfer_group_63,38.026391551516966,-84.46814347235242,53220.0,golfer,4,#007cbf,,,,,,,,
golfer_group_63,38.0265466275618,-84.46845884704874,53280.0,golfer,4,#007cbf,,,,,,,,
golfer_group_63,38.02670170360664,-84.46877422174504,53340.0,golfer,4,#007cbf,,,,,,,,
golfer_group_63,38.02685677965148,-84.46908959644135,53400.0,golfer,4,#007cbf,,,,,,,,
golfer_group_63,38.027011855696315,-84.46940497113766,53460.0,golfer,4,#007cbf,,,,,,,,
golfer_group_63,38.027202562026105,-84.46967624119414,53520.0,golfer,4,#007cbf,,,,,,,,
golfer_group_63,38.027447,-84.469881,53580.0,golfer,1,#007cbf,,,,,,,,
golfer_group_64,38.027447,-84.469881,39780.0,golfer,1,#007cbf,,,,,,,,
golfer_group_64,38.02754627606764,-84.46962578282717,39840.0,golfer,1,#007cbf,,,,,,,,
golfer_group_64,38.02744283462056,-84.4692779685763,39900.0,golfer,1,#007cbf,,,,,,,,
golfer_group_64,38.02733939317348,-84.46893015432545,39960.0,golfer,1,#007cbf,,,,,,,,
golfer_group_64,38.0272359517264,-84.46858234007459,40020.0,golfer,1,#007cbf,,,,,,,,
golfer_group_64,38.027132510279316,-84.46823452582373,40080.0,golfer,1,#007cbf,,,,,,,,
golfer_group_64,38.027029068832235,-84.46788671157287,40140.0,golfer,1,#007cbf,,,,,,,,
golfer_group_64,38.026925627385154,-84.46753889732202,40200.0,golfer,1,#007cbf,,,,,,,,
golfer_group_64,38.02682218593807,-84.46719108307117,40260.0,golfer,1,#007cbf,,,,,,,,
golfer_group_64,38.026707885382585,-84.46684997010087,40320.0,golfer,1,#007cbf,,,,,,,,
golfer_group_64,38.0265563489919,-84.46653183579225,40380.0,golfer,1,#007cbf,,,,,,,,
golfer_group_64,38.02640481260122,-84.46621370148365,40440.0,golfer,1,#007cbf,,,,,,,,
golfer_group_64,38.02625327621054,-84.46589556717504,40500.0,golfer,1,#007cbf,,,,,,,,
golfer_group_64,38.026097865476636,-84.4655806681031,40560.0,golfer,1,#007cbf,,,,,,,,
golfer_group_64,38.02592778516153,-84.46527801873756,40620.0,golfer,4,#007cbf,,,,,,,,
golfer_group_64,38.02575770484643,-84.46497536937204,40680.0,golfer,2,#007cbf,,,,,,,,
golfer_group_64,38.02580429978306,-84.46478189846547,40740.0,golfer,2,#007cbf,,,,,,,,
golfer_group_64,38.02609158193444,-84.46470970518055,40800.0,golfer,2,#007cbf,,,,,,,,
golfer_group_64,38.02637886408582,-84.46463751189565,40860.0,golfer,2,#007cbf,,,,,,,,
golfer_group_64,38.0266661462372,-84.46456531861072,40920.0,golfer,2,#007cbf,,,,,,,,
golfer_group_64,38.02695342838857,-84.4644931253258,40980.0,golfer,2,#007cbf,,,,,,,,
golfer_group_64,38.02723262500985,-84.46440936561527,41040.0,golfer,2,#007cbf,,,,,,,,
golfer_group_64,38.02732323296244,-84.46405582806928,41100.0,golfer,2,#007cbf,,,,,,,,
golfer_group_64,38.027413840915024,-84.46370229052329,41160.0,golfer,3,#007cbf,,,,,,,,
golfer_group_64,38.02755613921936,-84.46339199540722,41220.0,golfer,3,#007cbf,,,,,,,,
golfer_group_64,38.02777631020529,-84.46314684598785,41280.0,golfer,3,#007cbf,,,,,,,,
golfer_group_64,38.027996481191224,-84.4629016965685,41340.0,golfer,3,#007cbf,,,,,,,,
golfer_group_64,38.028216652177164,-84.46265654714912,41400.0,golfer,3,#007cbf,,,,,,,,
golfer_group_64,38.0284368231631,-84.46241139772975,41460.0,golfer,3,#007cbf,,,,,,,,
golfer_group_64,38.02865699414903,-84.4621662483104,41520.0,golfer,3,#007cbf,,,,,,,,
golfer_group_64,38.02887716513497,-84.46192109889103,41580.0,golfer,3,#007cbf,,,,,,,,
golfer_group_64,38.029097336120905,-84.46167594947165,41640.0,golfer,3,#007cbf,,,,,,,,
golfer_group_64,38.02932048603734,-84.46143527844885,41700.0,golfer,3,#007cbf,,,,,,,,
golfer_group_64,38.02954781666501,-84.4612008925283,41760.0,golfer,3,#007cbf,,,,,,,,
golfer_group_64,38.029775147292675,-84.46096650660775,41820.0,golfer,3,#007cbf,,,,,,,,
golfer_group_64,38.03000247792034,-84.46073212068718,41880.0,golfer,3,#007cbf,,,,,,,,
golfer_group_64,38.03022980854801,-84.46049773476663,41940.0,golfer,3,#007cbf,,,,,,,,
golfer_group_64,38.03028198771919,-84.46029007968264,42000.0,golfer,3,#007cbf,,,,,,,,
golfer_group_64,38.030017377451664,-84.46013077159431,42060.0,golfer,4,#007cbf,,,,,,,,
golfer_group_64,38.02974997117584,-84.46003134117494,42120.0,golfer,4,#007cbf,,,,,,,,
golfer_group_64,38.029472388508275,-84.46014984237516,42180.0,golfer,4,#007cbf,,,,,,,,
golfer_group_64,38.02919480584071,-84.46026834357538,42240.0,golfer,4,#007cbf,,,,,,,,
golfer_group_64,38.02891722317315,-84.46038684477558,42300.0,golfer,4,#007cbf,,,,,,,,
golfer_group_64,38.02863964050559,-84.4605053459758,42360.0,golfer,4,#007cbf,,,,,,,,
golfer_group_64,38.02846819932939,-84.46074999771898,42420.0,golfer,4,#007cbf,,,,,,,,
golfer_group_64,38.028356651102726,-84.46108459413088,42480.0,golfer,4,#007cbf,,,,,,,,
golfer_group_64,38.028163251425084,-84.46136377382878,42540.0,golfer,4,#007cbf,,,,,,,,
golfer_group_64,38.02796985174745,-84.46164295352668,42600.0,golfer,4,#007cbf,,,,,,,,
golfer_group_64,38.02777645206981,-84.46192213322458,42660.0,golfer,4,#007cbf,,,,,,,,
golfer_group_64,38.027583052392174,-84.46220131292247,42720.0,golfer,4,#007cbf,,,,,,,,
golfer_group_64,38.02739313138997,-84.4624841808364,42780.0,golfer,4,#007cbf,,,,,,,,
golfer_group_64,38.02721114487077,-84.46277546117278,42840.0,golfer,4,#007cbf,,,,,,,,
golfer_group_64,38.02702915835156,-84.46306674150915,42900.0,golfer,4,#007cbf,,,,,,,,
golfer_group_64,38.02684717183235,-84.46335802184554,42960.0,golfer,4,#007cbf,,,,,,,,
golfer_group_64,38.027030664719845,-84.46345337202217,43020.0,golfer,4,#007cbf,,,,,,,,
golfer_group_64,38.02732202605173,-84.46349089491457,43080.0,golfer,3,#007cbf,,,,,,,,
golfer_group_64,38.02761338738361,-84.46352841780696,43140.0,golfer,3,#007cbf,,,,,,,,
golfer_group_64,38.02787761975422,-84.46365295047241,43200.0,golfer,4,#007cbf,,,,,,,,
golfer_group_64,38.02811027773896,-84.46387875056652,43260.0,golfer,4,#007cbf,,,,,,,,
golfer_group_64,38.02834293572369,-84.46410455066062,43320.0,golfer,4,#007cbf,,,,,,,,
golfer_group_64,38.028575593708425,-84.46433035075472,43380.0,golfer,4,#007cbf,,,,,,,,
golfer_group_64,38.028808251693164,-84.46455615084882,43440.0,golfer,4,#007cbf,,,,,,,,
golfer_group_64,38.029040909677896,-84.46478195094294,43500.0,golfer,4,#007cbf,,,,,,,,
golfer_group_64,38.02927356766263,-84.46500775103704,43560.0,golfer,4,#007cbf,,,,,,,,
golfer_group_64,38.02950622564737,-84.46523355113113,43620.0,golfer,4,#007cbf,,,,,,,,
golfer_group_64,38.02975350361947,-84.4654282954189,43680.0,golfer,4,#007cbf,,,,,,,,
golfer_group_64,38.030020352724144,-84.46558146666777,43740.0,golfer,4,#007cbf,,,,,,,,
golfer_group_64,38.03028720182882,-84.46573463791665,43800.0,golfer,4,#007cbf,,,,,,,,
golfer_group_64,38.030554050933496,-84.46588780916554,43860.0,golfer,4,#007cbf,,,,,,,,
golfer_group_64,38.0308144451061,-84.46601508231271,43920.0,golfer,4,#007cbf,,,,,,,,
golfer_group_64,38.03096331555731,-84.46569490649415,43980.0,golfer,4,#007cbf,,,,,,,,
golfer_group_64,38.03100160851583,-84.46532942233877,44040.0,golfer,4,#007cbf,,,,,,,,
golfer_group_64,38.03102825601745,-84.4649591665407,44100.0,golfer,4,#007cbf,,,,,,,,
golfer_group_64,38.03105490351906,-84.46458891074262,44160.0,golfer,4,#007cbf,,,,,,,,
golfer_group_64,38.031081551020684,-84.46421865494455,44220.0,golfer,4,#007cbf,,,,,,,,
golfer_group_64,38.031108198522304,-84.46384839914647,44280.0,golfer,4,#007cbf,,,,,,,,
golfer_group_64,38.03113484602392,-84.4634781433484,44340.0,golfer,4,#007cbf,,,,,,,,
golfer_group_64,38.03116149352554,-84.46310788755032,44400.0,golfer,4,#007cbf,,,,,,,,
golfer_group_64,38.031127268705696,-84.46274982308951,44460.0,golfer,4,#007cbf,,,,,,,,
golfer_group_64,38.031012137391194,-84.4624079623538,44520.0,golfer,4,#007cbf,,,,,,,,
golfer_group_64,38.03089700607669,-84.46206610161808,44580.0,golfer,4,#007cbf,,,,,,,,
golfer_group_64,38.0307818747622,-84.46172424088235,44640.0,golfer,4,#007cbf,,,,,,,,
golfer_group_64,38.030666743447696,-84.46138238014663,44700.0,golfer,4,#007cbf,,,,,,,,
golfer_group_64,38.030551612133195,-84.46104051941091,44760.0,golfer,4,#007cbf,,,,,,,,
golfer_group_64,38.03081531898336,-84.46091137688049,44820.0,golfer,4,#007cbf,,,,,,,,
golfer_group_64,38.0310279411826,-84.46098091912485,44880.0,golfer,4,#007cbf,,,,,,,,
golfer_group_64,38.03115090321037,-84.46131835889211,44940.0,golfer,4,#007cbf,,,,,,,,
golfer_group_64,38.031273865238134,-84.46165579865938,45000.0,golfer,4,#007cbf,,,,,,,,
golfer_group_64,38.03139682726591,-84.46199323842663,45060.0,golfer,4,#007cbf,,,,,,,,
golfer_group_64,38.031519789293675,-84.4623306781939,45120.0,golfer,4,#007cbf,,,,,,,,
golfer_group_64,38.03164275132144,-84.46266811796116,45180.0,golfer,4,#007cbf,,,,,,,,
golfer_group_64,38.03176571334921,-84.46300555772842,45240.0,golfer,4,#007cbf,,,,,,,,
golfer_group_64,38.031888675376976,-84.46334299749569,45300.0,golfer,4,#007cbf,,,,,,,,
golfer_group_64,38.031909837946635,-84.46368872876327,45360.0,golfer,4,#007cbf,,,,,,,,
golfer_group_64,38.03182184589159,-84.46404335060477,45420.0,golfer,4,#007cbf,,,,,,,,
golfer_group_64,38.03173385383655,-84.46439797244628,45480.0,golfer,4,#007cbf,,,,,,,,
golfer_group_64,38.031645861781506,-84.46475259428779,45540.0,golfer,4,#007cbf,,,,,,,,
golfer_group_64,38.03155786972646,-84.46510721612928,45600.0,golfer,4,#007cbf,,,,,,,,
golfer_group_64,38.03146987767142,-84.46546183797079,45660.0,golfer,4,#007cbf,,,,,,,,
golfer_group_64,38.03131864912918,-84.46576966145622,45720.0,golfer,4,#007cbf,,,,,,,,
golfer_group_64,38.0311189562348,-84.46604161874937,45780.0,golfer,4,#007cbf,,,,,,,,
golfer_group_64,38.030919263340415,-84.46631357604252,45840.0,golfer,4,#007cbf,,,,,,,,
golfer_group_64,38.030718115722834,-84.46658350967269,45900.0,golfer,4,#007cbf,,,,,,,,
golfer_group_64,38.0304866033238,-84.46681120290668,45960.0,golfer,4,#007cbf,,,,,,,,
golfer_group_64,38.030255090924776,-84.46703889614066,46020.0,golfer,4,#007cbf,,,,,,,,
golfer_group_64,38.03002357852575,-84.46726658937465,46080.0,golfer,4,#007cbf,,,,,,,,
golfer_group_64,38.02979206612672,-84.46749428260863,46140.0,golfer,4,#007cbf,,,,,,,,
golfer_group_64,38.02956055372769,-84.46772197584261,46200.0,golfer,4,#007cbf,,,,,,,,
golfer_group_64,38.02932904132866,-84.4679496690766,46260.0,golfer,4,#007cbf,,,,,,,,
golfer_group_64,38.02909752892963,-84.46817736231058,46320.0,golfer,4,#007cbf,,,,,,,,
golfer_group_64,38.0288660165306,-84.46840505554457,46380.0,golfer,4,#007cbf,,,,,,,,
golfer_group_64,38.02869804015225,-84.46870681462924,46440.0,golfer,4,#007cbf,,,,,,,,
golfer_group_64,38.028539024924726,-84.46901901999702,46500.0,golfer,4,#007cbf,,,,,,,,
golfer_group_64,38.0283800096972,-84.46933122536481,46560.0,golfer,4,#007cbf,,,,,,,,
golfer_group_64,38.028129065075696,-84.46949162304078,46620.0,golfer,4,#007cbf,,,,,,,,
golfer_group_64,38.02785052807789,-84.46960645602002,46680.0,golfer,1,#007cbf,,,,,,,,
golfer_group_64,38.027571991080094,-84.46972128899925,46740.0,golfer,1,#007cbf,,,,,,,,
golfer_group_64,38.02729345408229,-84.4698361219785,46800.0,golfer,4,#007cbf,,,,,,,,
golfer_group_64,38.027014917084486,-84.46995095495774,46860.0,golfer,4,#007cbf,,,,,,,,
golfer_group_64,38.02677219339408,-84.46990690842384,46920.0,golfer,4,#007cbf,,,,,,,,
golfer_group_64,38.026583670283,-84.46962241044099,46980.0,golfer,4,#007cbf,,,,,,,,
golfer_group_64,38.02639514717193,-84.46933791245814,47040.0,golfer,4,#007cbf,,,,,,,,
golfer_group_64,38.026206624060855,-84.4690534144753,47100.0,golfer,4,#007cbf,,,,,,,,
golfer_group_64,38.02601810094978,-84.46876891649245,47160.0,golfer,4,#007cbf,,,,,,,,
golfer_group_64,38.0258295778387,-84.4684844185096,47220.0,golfer,4,#007cbf,,,,,,,,
golfer_group_64,38.02564105472762,-84.46819992052676,47280.0,golfer,4,#007cbf,,,,,,,,
golfer_group_64,38.02539873776804,-84.4680332578427,47340.0,golfer,4,#007cbf,,,,,,,,
golfer_group_64,38.02511056304286,-84.46796704648648,47400.0,golfer,4,#007cbf,,,,,,,,
golfer_group_64,38.02482238831767,-84.46790083513027,47460.0,golfer,4,#007cbf,,,,,,,,
golfer_group_64,38.02466098715723,-84.46791926274804,47520.0,golfer,4,#007cbf,,,,,,,,
golfer_group_64,38.0248672597656,-84.46818316370741,47580.0,golfer,4,#007cbf,,,,,,,,
golfer_group_64,38.025073532373966,-84.46844706466678,47640.0,golfer,4,#007cbf,,,,,,,,
golfer_group_64,38.02498232223591,-84.46858500193528,47700.0,golfer,4,#007cbf,,,,,,,,
golfer_group_64,38.024692555469876,-84.46863886398934,47760.0,golfer,4,#007cbf,,,,,,,,
golfer_group_64,38.02440278870384,-84.4686927260434,47820.0,golfer,4,#007cbf,,,,,,,,
golfer_group_64,38.0241130219378,-84.46874658809746,47880.0,golfer,4,#007cbf,,,,,,,,
golfer_group_64,38.02382325517176,-84.46880045015152,47940.0,golfer,4,#007cbf,,,,,,,,
golfer_group_64,38.023533488405725,-84.46885431220558,48000.0,golfer,4,#007cbf,,,,,,,,
golfer_group_64,38.02325287292604,-84.46895459002404,48060.0,golfer,4,#007cbf,,,,,,,,
golfer_group_64,38.023120094224296,-84.46908677293466,48120.0,golfer,4,#007cbf,,,,,,,,
golfer_group_64,38.02338797984743,-84.46923698741324,48180.0,golfer,4,#007cbf,,,,,,,,
golfer_group_64,38.02365586547056,-84.46938720189182,48240.0,golfer,4,#007cbf,,,,,,,,
golfer_group_64,38.02392375109368,-84.4695374163704,48300.0,golfer,4,#007cbf,,,,,,,,
golfer_group_64,38.024191636716814,-84.46968763084898,48360.0,golfer,4,#007cbf,,,,,,,,
golfer_group_64,38.024459522339946,-84.46983784532756,48420.0,golfer,4,#007cbf,,,,,,,,
golfer_group_64,38.02472740796308,-84.46998805980614,48480.0,golfer,4,#007cbf,,,,,,,,
golfer_group_64,38.0249952935862,-84.47013827428472,48540.0,golfer,4,#007cbf,,,,,,,,
golfer_group_64,38.02526317920933,-84.4702884887633,48600.0,golfer,4,#007cbf,,,,,,,,
golfer_group_64,38.02549053793203,-84.47051685206469,48660.0,golfer,4,#007cbf,,,,,,,,
golfer_group_64,38.02570511747455,-84.47076985771169,48720.0,golfer,4,#007cbf,,,,,,,,
golfer_group_64,38.025919697017066,-84.4710228633587,48780.0,golfer,4,#007cbf,,,,,,,,
golfer_group_64,38.02613427655959,-84.4712758690057,48840.0,golfer,4,#007cbf,,,,,,,,
golfer_group_64,38.02634885610211,-84.4715288746527,48900.0,golfer,4,#007cbf,,,,,,,,
golfer_group_64,38.026563435644626,-84.4717818802997,48960.0,golfer,4,#007cbf,,,,,,,,
golfer_group_64,38.02678243981026,-84.47202860408251,49020.0,golfer,4,#007cbf,,,,,,,,
golfer_group_64,38.02668611647238,-84.47218057293104,49080.0,golfer,4,#007cbf,,,,,,,,
golfer_group_64,38.02640386024167,-84.4722796932027,49140.0,golfer,4,#007cbf,,,,,,,,
golfer_group_64,38.02612160401096,-84.47237881347434,49200.0,golfer,4,#007cbf,,,,,,,,
golfer_group_64,38.02583934778024,-84.47247793374599,49260.0,golfer,4,#007cbf,,,,,,,,
golfer_group_64,38.02555709154953,-84.47257705401765,49320.0,golfer,4,#007cbf,,,,,,,,
golfer_group_64,38.025278899056985,-84.47258808504574,49380.0,golfer,4,#007cbf,,,,,,,,
golfer_group_64,38.02505413568005,-84.47238241246707,49440.0,golfer,4,#007cbf,,,,,,,,
golfer_group_64,38.02491621232278,-84.47205445775451,49500.0,golfer,4,#007cbf,,,,,,,,
golfer_group_64,38.02477828896551,-84.47172650304194,49560.0,golfer,4,#007cbf,,,,,,,,
golfer_group_64,38.024640365608235,-84.47139854832938,49620.0,golfer,4,#007cbf,,,,,,,,
golfer_group_64,38.02450244225096,-84.4710705936168,49680.0,golfer,4,#007cbf,,,,,,,,
golfer_group_64,38.02436451889369,-84.47074263890424,49740.0,golfer,4,#007cbf,,,,,,,,
golfer_group_64,38.02422659553642,-84.47041468419167,49800.0,golfer,4,#007cbf,,,,,,,,
golfer_group_64,38.02408867217915,-84.4700867294791,49860.0,golfer,4,#007cbf,,,,,,,,
golfer_group_64,38.023830177494666,-84.46991493651929,49920.0,golfer,4,#007cbf,,,,,,,,
golfer_group_64,38.02356911857893,-84.46974646470437,49980.0,golfer,4,#007cbf,,,,,,,,
golfer_group_64,38.0233080596632,-84.46957799288944,50040.0,golfer,4,#007cbf,,,,,,,,
golfer_group_64,38.02304700074746,-84.46940952107451,50100.0,golfer,4,#007cbf,,,,,,,,
golfer_group_64,38.0227847606833,-84.46924457405959,50160.0,golfer,4,#007cbf,,,,,,,,
golfer_group_64,38.02250809559787,-84.46912267439926,50220.0,golfer,4,#007cbf,,,,,,,,
golfer_group_64,38.022527943550884,-84.46893235209967,50280.0,golfer,4,#007cbf,,,,,,,,
golfer_group_64,38.02275311404551,-84.46869465006165,50340.0,golfer,4,#007cbf,,,,,,,,
golfer_group_64,38.02297828454014,-84.46845694802364,50400.0,golfer,4,#007cbf,,,,,,,,
golfer_group_64,38.02320345503476,-84.46821924598564,50460.0,golfer,4,#007cbf,,,,,,,,
golfer_group_64,38.023428625529384,-84.46798154394763,50520.0,golfer,4,#007cbf,,,,,,,,
golfer_group_64,38.02365379602401,-84.46774384190961,50580.0,golfer,4,#007cbf,,,,,,,,
golfer_group_64,38.02387896651864,-84.4675061398716,50640.0,golfer,4,#007cbf,,,,,,,,
golfer_group_64,38.02410413701326,-84.4672684378336,50700.0,golfer,4,#007cbf,,,,,,,,
golfer_group_64,38.024329307507884,-84.46703073579559,50760.0,golfer,4,#007cbf,,,,,,,,
golfer_group_64,38.024516630016976,-84.46674714202182,50820.0,golfer,4,#007cbf,,,,,,,,
golfer_group_64,38.02469334505099,-84.4664506863893,50880.0,golfer,4,#007cbf,,,,,,,,
golfer_group_64,38.02487006008501,-84.46615423075679,50940.0,golfer,4,#007cbf,,,,,,,,
golfer_group_64,38.02504677511902,-84.46585777512426,51000.0,golfer,4,#007cbf,,,,,,,,
golfer_group_64,38.02525798622544,-84.46562593134438,51060.0,golfer,4,#007cbf,,,,,,,,
golfer_group_64,38.025540368765746,-84.46552739312297,51120.0,golfer,4,#007cbf,,,,,,,,
golfer_group_64,38.02582275130605,-84.46542885490156,51180.0,golfer,4,#007cbf,,,,,,,,
golfer_group_64,38.02610513384636,-84.46533031668015,51240.0,golfer,4,#007cbf,,,,,,,,
golfer_group_64,38.02637936666449,-84.46537020680762,51300.0,golfer,4,#007cbf,,,,,,,,
golfer_group_64,38.02664707383,-84.4655209394031,51360.0,golfer,4,#007cbf,,,,,,,,
golfer_group_64,38.026914780995504,-84.46567167199859,51420.0,golfer,4,#007cbf,,,,,,,,
golfer_group_64,38.02718248816101,-84.46582240459409,51480.0,golfer,4,#007cbf,,,,,,,,
golfer_group_64,38.027450195326516,-84.46597313718958,51540.0,golfer,4,#007cbf,,,,,,,,
golfer_group_64,38.02771790249202,-84.46612386978506,51600.0,golfer,4,#007cbf,,,,,,,,
golfer_group_64,38.027985609657534,-84.46627460238055,51660.0,golfer,4,#007cbf,,,,,,,,
golfer_group_64,38.02825331682304,-84.46642533497604,51720.0,golfer,4,#007cbf,,,,,,,,
golfer_group_64,38.02854411583699,-84.46643446747252,51780.0,golfer,4,#007cbf,,,,,,,,
golfer_group_64,38.02883696025459,-84.46643105747557,51840.0,golfer,4,#007cbf,,,,,,,,
golfer_group_64,38.02912980467218,-84.46642764747862,51900.0,golfer,4,#007cbf,,,,,,,,
golfer_group_64,38.029422649089774,-84.46642423748168,51960.0,golfer,4,#007cbf,,,,,,,,
golfer_group_64,38.029714660100595,-84.46640554510962,52020.0,golfer,4,#007cbf,,,,,,,,
golfer_group_64,38.03000508074206,-84.46635768976212,52080.0,golfer,4,#007cbf,,,,,,,,
golfer_group_64,38.03029550138352,-84.46630983441462,52140.0,golfer,4,#007cbf,,,,,,,,
golfer_group_64,38.03034421537664,-84.46623396436489,52200.0,golfer,4,#007cbf,,,,,,,,
golfer_group_64,38.0300654222068,-84.4661201350132,52260.0,golfer,4,#007cbf,,,,,,,,
golfer_group_64,38.02978662903697,-84.46600630566151,52320.0,golfer,4,#007cbf,,,,,,,,
golfer_group_64,38.02950783586713,-84.46589247630982,52380.0,golfer,4,#007cbf,,,,,,,,
golfer_group_64,38.029229042697295,-84.46577864695813,52440.0,golfer,4,#007cbf,,,,,,,,
golfer_group_64,38.02895024952746,-84.46566481760644,52500.0,golfer,4,#007cbf,,,,,,,,
golfer_group_64,38.02867145635763,-84.46555098825475,52560.0,golfer,4,#007cbf,,,,,,,,
golfer_group_64,38.02839266318779,-84.46543715890306,52620.0,golfer,4,#007cbf,,,,,,,,
golfer_group_64,38.02811294382565,-84.46532834232956,52680.0,golfer,4,#007cbf,,,,,,,,
golfer_group_64,38.02782336017175,-84.46527291370359,52740.0,golfer,4,#007cbf,,,,,,,,
golfer_group_64,38.02753377651786,-84.46521748507763,52800.0,golfer,4,#007cbf,,,,,,,,
golfer_group_64,38.027244192863975,-84.46516205645167,52860.0,golfer,4,#007cbf,,,,,,,,
golfer_group_64,38.02695460921009,-84.46510662782572,52920.0,golfer,4,#007cbf,,,,,,,,
golfer_group_64,38.02666502555619,-84.46505119919976,52980.0,golfer,4,#007cbf,,,,,,,,
golfer_group_64,38.02637326063661,-84.4650346343973,53040.0,golfer,4,#007cbf,,,,,,,,
golfer_group_64,38.02608041188864,-84.46503738027086,53100.0,golfer,4,#007cbf,,,,,,,,
golfer_group_64,38.025787563140675,-84.46504012614442,53160.0,golfer,2,#007cbf,,,,,,,,
golfer_group_64,38.025494714392714,-84.46504287201797,53220.0,golfer,4,#007cbf,,,,,,,,
golfer_group_64,38.02556401049359,-84.4653626218534,53280.0,golfer,4,#007cbf,,,,,,,,
golfer_group_64,38.025666096931715,-84.46571107475296,53340.0,golfer,4,#007cbf,,,,,,,,
golfer_group_64,38.02576818336984,-84.46605952765252,53400.0,golfer,4,#007cbf,,,,,,,,
golfer_group_64,38.02587026980797,-84.46640798055208,53460.0,golfer,4,#007cbf,,,,,,,,
golfer_group_64,38.02597235624609,-84.46675643345164,53520.0,golfer,4,#007cbf,,,,,,,,
golfer_group_64,38.02607444268422,-84.46710488635118,53580.0,golfer,4,#007cbf,,,,,,,,
golfer_group_64,38.026176529122345,-84.46745333925074,53640.0,golfer,4,#007cbf,,,,,,,,
golfer_group_64,38.02627861556047,-84.4678017921503,53700.0,golfer,4,#007cbf,,,,,,,,
golfer_group_64,38.026391551516966,-84.46814347235242,53760.0,golfer,4,#007cbf,,,,,,,,
golfer_group_64,38.0265466275618,-84.46845884704874,53820.0,golfer,4,#007cbf,,,,,,,,
golfer_group_64,38.02670170360664,-84.46877422174504,53880.0,golfer,4,#007cbf,,,,,,,,
golfer_group_64,38.02685677965148,-84.46908959644135,53940.0,golfer,4,#007cbf,,,,,,,,
golfer_group_64,38.027011855696315,-84.46940497113766,54000.0,golfer,4,#007cbf,,,,,,,,
golfer_group_64,38.027202562026105,-84.46967624119414,54060.0,golfer,4,#007cbf,,,,,,,,
golfer_group_64,38.027447,-84.469881,54120.0,golfer,1,#007cbf,,,,,,,,
golfer_group_65,38.027447,-84.469881,40320.0,golfer,1,#007cbf,,,,,,,,
golfer_group_65,38.02754627606764,-84.46962578282717,40380.0,golfer,1,#007cbf,,,,,,,,
golfer_group_65,38.02744283462056,-84.4692779685763,40440.0,golfer,1,#007cbf,,,,,,,,
golfer_group_65,38.02733939317348,-84.46893015432545,40500.0,golfer,1,#007cbf,,,,,,,,
golfer_group_65,38.0272359517264,-84.46858234007459,40560.0,golfer,1,#007cbf,,,,,,,,
golfer_group_65,38.027132510279316,-84.46823452582373,40620.0,golfer,1,#007cbf,,,,,,,,
golfer_group_65,38.027029068832235,-84.46788671157287,40680.0,golfer,1,#007cbf,,,,,,,,
golfer_group_65,38.026925627385154,-84.46753889732202,40740.0,golfer,1,#007cbf,,,,,,,,
golfer_group_65,38.02682218593807,-84.46719108307117,40800.0,golfer,1,#007cbf,,,,,,,,
golfer_group_65,38.026707885382585,-84.46684997010087,40860.0,golfer,1,#007cbf,,,,,,,,
golfer_group_65,38.0265563489919,-84.46653183579225,40920.0,golfer,1,#007cbf,,,,,,,,
golfer_group_65,38.02640481260122,-84.46621370148365,40980.0,golfer,1,#007cbf,,,,,,,,
golfer_group_65,38.02625327621054,-84.46589556717504,41040.0,golfer,1,#007cbf,,,,,,,,
golfer_group_65,38.026097865476636,-84.4655806681031,41100.0,golfer,1,#007cbf,,,,,,,,
golfer_group_65,38.02592778516153,-84.46527801873756,41160.0,golfer,4,#007cbf,,,,,,,,
golfer_group_65,38.02575770484643,-84.46497536937204,41220.0,golfer,2,#007cbf,,,,,,,,
golfer_group_65,38.02580429978306,-84.46478189846547,41280.0,golfer,2,#007cbf,,,,,,,,
golfer_group_65,38.02609158193444,-84.46470970518055,41340.0,golfer,2,#007cbf,,,,,,,,
golfer_group_65,38.02637886408582,-84.46463751189565,41400.0,golfer,2,#007cbf,,,,,,,,
golfer_group_65,38.0266661462372,-84.46456531861072,41460.0,golfer,2,#007cbf,,,,,,,,
golfer_group_65,38.02695342838857,-84.4644931253258,41520.0,golfer,2,#007cbf,,,,,,,,
golfer_group_65,38.02723262500985,-84.46440936561527,41580.0,golfer,2,#007cbf,,,,,,,,
golfer_group_65,38.02732323296244,-84.46405582806928,41640.0,golfer,2,#007cbf,,,,,,,,
golfer_group_65,38.027413840915024,-84.46370229052329,41700.0,golfer,3,#007cbf,,,,,,,,
golfer_group_65,38.02755613921936,-84.46339199540722,41760.0,golfer,3,#007cbf,,,,,,,,
golfer_group_65,38.02777631020529,-84.46314684598785,41820.0,golfer,3,#007cbf,,,,,,,,
golfer_group_65,38.027996481191224,-84.4629016965685,41880.0,golfer,3,#007cbf,,,,,,,,
golfer_group_65,38.028216652177164,-84.46265654714912,41940.0,golfer,3,#007cbf,,,,,,,,
golfer_group_65,38.0284368231631,-84.46241139772975,42000.0,golfer,3,#007cbf,,,,,,,,
golfer_group_65,38.02865699414903,-84.4621662483104,42060.0,golfer,3,#007cbf,,,,,,,,
golfer_group_65,38.02887716513497,-84.46192109889103,42120.0,golfer,3,#007cbf,,,,,,,,
golfer_group_65,38.029097336120905,-84.46167594947165,42180.0,golfer,3,#007cbf,,,,,,,,
golfer_group_65,38.02932048603734,-84.46143527844885,42240.0,golfer,3,#007cbf,,,,,,,,
golfer_group_65,38.02954781666501,-84.4612008925283,42300.0,golfer,3,#007cbf,,,,,,,,
golfer_group_65,38.029775147292675,-84.46096650660775,42360.0,golfer,3,#007cbf,,,,,,,,
golfer_group_65,38.03000247792034,-84.46073212068718,42420.0,golfer,3,#007cbf,,,,,,,,
golfer_group_65,38.03022980854801,-84.46049773476663,42480.0,golfer,3,#007cbf,,,,,,,,
golfer_group_65,38.03028198771919,-84.46029007968264,42540.0,golfer,3,#007cbf,,,,,,,,
golfer_group_65,38.030017377451664,-84.46013077159431,42600.0,golfer,4,#007cbf,,,,,,,,
golfer_group_65,38.02974997117584,-84.46003134117494,42660.0,golfer,4,#007cbf,,,,,,,,
golfer_group_65,38.029472388508275,-84.46014984237516,42720.0,golfer,4,#007cbf,,,,,,,,
golfer_group_65,38.02919480584071,-84.46026834357538,42780.0,golfer,4,#007cbf,,,,,,,,
golfer_group_65,38.02891722317315,-84.46038684477558,42840.0,golfer,4,#007cbf,,,,,,,,
golfer_group_65,38.02863964050559,-84.4605053459758,42900.0,golfer,4,#007cbf,,,,,,,,
golfer_group_65,38.02846819932939,-84.46074999771898,42960.0,golfer,4,#007cbf,,,,,,,,
golfer_group_65,38.028356651102726,-84.46108459413088,43020.0,golfer,4,#007cbf,,,,,,,,
golfer_group_65,38.028163251425084,-84.46136377382878,43080.0,golfer,4,#007cbf,,,,,,,,
golfer_group_65,38.02796985174745,-84.46164295352668,43140.0,golfer,4,#007cbf,,,,,,,,
golfer_group_65,38.02777645206981,-84.46192213322458,43200.0,golfer,4,#007cbf,,,,,,,,
golfer_group_65,38.027583052392174,-84.46220131292247,43260.0,golfer,4,#007cbf,,,,,,,,
golfer_group_65,38.02739313138997,-84.4624841808364,43320.0,golfer,4,#007cbf,,,,,,,,
golfer_group_65,38.02721114487077,-84.46277546117278,43380.0,golfer,4,#007cbf,,,,,,,,
golfer_group_65,38.02702915835156,-84.46306674150915,43440.0,golfer,4,#007cbf,,,,,,,,
golfer_group_65,38.02684717183235,-84.46335802184554,43500.0,golfer,4,#007cbf,,,,,,,,
golfer_group_65,38.027030664719845,-84.46345337202217,43560.0,golfer,4,#007cbf,,,,,,,,
golfer_group_65,38.02732202605173,-84.46349089491457,43620.0,golfer,3,#007cbf,,,,,,,,
golfer_group_65,38.02761338738361,-84.46352841780696,43680.0,golfer,3,#007cbf,,,,,,,,
golfer_group_65,38.02787761975422,-84.46365295047241,43740.0,golfer,4,#007cbf,,,,,,,,
golfer_group_65,38.02811027773896,-84.46387875056652,43800.0,golfer,4,#007cbf,,,,,,,,
golfer_group_65,38.02834293572369,-84.46410455066062,43860.0,golfer,4,#007cbf,,,,,,,,
golfer_group_65,38.028575593708425,-84.46433035075472,43920.0,golfer,4,#007cbf,,,,,,,,
golfer_group_65,38.028808251693164,-84.46455615084882,43980.0,golfer,4,#007cbf,,,,,,,,
golfer_group_65,38.029040909677896,-84.46478195094294,44040.0,golfer,4,#007cbf,,,,,,,,
golfer_group_65,38.02927356766263,-84.46500775103704,44100.0,golfer,4,#007cbf,,,,,,,,
golfer_group_65,38.02950622564737,-84.46523355113113,44160.0,golfer,4,#007cbf,,,,,,,,
golfer_group_65,38.02975350361947,-84.4654282954189,44220.0,golfer,4,#007cbf,,,,,,,,
golfer_group_65,38.030020352724144,-84.46558146666777,44280.0,golfer,4,#007cbf,,,,,,,,
golfer_group_65,38.03028720182882,-84.46573463791665,44340.0,golfer,4,#007cbf,,,,,,,,
golfer_group_65,38.030554050933496,-84.46588780916554,44400.0,golfer,4,#007cbf,,,,,,,,
golfer_group_65,38.0308144451061,-84.46601508231271,44460.0,golfer,4,#007cbf,,,,,,,,
golfer_group_65,38.03096331555731,-84.46569490649415,44520.0,golfer,4,#007cbf,,,,,,,,
golfer_group_65,38.03100160851583,-84.46532942233877,44580.0,golfer,4,#007cbf,,,,,,,,
golfer_group_65,38.03102825601745,-84.4649591665407,44640.0,golfer,4,#007cbf,,,,,,,,
golfer_group_65,38.03105490351906,-84.46458891074262,44700.0,golfer,4,#007cbf,,,,,,,,
golfer_group_65,38.031081551020684,-84.46421865494455,44760.0,golfer,4,#007cbf,,,,,,,,
golfer_group_65,38.031108198522304,-84.46384839914647,44820.0,golfer,4,#007cbf,,,,,,,,
golfer_group_65,38.03113484602392,-84.4634781433484,44880.0,golfer,4,#007cbf,,,,,,,,
golfer_group_65,38.03116149352554,-84.46310788755032,44940.0,golfer,4,#007cbf,,,,,,,,
golfer_group_65,38.031127268705696,-84.46274982308951,45000.0,golfer,4,#007cbf,,,,,,,,
golfer_group_65,38.031012137391194,-84.4624079623538,45060.0,golfer,4,#007cbf,,,,,,,,
golfer_group_65,38.03089700607669,-84.46206610161808,45120.0,golfer,4,#007cbf,,,,,,,,
golfer_group_65,38.0307818747622,-84.46172424088235,45180.0,golfer,4,#007cbf,,,,,,,,
golfer_group_65,38.030666743447696,-84.46138238014663,45240.0,golfer,4,#007cbf,,,,,,,,
golfer_group_65,38.030551612133195,-84.46104051941091,45300.0,golfer,4,#007cbf,,,,,,,,
golfer_group_65,38.03081531898336,-84.46091137688049,45360.0,golfer,4,#007cbf,,,,,,,,
golfer_group_65,38.0310279411826,-84.46098091912485,45420.0,golfer,4,#007cbf,,,,,,,,
golfer_group_65,38.03115090321037,-84.46131835889211,45480.0,golfer,4,#007cbf,,,,,,,,
golfer_group_65,38.031273865238134,-84.46165579865938,45540.0,golfer,4,#007cbf,,,,,,,,
golfer_group_65,38.03139682726591,-84.46199323842663,45600.0,golfer,4,#007cbf,,,,,,,,
golfer_group_65,38.031519789293675,-84.4623306781939,45660.0,golfer,4,#007cbf,,,,,,,,
golfer_group_65,38.03164275132144,-84.46266811796116,45720.0,golfer,4,#007cbf,,,,,,,,
golfer_group_65,38.03176571334921,-84.46300555772842,45780.0,golfer,4,#007cbf,,,,,,,,
golfer_group_65,38.031888675376976,-84.46334299749569,45840.0,golfer,4,#007cbf,,,,,,,,
golfer_group_65,38.031909837946635,-84.46368872876327,45900.0,golfer,4,#007cbf,,,,,,,,
golfer_group_65,38.03182184589159,-84.46404335060477,45960.0,golfer,4,#007cbf,,,,,,,,
golfer_group_65,38.03173385383655,-84.46439797244628,46020.0,golfer,4,#007cbf,,,,,,,,
golfer_group_65,38.031645861781506,-84.46475259428779,46080.0,golfer,4,#007cbf,,,,,,,,
golfer_group_65,38.03155786972646,-84.46510721612928,46140.0,golfer,4,#007cbf,,,,,,,,
golfer_group_65,38.03146987767142,-84.46546183797079,46200.0,golfer,4,#007cbf,,,,,,,,
golfer_group_65,38.03131864912918,-84.46576966145622,46260.0,golfer,4,#007cbf,,,,,,,,
golfer_group_65,38.0311189562348,-84.46604161874937,46320.0,golfer,4,#007cbf,,,,,,,,
golfer_group_65,38.030919263340415,-84.46631357604252,46380.0,golfer,4,#007cbf,,,,,,,,
golfer_group_65,38.030718115722834,-84.46658350967269,46440.0,golfer,4,#007cbf,,,,,,,,
golfer_group_65,38.0304866033238,-84.46681120290668,46500.0,golfer,4,#007cbf,,,,,,,,
golfer_group_65,38.030255090924776,-84.46703889614066,46560.0,golfer,4,#007cbf,,,,,,,,
golfer_group_65,38.03002357852575,-84.46726658937465,46620.0,golfer,4,#007cbf,,,,,,,,
golfer_group_65,38.02979206612672,-84.46749428260863,46680.0,golfer,4,#007cbf,,,,,,,,
golfer_group_65,38.02956055372769,-84.46772197584261,46740.0,golfer,4,#007cbf,,,,,,,,
golfer_group_65,38.02932904132866,-84.4679496690766,46800.0,golfer,4,#007cbf,,,,,,,,
golfer_group_65,38.02909752892963,-84.46817736231058,46860.0,golfer,4,#007cbf,,,,,,,,
golfer_group_65,38.0288660165306,-84.46840505554457,46920.0,golfer,4,#007cbf,,,,,,,,
golfer_group_65,38.02869804015225,-84.46870681462924,46980.0,golfer,4,#007cbf,,,,,,,,
golfer_group_65,38.028539024924726,-84.46901901999702,47040.0,golfer,4,#007cbf,,,,,,,,
golfer_group_65,38.0283800096972,-84.46933122536481,47100.0,golfer,4,#007cbf,,,,,,,,
golfer_group_65,38.028129065075696,-84.46949162304078,47160.0,golfer,4,#007cbf,,,,,,,,
golfer_group_65,38.02785052807789,-84.46960645602002,47220.0,golfer,1,#007cbf,,,,,,,,
golfer_group_65,38.027571991080094,-84.46972128899925,47280.0,golfer,1,#007cbf,,,,,,,,
golfer_group_65,38.02729345408229,-84.4698361219785,47340.0,golfer,4,#007cbf,,,,,,,,
golfer_group_65,38.027014917084486,-84.46995095495774,47400.0,golfer,4,#007cbf,,,,,,,,
golfer_group_65,38.02677219339408,-84.46990690842384,47460.0,golfer,4,#007cbf,,,,,,,,
golfer_group_65,38.026583670283,-84.46962241044099,47520.0,golfer,4,#007cbf,,,,,,,,
golfer_group_65,38.02639514717193,-84.46933791245814,47580.0,golfer,4,#007cbf,,,,,,,,
golfer_group_65,38.026206624060855,-84.4690534144753,47640.0,golfer,4,#007cbf,,,,,,,,
golfer_group_65,38.02601810094978,-84.46876891649245,47700.0,golfer,4,#007cbf,,,,,,,,
golfer_group_65,38.0258295778387,-84.4684844185096,47760.0,golfer,4,#007cbf,,,,,,,,
golfer_group_65,38.02564105472762,-84.46819992052676,47820.0,golfer,4,#007cbf,,,,,,,,
golfer_group_65,38.02539873776804,-84.4680332578427,47880.0,golfer,4,#007cbf,,,,,,,,
golfer_group_65,38.02511056304286,-84.46796704648648,47940.0,golfer,4,#007cbf,,,,,,,,
golfer_group_65,38.02482238831767,-84.46790083513027,48000.0,golfer,4,#007cbf,,,,,,,,
golfer_group_65,38.02466098715723,-84.46791926274804,48060.0,golfer,4,#007cbf,,,,,,,,
golfer_group_65,38.0248672597656,-84.46818316370741,48120.0,golfer,4,#007cbf,,,,,,,,
golfer_group_65,38.025073532373966,-84.46844706466678,48180.0,golfer,4,#007cbf,,,,,,,,
golfer_group_65,38.02498232223591,-84.46858500193528,48240.0,golfer,4,#007cbf,,,,,,,,
golfer_group_65,38.024692555469876,-84.46863886398934,48300.0,golfer,4,#007cbf,,,,,,,,
golfer_group_65,38.02440278870384,-84.4686927260434,48360.0,golfer,4,#007cbf,,,,,,,,
golfer_group_65,38.0241130219378,-84.46874658809746,48420.0,golfer,4,#007cbf,,,,,,,,
golfer_group_65,38.02382325517176,-84.46880045015152,48480.0,golfer,4,#007cbf,,,,,,,,
golfer_group_65,38.023533488405725,-84.46885431220558,48540.0,golfer,4,#007cbf,,,,,,,,
golfer_group_65,38.02325287292604,-84.46895459002404,48600.0,golfer,4,#007cbf,,,,,,,,
golfer_group_65,38.023120094224296,-84.46908677293466,48660.0,golfer,4,#007cbf,,,,,,,,
golfer_group_65,38.02338797984743,-84.46923698741324,48720.0,golfer,4,#007cbf,,,,,,,,
golfer_group_65,38.02365586547056,-84.46938720189182,48780.0,golfer,4,#007cbf,,,,,,,,
golfer_group_65,38.02392375109368,-84.4695374163704,48840.0,golfer,4,#007cbf,,,,,,,,
golfer_group_65,38.024191636716814,-84.46968763084898,48900.0,golfer,4,#007cbf,,,,,,,,
golfer_group_65,38.024459522339946,-84.46983784532756,48960.0,golfer,4,#007cbf,,,,,,,,
golfer_group_65,38.02472740796308,-84.46998805980614,49020.0,golfer,4,#007cbf,,,,,,,,
golfer_group_65,38.0249952935862,-84.47013827428472,49080.0,golfer,4,#007cbf,,,,,,,,
golfer_group_65,38.02526317920933,-84.4702884887633,49140.0,golfer,4,#007cbf,,,,,,,,
golfer_group_65,38.02549053793203,-84.47051685206469,49200.0,golfer,4,#007cbf,,,,,,,,
golfer_group_65,38.02570511747455,-84.47076985771169,49260.0,golfer,4,#007cbf,,,,,,,,
golfer_group_65,38.025919697017066,-84.4710228633587,49320.0,golfer,4,#007cbf,,,,,,,,
golfer_group_65,38.02613427655959,-84.4712758690057,49380.0,golfer,4,#007cbf,,,,,,,,
golfer_group_65,38.02634885610211,-84.4715288746527,49440.0,golfer,4,#007cbf,,,,,,,,
golfer_group_65,38.026563435644626,-84.4717818802997,49500.0,golfer,4,#007cbf,,,,,,,,
golfer_group_65,38.02678243981026,-84.47202860408251,49560.0,golfer,4,#007cbf,,,,,,,,
golfer_group_65,38.02668611647238,-84.47218057293104,49620.0,golfer,4,#007cbf,,,,,,,,
golfer_group_65,38.02640386024167,-84.4722796932027,49680.0,golfer,4,#007cbf,,,,,,,,
golfer_group_65,38.02612160401096,-84.47237881347434,49740.0,golfer,4,#007cbf,,,,,,,,
golfer_group_65,38.02583934778024,-84.47247793374599,49800.0,golfer,4,#007cbf,,,,,,,,
golfer_group_65,38.02555709154953,-84.47257705401765,49860.0,golfer,4,#007cbf,,,,,,,,
golfer_group_65,38.025278899056985,-84.47258808504574,49920.0,golfer,4,#007cbf,,,,,,,,
golfer_group_65,38.02505413568005,-84.47238241246707,49980.0,golfer,4,#007cbf,,,,,,,,
golfer_group_65,38.02491621232278,-84.47205445775451,50040.0,golfer,4,#007cbf,,,,,,,,
golfer_group_65,38.02477828896551,-84.47172650304194,50100.0,golfer,4,#007cbf,,,,,,,,
golfer_group_65,38.024640365608235,-84.47139854832938,50160.0,golfer,4,#007cbf,,,,,,,,
golfer_group_65,38.02450244225096,-84.4710705936168,50220.0,golfer,4,#007cbf,,,,,,,,
golfer_group_65,38.02436451889369,-84.47074263890424,50280.0,golfer,4,#007cbf,,,,,,,,
golfer_group_65,38.02422659553642,-84.47041468419167,50340.0,golfer,4,#007cbf,,,,,,,,
golfer_group_65,38.02408867217915,-84.4700867294791,50400.0,golfer,4,#007cbf,,,,,,,,
golfer_group_65,38.023830177494666,-84.46991493651929,50460.0,golfer,4,#007cbf,,,,,,,,
golfer_group_65,38.02356911857893,-84.46974646470437,50520.0,golfer,4,#007cbf,,,,,,,,
golfer_group_65,38.0233080596632,-84.46957799288944,50580.0,golfer,4,#007cbf,,,,,,,,
golfer_group_65,38.02304700074746,-84.46940952107451,50640.0,golfer,4,#007cbf,,,,,,,,
golfer_group_65,38.0227847606833,-84.46924457405959,50700.0,golfer,4,#007cbf,,,,,,,,
golfer_group_65,38.02250809559787,-84.46912267439926,50760.0,golfer,4,#007cbf,,,,,,,,
golfer_group_65,38.022527943550884,-84.46893235209967,50820.0,golfer,4,#007cbf,,,,,,,,
golfer_group_65,38.02275311404551,-84.46869465006165,50880.0,golfer,4,#007cbf,,,,,,,,
golfer_group_65,38.02297828454014,-84.46845694802364,50940.0,golfer,4,#007cbf,,,,,,,,
golfer_group_65,38.02320345503476,-84.46821924598564,51000.0,golfer,4,#007cbf,,,,,,,,
golfer_group_65,38.023428625529384,-84.46798154394763,51060.0,golfer,4,#007cbf,,,,,,,,
golfer_group_65,38.02365379602401,-84.46774384190961,51120.0,golfer,4,#007cbf,,,,,,,,
golfer_group_65,38.02387896651864,-84.4675061398716,51180.0,golfer,4,#007cbf,,,,,,,,
golfer_group_65,38.02410413701326,-84.4672684378336,51240.0,golfer,4,#007cbf,,,,,,,,
golfer_group_65,38.024329307507884,-84.46703073579559,51300.0,golfer,4,#007cbf,,,,,,,,
golfer_group_65,38.024516630016976,-84.46674714202182,51360.0,golfer,4,#007cbf,,,,,,,,
golfer_group_65,38.02469334505099,-84.4664506863893,51420.0,golfer,4,#007cbf,,,,,,,,
golfer_group_65,38.02487006008501,-84.46615423075679,51480.0,golfer,4,#007cbf,,,,,,,,
golfer_group_65,38.02504677511902,-84.46585777512426,51540.0,golfer,4,#007cbf,,,,,,,,
golfer_group_65,38.02525798622544,-84.46562593134438,51600.0,golfer,4,#007cbf,,,,,,,,
golfer_group_65,38.025540368765746,-84.46552739312297,51660.0,golfer,4,#007cbf,,,,,,,,
golfer_group_65,38.02582275130605,-84.46542885490156,51720.0,golfer,4,#007cbf,,,,,,,,
golfer_group_65,38.02610513384636,-84.46533031668015,51780.0,golfer,4,#007cbf,,,,,,,,
golfer_group_65,38.02637936666449,-84.46537020680762,51840.0,golfer,4,#007cbf,,,,,,,,
golfer_group_65,38.02664707383,-84.4655209394031,51900.0,golfer,4,#007cbf,,,,,,,,
golfer_group_65,38.026914780995504,-84.46567167199859,51960.0,golfer,4,#007cbf,,,,,,,,
golfer_group_65,38.02718248816101,-84.46582240459409,52020.0,golfer,4,#007cbf,,,,,,,,
golfer_group_65,38.027450195326516,-84.46597313718958,52080.0,golfer,4,#007cbf,,,,,,,,
golfer_group_65,38.02771790249202,-84.46612386978506,52140.0,golfer,4,#007cbf,,,,,,,,
golfer_group_65,38.027985609657534,-84.46627460238055,52200.0,golfer,4,#007cbf,,,,,,,,
golfer_group_65,38.02825331682304,-84.46642533497604,52260.0,golfer,4,#007cbf,,,,,,,,
golfer_group_65,38.02854411583699,-84.46643446747252,52320.0,golfer,4,#007cbf,,,,,,,,
golfer_group_65,38.02883696025459,-84.46643105747557,52380.0,golfer,4,#007cbf,,,,,,,,
golfer_group_65,38.02912980467218,-84.46642764747862,52440.0,golfer,4,#007cbf,,,,,,,,
golfer_group_65,38.029422649089774,-84.46642423748168,52500.0,golfer,4,#007cbf,,,,,,,,
golfer_group_65,38.029714660100595,-84.46640554510962,52560.0,golfer,4,#007cbf,,,,,,,,
golfer_group_65,38.03000508074206,-84.46635768976212,52620.0,golfer,4,#007cbf,,,,,,,,
golfer_group_65,38.03029550138352,-84.46630983441462,52680.0,golfer,4,#007cbf,,,,,,,,
golfer_group_65,38.03034421537664,-84.46623396436489,52740.0,golfer,4,#007cbf,,,,,,,,
golfer_group_65,38.0300654222068,-84.4661201350132,52800.0,golfer,4,#007cbf,,,,,,,,
golfer_group_65,38.02978662903697,-84.46600630566151,52860.0,golfer,4,#007cbf,,,,,,,,
golfer_group_65,38.02950783586713,-84.46589247630982,52920.0,golfer,4,#007cbf,,,,,,,,
golfer_group_65,38.029229042697295,-84.46577864695813,52980.0,golfer,4,#007cbf,,,,,,,,
golfer_group_65,38.02895024952746,-84.46566481760644,53040.0,golfer,4,#007cbf,,,,,,,,
golfer_group_65,38.02867145635763,-84.46555098825475,53100.0,golfer,4,#007cbf,,,,,,,,
golfer_group_65,38.02839266318779,-84.46543715890306,53160.0,golfer,4,#007cbf,,,,,,,,
golfer_group_65,38.02811294382565,-84.46532834232956,53220.0,golfer,4,#007cbf,,,,,,,,
golfer_group_65,38.02782336017175,-84.46527291370359,53280.0,golfer,4,#007cbf,,,,,,,,
golfer_group_65,38.02753377651786,-84.46521748507763,53340.0,golfer,4,#007cbf,,,,,,,,
golfer_group_65,38.027244192863975,-84.46516205645167,53400.0,golfer,4,#007cbf,,,,,,,,
golfer_group_65,38.02695460921009,-84.46510662782572,53460.0,golfer,4,#007cbf,,,,,,,,
golfer_group_65,38.02666502555619,-84.46505119919976,53520.0,golfer,4,#007cbf,,,,,,,,
golfer_group_65,38.02637326063661,-84.4650346343973,53580.0,golfer,4,#007cbf,,,,,,,,
golfer_group_65,38.02608041188864,-84.46503738027086,53640.0,golfer,4,#007cbf,,,,,,,,
golfer_group_65,38.025787563140675,-84.46504012614442,53700.0,golfer,2,#007cbf,,,,,,,,
golfer_group_65,38.025494714392714,-84.46504287201797,53760.0,golfer,4,#007cbf,,,,,,,,
golfer_group_65,38.02556401049359,-84.4653626218534,53820.0,golfer,4,#007cbf,,,,,,,,
golfer_group_65,38.025666096931715,-84.46571107475296,53880.0,golfer,4,#007cbf,,,,,,,,
golfer_group_65,38.02576818336984,-84.46605952765252,53940.0,golfer,4,#007cbf,,,,,,,,
golfer_group_65,38.02587026980797,-84.46640798055208,54000.0,golfer,4,#007cbf,,,,,,,,
golfer_group_65,38.02597235624609,-84.46675643345164,54060.0,golfer,4,#007cbf,,,,,,,,
golfer_group_65,38.02607444268422,-84.46710488635118,54120.0,golfer,4,#007cbf,,,,,,,,
golfer_group_65,38.026176529122345,-84.46745333925074,54180.0,golfer,4,#007cbf,,,,,,,,
golfer_group_65,38.02627861556047,-84.4678017921503,54240.0,golfer,4,#007cbf,,,,,,,,
golfer_group_65,38.026391551516966,-84.46814347235242,54300.0,golfer,4,#007cbf,,,,,,,,
golfer_group_65,38.0265466275618,-84.46845884704874,54360.0,golfer,4,#007cbf,,,,,,,,
golfer_group_65,38.02670170360664,-84.46877422174504,54420.0,golfer,4,#007cbf,,,,,,,,
golfer_group_65,38.02685677965148,-84.46908959644135,54480.0,golfer,4,#007cbf,,,,,,,,
golfer_group_65,38.027011855696315,-84.46940497113766,54540.0,golfer,4,#007cbf,,,,,,,,
golfer_group_65,38.027202562026105,-84.46967624119414,54600.0,golfer,4,#007cbf,,,,,,,,
golfer_group_65,38.027447,-84.469881,54660.0,golfer,1,#007cbf,,,,,,,,
golfer_group_66,38.027447,-84.469881,40860.0,golfer,1,#007cbf,,,,,,,,
golfer_group_66,38.02754627606764,-84.46962578282717,40920.0,golfer,1,#007cbf,,,,,,,,
golfer_group_66,38.02744283462056,-84.4692779685763,40980.0,golfer,1,#007cbf,,,,,,,,
golfer_group_66,38.02733939317348,-84.46893015432545,41040.0,golfer,1,#007cbf,,,,,,,,
golfer_group_66,38.0272359517264,-84.46858234007459,41100.0,golfer,1,#007cbf,,,,,,,,
golfer_group_66,38.027132510279316,-84.46823452582373,41160.0,golfer,1,#007cbf,,,,,,,,
golfer_group_66,38.027029068832235,-84.46788671157287,41220.0,golfer,1,#007cbf,,,,,,,,
golfer_group_66,38.026925627385154,-84.46753889732202,41280.0,golfer,1,#007cbf,,,,,,,,
golfer_group_66,38.02682218593807,-84.46719108307117,41340.0,golfer,1,#007cbf,,,,,,,,
golfer_group_66,38.026707885382585,-84.46684997010087,41400.0,golfer,1,#007cbf,,,,,,,,
golfer_group_66,38.0265563489919,-84.46653183579225,41460.0,golfer,1,#007cbf,,,,,,,,
golfer_group_66,38.02640481260122,-84.46621370148365,41520.0,golfer,1,#007cbf,,,,,,,,
golfer_group_66,38.02625327621054,-84.46589556717504,41580.0,golfer,1,#007cbf,,,,,,,,
golfer_group_66,38.026097865476636,-84.4655806681031,41640.0,golfer,1,#007cbf,,,,,,,,
golfer_group_66,38.02592778516153,-84.46527801873756,41700.0,golfer,4,#007cbf,,,,,,,,
golfer_group_66,38.02575770484643,-84.46497536937204,41760.0,golfer,2,#007cbf,,,,,,,,
golfer_group_66,38.02580429978306,-84.46478189846547,41820.0,golfer,2,#007cbf,,,,,,,,
golfer_group_66,38.02609158193444,-84.46470970518055,41880.0,golfer,2,#007cbf,,,,,,,,
golfer_group_66,38.02637886408582,-84.46463751189565,41940.0,golfer,2,#007cbf,,,,,,,,
golfer_group_66,38.0266661462372,-84.46456531861072,42000.0,golfer,2,#007cbf,,,,,,,,
golfer_group_66,38.02695342838857,-84.4644931253258,42060.0,golfer,2,#007cbf,,,,,,,,
golfer_group_66,38.02723262500985,-84.46440936561527,42120.0,golfer,2,#007cbf,,,,,,,,
golfer_group_66,38.02732323296244,-84.46405582806928,42180.0,golfer,2,#007cbf,,,,,,,,
golfer_group_66,38.027413840915024,-84.46370229052329,42240.0,golfer,3,#007cbf,,,,,,,,
golfer_group_66,38.02755613921936,-84.46339199540722,42300.0,golfer,3,#007cbf,,,,,,,,
golfer_group_66,38.02777631020529,-84.46314684598785,42360.0,golfer,3,#007cbf,,,,,,,,
golfer_group_66,38.027996481191224,-84.4629016965685,42420.0,golfer,3,#007cbf,,,,,,,,
golfer_group_66,38.028216652177164,-84.46265654714912,42480.0,golfer,3,#007cbf,,,,,,,,
golfer_group_66,38.0284368231631,-84.46241139772975,42540.0,golfer,3,#007cbf,,,,,,,,
golfer_group_66,38.02865699414903,-84.4621662483104,42600.0,golfer,3,#007cbf,,,,,,,,
golfer_group_66,38.02887716513497,-84.46192109889103,42660.0,golfer,3,#007cbf,,,,,,,,
golfer_group_66,38.029097336120905,-84.46167594947165,42720.0,golfer,3,#007cbf,,,,,,,,
golfer_group_66,38.02932048603734,-84.46143527844885,42780.0,golfer,3,#007cbf,,,,,,,,
golfer_group_66,38.02954781666501,-84.4612008925283,42840.0,golfer,3,#007cbf,,,,,,,,
golfer_group_66,38.029775147292675,-84.46096650660775,42900.0,golfer,3,#007cbf,,,,,,,,
golfer_group_66,38.03000247792034,-84.46073212068718,42960.0,golfer,3,#007cbf,,,,,,,,
golfer_group_66,38.03022980854801,-84.46049773476663,43020.0,golfer,3,#007cbf,,,,,,,,
golfer_group_66,38.03028198771919,-84.46029007968264,43080.0,golfer,3,#007cbf,,,,,,,,
golfer_group_66,38.030017377451664,-84.46013077159431,43140.0,golfer,4,#007cbf,,,,,,,,
golfer_group_66,38.02974997117584,-84.46003134117494,43200.0,golfer,4,#007cbf,,,,,,,,
golfer_group_66,38.029472388508275,-84.46014984237516,43260.0,golfer,4,#007cbf,,,,,,,,
golfer_group_66,38.02919480584071,-84.46026834357538,43320.0,golfer,4,#007cbf,,,,,,,,
golfer_group_66,38.02891722317315,-84.46038684477558,43380.0,golfer,4,#007cbf,,,,,,,,
golfer_group_66,38.02863964050559,-84.4605053459758,43440.0,golfer,4,#007cbf,,,,,,,,
golfer_group_66,38.02846819932939,-84.46074999771898,43500.0,golfer,4,#007cbf,,,,,,,,
golfer_group_66,38.028356651102726,-84.46108459413088,43560.0,golfer,4,#007cbf,,,,,,,,
golfer_group_66,38.028163251425084,-84.46136377382878,43620.0,golfer,4,#007cbf,,,,,,,,
golfer_group_66,38.02796985174745,-84.46164295352668,43680.0,golfer,4,#007cbf,,,,,,,,
golfer_group_66,38.02777645206981,-84.46192213322458,43740.0,golfer,4,#007cbf,,,,,,,,
golfer_group_66,38.027583052392174,-84.46220131292247,43800.0,golfer,4,#007cbf,,,,,,,,
golfer_group_66,38.02739313138997,-84.4624841808364,43860.0,golfer,4,#007cbf,,,,,,,,
golfer_group_66,38.02721114487077,-84.46277546117278,43920.0,golfer,4,#007cbf,,,,,,,,
golfer_group_66,38.02702915835156,-84.46306674150915,43980.0,golfer,4,#007cbf,,,,,,,,
golfer_group_66,38.02684717183235,-84.46335802184554,44040.0,golfer,4,#007cbf,,,,,,,,
golfer_group_66,38.027030664719845,-84.46345337202217,44100.0,golfer,4,#007cbf,,,,,,,,
golfer_group_66,38.02732202605173,-84.46349089491457,44160.0,golfer,3,#007cbf,,,,,,,,
golfer_group_66,38.02761338738361,-84.46352841780696,44220.0,golfer,3,#007cbf,,,,,,,,
golfer_group_66,38.02787761975422,-84.46365295047241,44280.0,golfer,4,#007cbf,,,,,,,,
golfer_group_66,38.02811027773896,-84.46387875056652,44340.0,golfer,4,#007cbf,,,,,,,,
golfer_group_66,38.02834293572369,-84.46410455066062,44400.0,golfer,4,#007cbf,,,,,,,,
golfer_group_66,38.028575593708425,-84.46433035075472,44460.0,golfer,4,#007cbf,,,,,,,,
golfer_group_66,38.028808251693164,-84.46455615084882,44520.0,golfer,4,#007cbf,,,,,,,,
golfer_group_66,38.029040909677896,-84.46478195094294,44580.0,golfer,4,#007cbf,,,,,,,,
golfer_group_66,38.02927356766263,-84.46500775103704,44640.0,golfer,4,#007cbf,,,,,,,,
golfer_group_66,38.02950622564737,-84.46523355113113,44700.0,golfer,4,#007cbf,,,,,,,,
golfer_group_66,38.02975350361947,-84.4654282954189,44760.0,golfer,4,#007cbf,,,,,,,,
golfer_group_66,38.030020352724144,-84.46558146666777,44820.0,golfer,4,#007cbf,,,,,,,,
golfer_group_66,38.03028720182882,-84.46573463791665,44880.0,golfer,4,#007cbf,,,,,,,,
golfer_group_66,38.030554050933496,-84.46588780916554,44940.0,golfer,4,#007cbf,,,,,,,,
golfer_group_66,38.0308144451061,-84.46601508231271,45000.0,golfer,4,#007cbf,,,,,,,,
golfer_group_66,38.03096331555731,-84.46569490649415,45060.0,golfer,4,#007cbf,,,,,,,,
golfer_group_66,38.03100160851583,-84.46532942233877,45120.0,golfer,4,#007cbf,,,,,,,,
golfer_group_66,38.03102825601745,-84.4649591665407,45180.0,golfer,4,#007cbf,,,,,,,,
golfer_group_66,38.03105490351906,-84.46458891074262,45240.0,golfer,4,#007cbf,,,,,,,,
golfer_group_66,38.031081551020684,-84.46421865494455,45300.0,golfer,4,#007cbf,,,,,,,,
golfer_group_66,38.031108198522304,-84.46384839914647,45360.0,golfer,4,#007cbf,,,,,,,,
golfer_group_66,38.03113484602392,-84.4634781433484,45420.0,golfer,4,#007cbf,,,,,,,,
golfer_group_66,38.03116149352554,-84.46310788755032,45480.0,golfer,4,#007cbf,,,,,,,,
golfer_group_66,38.031127268705696,-84.46274982308951,45540.0,golfer,4,#007cbf,,,,,,,,
golfer_group_66,38.031012137391194,-84.4624079623538,45600.0,golfer,4,#007cbf,,,,,,,,
golfer_group_66,38.03089700607669,-84.46206610161808,45660.0,golfer,4,#007cbf,,,,,,,,
golfer_group_66,38.0307818747622,-84.46172424088235,45720.0,golfer,4,#007cbf,,,,,,,,
golfer_group_66,38.030666743447696,-84.46138238014663,45780.0,golfer,4,#007cbf,,,,,,,,
golfer_group_66,38.030551612133195,-84.46104051941091,45840.0,golfer,4,#007cbf,,,,,,,,
golfer_group_66,38.03081531898336,-84.46091137688049,45900.0,golfer,4,#007cbf,,,,,,,,
golfer_group_66,38.0310279411826,-84.46098091912485,45960.0,golfer,4,#007cbf,,,,,,,,
golfer_group_66,38.03115090321037,-84.46131835889211,46020.0,golfer,4,#007cbf,,,,,,,,
golfer_group_66,38.031273865238134,-84.46165579865938,46080.0,golfer,4,#007cbf,,,,,,,,
golfer_group_66,38.03139682726591,-84.46199323842663,46140.0,golfer,4,#007cbf,,,,,,,,
golfer_group_66,38.031519789293675,-84.4623306781939,46200.0,golfer,4,#007cbf,,,,,,,,
golfer_group_66,38.03164275132144,-84.46266811796116,46260.0,golfer,4,#007cbf,,,,,,,,
golfer_group_66,38.03176571334921,-84.46300555772842,46320.0,golfer,4,#007cbf,,,,,,,,
golfer_group_66,38.031888675376976,-84.46334299749569,46380.0,golfer,4,#007cbf,,,,,,,,
golfer_group_66,38.031909837946635,-84.46368872876327,46440.0,golfer,4,#007cbf,,,,,,,,
golfer_group_66,38.03182184589159,-84.46404335060477,46500.0,golfer,4,#007cbf,,,,,,,,
golfer_group_66,38.03173385383655,-84.46439797244628,46560.0,golfer,4,#007cbf,,,,,,,,
golfer_group_66,38.031645861781506,-84.46475259428779,46620.0,golfer,4,#007cbf,,,,,,,,
golfer_group_66,38.03155786972646,-84.46510721612928,46680.0,golfer,4,#007cbf,,,,,,,,
golfer_group_66,38.03146987767142,-84.46546183797079,46740.0,golfer,4,#007cbf,,,,,,,,
golfer_group_66,38.03131864912918,-84.46576966145622,46800.0,golfer,4,#007cbf,,,,,,,,
golfer_group_66,38.0311189562348,-84.46604161874937,46860.0,golfer,4,#007cbf,,,,,,,,
golfer_group_66,38.030919263340415,-84.46631357604252,46920.0,golfer,4,#007cbf,,,,,,,,
golfer_group_66,38.030718115722834,-84.46658350967269,46980.0,golfer,4,#007cbf,,,,,,,,
golfer_group_66,38.0304866033238,-84.46681120290668,47040.0,golfer,4,#007cbf,,,,,,,,
golfer_group_66,38.030255090924776,-84.46703889614066,47100.0,golfer,4,#007cbf,,,,,,,,
golfer_group_66,38.03002357852575,-84.46726658937465,47160.0,golfer,4,#007cbf,,,,,,,,
golfer_group_66,38.02979206612672,-84.46749428260863,47220.0,golfer,4,#007cbf,,,,,,,,
golfer_group_66,38.02956055372769,-84.46772197584261,47280.0,golfer,4,#007cbf,,,,,,,,
golfer_group_66,38.02932904132866,-84.4679496690766,47340.0,golfer,4,#007cbf,,,,,,,,
golfer_group_66,38.02909752892963,-84.46817736231058,47400.0,golfer,4,#007cbf,,,,,,,,
golfer_group_66,38.0288660165306,-84.46840505554457,47460.0,golfer,4,#007cbf,,,,,,,,
golfer_group_66,38.02869804015225,-84.46870681462924,47520.0,golfer,4,#007cbf,,,,,,,,
golfer_group_66,38.028539024924726,-84.46901901999702,47580.0,golfer,4,#007cbf,,,,,,,,
golfer_group_66,38.0283800096972,-84.46933122536481,47640.0,golfer,4,#007cbf,,,,,,,,
golfer_group_66,38.028129065075696,-84.46949162304078,47700.0,golfer,4,#007cbf,,,,,,,,
golfer_group_66,38.02785052807789,-84.46960645602002,47760.0,golfer,1,#007cbf,,,,,,,,
golfer_group_66,38.027571991080094,-84.46972128899925,47820.0,golfer,1,#007cbf,,,,,,,,
golfer_group_66,38.02729345408229,-84.4698361219785,47880.0,golfer,4,#007cbf,,,,,,,,
golfer_group_66,38.027014917084486,-84.46995095495774,47940.0,golfer,4,#007cbf,,,,,,,,
golfer_group_66,38.02677219339408,-84.46990690842384,48000.0,golfer,4,#007cbf,,,,,,,,
golfer_group_66,38.026583670283,-84.46962241044099,48060.0,golfer,4,#007cbf,,,,,,,,
golfer_group_66,38.02639514717193,-84.46933791245814,48120.0,golfer,4,#007cbf,,,,,,,,
golfer_group_66,38.026206624060855,-84.4690534144753,48180.0,golfer,4,#007cbf,,,,,,,,
golfer_group_66,38.02601810094978,-84.46876891649245,48240.0,golfer,4,#007cbf,,,,,,,,
golfer_group_66,38.0258295778387,-84.4684844185096,48300.0,golfer,4,#007cbf,,,,,,,,
golfer_group_66,38.02564105472762,-84.46819992052676,48360.0,golfer,4,#007cbf,,,,,,,,
golfer_group_66,38.02539873776804,-84.4680332578427,48420.0,golfer,4,#007cbf,,,,,,,,
golfer_group_66,38.02511056304286,-84.46796704648648,48480.0,golfer,4,#007cbf,,,,,,,,
golfer_group_66,38.02482238831767,-84.46790083513027,48540.0,golfer,4,#007cbf,,,,,,,,
golfer_group_66,38.02466098715723,-84.46791926274804,48600.0,golfer,4,#007cbf,,,,,,,,
golfer_group_66,38.0248672597656,-84.46818316370741,48660.0,golfer,4,#007cbf,,,,,,,,
golfer_group_66,38.025073532373966,-84.46844706466678,48720.0,golfer,4,#007cbf,,,,,,,,
golfer_group_66,38.02498232223591,-84.46858500193528,48780.0,golfer,4,#007cbf,,,,,,,,
golfer_group_66,38.024692555469876,-84.46863886398934,48840.0,golfer,4,#007cbf,,,,,,,,
golfer_group_66,38.02440278870384,-84.4686927260434,48900.0,golfer,4,#007cbf,,,,,,,,
golfer_group_66,38.0241130219378,-84.46874658809746,48960.0,golfer,4,#007cbf,,,,,,,,
golfer_group_66,38.02382325517176,-84.46880045015152,49020.0,golfer,4,#007cbf,,,,,,,,
golfer_group_66,38.023533488405725,-84.46885431220558,49080.0,golfer,4,#007cbf,,,,,,,,
golfer_group_66,38.02325287292604,-84.46895459002404,49140.0,golfer,4,#007cbf,,,,,,,,
golfer_group_66,38.023120094224296,-84.46908677293466,49200.0,golfer,4,#007cbf,,,,,,,,
golfer_group_66,38.02338797984743,-84.46923698741324,49260.0,golfer,4,#007cbf,,,,,,,,
golfer_group_66,38.02365586547056,-84.46938720189182,49320.0,golfer,4,#007cbf,,,,,,,,
golfer_group_66,38.02392375109368,-84.4695374163704,49380.0,golfer,4,#007cbf,,,,,,,,
golfer_group_66,38.024191636716814,-84.46968763084898,49440.0,golfer,4,#007cbf,,,,,,,,
golfer_group_66,38.024459522339946,-84.46983784532756,49500.0,golfer,4,#007cbf,,,,,,,,
golfer_group_66,38.02472740796308,-84.46998805980614,49560.0,golfer,4,#007cbf,,,,,,,,
golfer_group_66,38.0249952935862,-84.47013827428472,49620.0,golfer,4,#007cbf,,,,,,,,
golfer_group_66,38.02526317920933,-84.4702884887633,49680.0,golfer,4,#007cbf,,,,,,,,
golfer_group_66,38.02549053793203,-84.47051685206469,49740.0,golfer,4,#007cbf,,,,,,,,
golfer_group_66,38.02570511747455,-84.47076985771169,49800.0,golfer,4,#007cbf,,,,,,,,
golfer_group_66,38.025919697017066,-84.4710228633587,49860.0,golfer,4,#007cbf,,,,,,,,
golfer_group_66,38.02613427655959,-84.4712758690057,49920.0,golfer,4,#007cbf,,,,,,,,
golfer_group_66,38.02634885610211,-84.4715288746527,49980.0,golfer,4,#007cbf,,,,,,,,
golfer_group_66,38.026563435644626,-84.4717818802997,50040.0,golfer,4,#007cbf,,,,,,,,
golfer_group_66,38.02678243981026,-84.47202860408251,50100.0,golfer,4,#007cbf,,,,,,,,
golfer_group_66,38.02668611647238,-84.47218057293104,50160.0,golfer,4,#007cbf,,,,,,,,
golfer_group_66,38.02640386024167,-84.4722796932027,50220.0,golfer,4,#007cbf,,,,,,,,
golfer_group_66,38.02612160401096,-84.47237881347434,50280.0,golfer,4,#007cbf,,,,,,,,
golfer_group_66,38.02583934778024,-84.47247793374599,50340.0,golfer,4,#007cbf,,,,,,,,
golfer_group_66,38.02555709154953,-84.47257705401765,50400.0,golfer,4,#007cbf,,,,,,,,
golfer_group_66,38.025278899056985,-84.47258808504574,50460.0,golfer,4,#007cbf,,,,,,,,
golfer_group_66,38.02505413568005,-84.47238241246707,50520.0,golfer,4,#007cbf,,,,,,,,
golfer_group_66,38.02491621232278,-84.47205445775451,50580.0,golfer,4,#007cbf,,,,,,,,
golfer_group_66,38.02477828896551,-84.47172650304194,50640.0,golfer,4,#007cbf,,,,,,,,
golfer_group_66,38.024640365608235,-84.47139854832938,50700.0,golfer,4,#007cbf,,,,,,,,
golfer_group_66,38.02450244225096,-84.4710705936168,50760.0,golfer,4,#007cbf,,,,,,,,
golfer_group_66,38.02436451889369,-84.47074263890424,50820.0,golfer,4,#007cbf,,,,,,,,
golfer_group_66,38.02422659553642,-84.47041468419167,50880.0,golfer,4,#007cbf,,,,,,,,
golfer_group_66,38.02408867217915,-84.4700867294791,50940.0,golfer,4,#007cbf,,,,,,,,
golfer_group_66,38.023830177494666,-84.46991493651929,51000.0,golfer,4,#007cbf,,,,,,,,
golfer_group_66,38.02356911857893,-84.46974646470437,51060.0,golfer,4,#007cbf,,,,,,,,
golfer_group_66,38.0233080596632,-84.46957799288944,51120.0,golfer,4,#007cbf,,,,,,,,
golfer_group_66,38.02304700074746,-84.46940952107451,51180.0,golfer,4,#007cbf,,,,,,,,
golfer_group_66,38.0227847606833,-84.46924457405959,51240.0,golfer,4,#007cbf,,,,,,,,
golfer_group_66,38.02250809559787,-84.46912267439926,51300.0,golfer,4,#007cbf,,,,,,,,
golfer_group_66,38.022527943550884,-84.46893235209967,51360.0,golfer,4,#007cbf,,,,,,,,
golfer_group_66,38.02275311404551,-84.46869465006165,51420.0,golfer,4,#007cbf,,,,,,,,
golfer_group_66,38.02297828454014,-84.46845694802364,51480.0,golfer,4,#007cbf,,,,,,,,
golfer_group_66,38.02320345503476,-84.46821924598564,51540.0,golfer,4,#007cbf,,,,,,,,
golfer_group_66,38.023428625529384,-84.46798154394763,51600.0,golfer,4,#007cbf,,,,,,,,
golfer_group_66,38.02365379602401,-84.46774384190961,51660.0,golfer,4,#007cbf,,,,,,,,
golfer_group_66,38.02387896651864,-84.4675061398716,51720.0,golfer,4,#007cbf,,,,,,,,
golfer_group_66,38.02410413701326,-84.4672684378336,51780.0,golfer,4,#007cbf,,,,,,,,
golfer_group_66,38.024329307507884,-84.46703073579559,51840.0,golfer,4,#007cbf,,,,,,,,
golfer_group_66,38.024516630016976,-84.46674714202182,51900.0,golfer,4,#007cbf,,,,,,,,
golfer_group_66,38.02469334505099,-84.4664506863893,51960.0,golfer,4,#007cbf,,,,,,,,
golfer_group_66,38.02487006008501,-84.46615423075679,52020.0,golfer,4,#007cbf,,,,,,,,
golfer_group_66,38.02504677511902,-84.46585777512426,52080.0,golfer,4,#007cbf,,,,,,,,
golfer_group_66,38.02525798622544,-84.46562593134438,52140.0,golfer,4,#007cbf,,,,,,,,
golfer_group_66,38.025540368765746,-84.46552739312297,52200.0,golfer,4,#007cbf,,,,,,,,
golfer_group_66,38.02582275130605,-84.46542885490156,52260.0,golfer,4,#007cbf,,,,,,,,
golfer_group_66,38.02610513384636,-84.46533031668015,52320.0,golfer,4,#007cbf,,,,,,,,
golfer_group_66,38.02637936666449,-84.46537020680762,52380.0,golfer,4,#007cbf,,,,,,,,
golfer_group_66,38.02664707383,-84.4655209394031,52440.0,golfer,4,#007cbf,,,,,,,,
golfer_group_66,38.026914780995504,-84.46567167199859,52500.0,golfer,4,#007cbf,,,,,,,,
golfer_group_66,38.02718248816101,-84.46582240459409,52560.0,golfer,4,#007cbf,,,,,,,,
golfer_group_66,38.027450195326516,-84.46597313718958,52620.0,golfer,4,#007cbf,,,,,,,,
golfer_group_66,38.02771790249202,-84.46612386978506,52680.0,golfer,4,#007cbf,,,,,,,,
golfer_group_66,38.027985609657534,-84.46627460238055,52740.0,golfer,4,#007cbf,,,,,,,,
golfer_group_66,38.02825331682304,-84.46642533497604,52800.0,golfer,4,#007cbf,,,,,,,,
golfer_group_66,38.02854411583699,-84.46643446747252,52860.0,golfer,4,#007cbf,,,,,,,,
golfer_group_66,38.02883696025459,-84.46643105747557,52920.0,golfer,4,#007cbf,,,,,,,,
golfer_group_66,38.02912980467218,-84.46642764747862,52980.0,golfer,4,#007cbf,,,,,,,,
golfer_group_66,38.029422649089774,-84.46642423748168,53040.0,golfer,4,#007cbf,,,,,,,,
golfer_group_66,38.029714660100595,-84.46640554510962,53100.0,golfer,4,#007cbf,,,,,,,,
golfer_group_66,38.03000508074206,-84.46635768976212,53160.0,golfer,4,#007cbf,,,,,,,,
golfer_group_66,38.03029550138352,-84.46630983441462,53220.0,golfer,4,#007cbf,,,,,,,,
golfer_group_66,38.03034421537664,-84.46623396436489,53280.0,golfer,4,#007cbf,,,,,,,,
golfer_group_66,38.0300654222068,-84.4661201350132,53340.0,golfer,4,#007cbf,,,,,,,,
golfer_group_66,38.02978662903697,-84.46600630566151,53400.0,golfer,4,#007cbf,,,,,,,,
golfer_group_66,38.02950783586713,-84.46589247630982,53460.0,golfer,4,#007cbf,,,,,,,,
golfer_group_66,38.029229042697295,-84.46577864695813,53520.0,golfer,4,#007cbf,,,,,,,,
golfer_group_66,38.02895024952746,-84.46566481760644,53580.0,golfer,4,#007cbf,,,,,,,,
golfer_group_66,38.02867145635763,-84.46555098825475,53640.0,golfer,4,#007cbf,,,,,,,,
golfer_group_66,38.02839266318779,-84.46543715890306,53700.0,golfer,4,#007cbf,,,,,,,,
golfer_group_66,38.02811294382565,-84.46532834232956,53760.0,golfer,4,#007cbf,,,,,,,,
golfer_group_66,38.02782336017175,-84.46527291370359,53820.0,golfer,4,#007cbf,,,,,,,,
golfer_group_66,38.02753377651786,-84.46521748507763,53880.0,golfer,4,#007cbf,,,,,,,,
golfer_group_66,38.027244192863975,-84.46516205645167,53940.0,golfer,4,#007cbf,,,,,,,,
golfer_group_66,38.02695460921009,-84.46510662782572,54000.0,golfer,4,#007cbf,,,,,,,,
golfer_group_66,38.02666502555619,-84.46505119919976,54060.0,golfer,4,#007cbf,,,,,,,,
golfer_group_66,38.02637326063661,-84.4650346343973,54120.0,golfer,4,#007cbf,,,,,,,,
golfer_group_66,38.02608041188864,-84.46503738027086,54180.0,golfer,4,#007cbf,,,,,,,,
golfer_group_66,38.025787563140675,-84.46504012614442,54240.0,golfer,2,#007cbf,,,,,,,,
golfer_group_66,38.025494714392714,-84.46504287201797,54300.0,golfer,4,#007cbf,,,,,,,,
golfer_group_66,38.02556401049359,-84.4653626218534,54360.0,golfer,4,#007cbf,,,,,,,,
golfer_group_66,38.025666096931715,-84.46571107475296,54420.0,golfer,4,#007cbf,,,,,,,,
golfer_group_66,38.02576818336984,-84.46605952765252,54480.0,golfer,4,#007cbf,,,,,,,,
golfer_group_66,38.02587026980797,-84.46640798055208,54540.0,golfer,4,#007cbf,,,,,,,,
golfer_group_66,38.02597235624609,-84.46675643345164,54600.0,golfer,4,#007cbf,,,,,,,,
golfer_group_66,38.02607444268422,-84.46710488635118,54660.0,golfer,4,#007cbf,,,,,,,,
golfer_group_66,38.026176529122345,-84.46745333925074,54720.0,golfer,4,#007cbf,,,,,,,,
golfer_group_66,38.02627861556047,-84.4678017921503,54780.0,golfer,4,#007cbf,,,,,,,,
golfer_group_66,38.026391551516966,-84.46814347235242,54840.0,golfer,4,#007cbf,,,,,,,,
golfer_group_66,38.0265466275618,-84.46845884704874,54900.0,golfer,4,#007cbf,,,,,,,,
golfer_group_66,38.02670170360664,-84.46877422174504,54960.0,golfer,4,#007cbf,,,,,,,,
golfer_group_66,38.02685677965148,-84.46908959644135,55020.0,golfer,4,#007cbf,,,,,,,,
golfer_group_66,38.027011855696315,-84.46940497113766,55080.0,golfer,4,#007cbf,,,,,,,,
golfer_group_66,38.027202562026105,-84.46967624119414,55140.0,golfer,4,#007cbf,,,,,,,,
golfer_group_66,38.027447,-84.469881,55200.0,golfer,1,#007cbf,,,,,,,,
golfer_group_67,38.027447,-84.469881,41400.0,golfer,1,#007cbf,,,,,,,,
golfer_group_67,38.02754627606764,-84.46962578282717,41460.0,golfer,1,#007cbf,,,,,,,,
golfer_group_67,38.02744283462056,-84.4692779685763,41520.0,golfer,1,#007cbf,,,,,,,,
golfer_group_67,38.02733939317348,-84.46893015432545,41580.0,golfer,1,#007cbf,,,,,,,,
golfer_group_67,38.0272359517264,-84.46858234007459,41640.0,golfer,1,#007cbf,,,,,,,,
golfer_group_67,38.027132510279316,-84.46823452582373,41700.0,golfer,1,#007cbf,,,,,,,,
golfer_group_67,38.027029068832235,-84.46788671157287,41760.0,golfer,1,#007cbf,,,,,,,,
golfer_group_67,38.026925627385154,-84.46753889732202,41820.0,golfer,1,#007cbf,,,,,,,,
golfer_group_67,38.02682218593807,-84.46719108307117,41880.0,golfer,1,#007cbf,,,,,,,,
golfer_group_67,38.026707885382585,-84.46684997010087,41940.0,golfer,1,#007cbf,,,,,,,,
golfer_group_67,38.0265563489919,-84.46653183579225,42000.0,golfer,1,#007cbf,,,,,,,,
golfer_group_67,38.02640481260122,-84.46621370148365,42060.0,golfer,1,#007cbf,,,,,,,,
golfer_group_67,38.02625327621054,-84.46589556717504,42120.0,golfer,1,#007cbf,,,,,,,,
golfer_group_67,38.026097865476636,-84.4655806681031,42180.0,golfer,1,#007cbf,,,,,,,,
golfer_group_67,38.02592778516153,-84.46527801873756,42240.0,golfer,4,#007cbf,,,,,,,,
golfer_group_67,38.02575770484643,-84.46497536937204,42300.0,golfer,2,#007cbf,,,,,,,,
golfer_group_67,38.02580429978306,-84.46478189846547,42360.0,golfer,2,#007cbf,,,,,,,,
golfer_group_67,38.02609158193444,-84.46470970518055,42420.0,golfer,2,#007cbf,,,,,,,,
golfer_group_67,38.02637886408582,-84.46463751189565,42480.0,golfer,2,#007cbf,,,,,,,,
golfer_group_67,38.0266661462372,-84.46456531861072,42540.0,golfer,2,#007cbf,,,,,,,,
golfer_group_67,38.02695342838857,-84.4644931253258,42600.0,golfer,2,#007cbf,,,,,,,,
golfer_group_67,38.02723262500985,-84.46440936561527,42660.0,golfer,2,#007cbf,,,,,,,,
golfer_group_67,38.02732323296244,-84.46405582806928,42720.0,golfer,2,#007cbf,,,,,,,,
golfer_group_67,38.027413840915024,-84.46370229052329,42780.0,golfer,3,#007cbf,,,,,,,,
golfer_group_67,38.02755613921936,-84.46339199540722,42840.0,golfer,3,#007cbf,,,,,,,,
golfer_group_67,38.02777631020529,-84.46314684598785,42900.0,golfer,3,#007cbf,,,,,,,,
golfer_group_67,38.027996481191224,-84.4629016965685,42960.0,golfer,3,#007cbf,,,,,,,,
golfer_group_67,38.028216652177164,-84.46265654714912,43020.0,golfer,3,#007cbf,,,,,,,,
golfer_group_67,38.0284368231631,-84.46241139772975,43080.0,golfer,3,#007cbf,,,,,,,,
golfer_group_67,38.02865699414903,-84.4621662483104,43140.0,golfer,3,#007cbf,,,,,,,,
golfer_group_67,38.02887716513497,-84.46192109889103,43200.0,golfer,3,#007cbf,,,,,,,,
golfer_group_67,38.029097336120905,-84.46167594947165,43260.0,golfer,3,#007cbf,,,,,,,,
golfer_group_67,38.02932048603734,-84.46143527844885,43320.0,golfer,3,#007cbf,,,,,,,,
golfer_group_67,38.02954781666501,-84.4612008925283,43380.0,golfer,3,#007cbf,,,,,,,,
golfer_group_67,38.029775147292675,-84.46096650660775,43440.0,golfer,3,#007cbf,,,,,,,,
golfer_group_67,38.03000247792034,-84.46073212068718,43500.0,golfer,3,#007cbf,,,,,,,,
golfer_group_67,38.03022980854801,-84.46049773476663,43560.0,golfer,3,#007cbf,,,,,,,,
golfer_group_67,38.03028198771919,-84.46029007968264,43620.0,golfer,3,#007cbf,,,,,,,,
golfer_group_67,38.030017377451664,-84.46013077159431,43680.0,golfer,4,#007cbf,,,,,,,,
golfer_group_67,38.02974997117584,-84.46003134117494,43740.0,golfer,4,#007cbf,,,,,,,,
golfer_group_67,38.029472388508275,-84.46014984237516,43800.0,golfer,4,#007cbf,,,,,,,,
golfer_group_67,38.02919480584071,-84.46026834357538,43860.0,golfer,4,#007cbf,,,,,,,,
golfer_group_67,38.02891722317315,-84.46038684477558,43920.0,golfer,4,#007cbf,,,,,,,,
golfer_group_67,38.02863964050559,-84.4605053459758,43980.0,golfer,4,#007cbf,,,,,,,,
golfer_group_67,38.02846819932939,-84.46074999771898,44040.0,golfer,4,#007cbf,,,,,,,,
golfer_group_67,38.028356651102726,-84.46108459413088,44100.0,golfer,4,#007cbf,,,,,,,,
golfer_group_67,38.028163251425084,-84.46136377382878,44160.0,golfer,4,#007cbf,,,,,,,,
golfer_group_67,38.02796985174745,-84.46164295352668,44220.0,golfer,4,#007cbf,,,,,,,,
golfer_group_67,38.02777645206981,-84.46192213322458,44280.0,golfer,4,#007cbf,,,,,,,,
golfer_group_67,38.027583052392174,-84.46220131292247,44340.0,golfer,4,#007cbf,,,,,,,,
golfer_group_67,38.02739313138997,-84.4624841808364,44400.0,golfer,4,#007cbf,,,,,,,,
golfer_group_67,38.02721114487077,-84.46277546117278,44460.0,golfer,4,#007cbf,,,,,,,,
golfer_group_67,38.02702915835156,-84.46306674150915,44520.0,golfer,4,#007cbf,,,,,,,,
golfer_group_67,38.02684717183235,-84.46335802184554,44580.0,golfer,4,#007cbf,,,,,,,,
golfer_group_67,38.027030664719845,-84.46345337202217,44640.0,golfer,4,#007cbf,,,,,,,,
golfer_group_67,38.02732202605173,-84.46349089491457,44700.0,golfer,3,#007cbf,,,,,,,,
golfer_group_67,38.02761338738361,-84.46352841780696,44760.0,golfer,3,#007cbf,,,,,,,,
golfer_group_67,38.02787761975422,-84.46365295047241,44820.0,golfer,4,#007cbf,,,,,,,,
golfer_group_67,38.02811027773896,-84.46387875056652,44880.0,golfer,4,#007cbf,,,,,,,,
golfer_group_67,38.02834293572369,-84.46410455066062,44940.0,golfer,4,#007cbf,,,,,,,,
golfer_group_67,38.028575593708425,-84.46433035075472,45000.0,golfer,4,#007cbf,,,,,,,,
golfer_group_67,38.028808251693164,-84.46455615084882,45060.0,golfer,4,#007cbf,,,,,,,,
golfer_group_67,38.029040909677896,-84.46478195094294,45120.0,golfer,4,#007cbf,,,,,,,,
golfer_group_67,38.02927356766263,-84.46500775103704,45180.0,golfer,4,#007cbf,,,,,,,,
golfer_group_67,38.02950622564737,-84.46523355113113,45240.0,golfer,4,#007cbf,,,,,,,,
golfer_group_67,38.02975350361947,-84.4654282954189,45300.0,golfer,4,#007cbf,,,,,,,,
golfer_group_67,38.030020352724144,-84.46558146666777,45360.0,golfer,4,#007cbf,,,,,,,,
golfer_group_67,38.03028720182882,-84.46573463791665,45420.0,golfer,4,#007cbf,,,,,,,,
golfer_group_67,38.030554050933496,-84.46588780916554,45480.0,golfer,4,#007cbf,,,,,,,,
golfer_group_67,38.0308144451061,-84.46601508231271,45540.0,golfer,4,#007cbf,,,,,,,,
golfer_group_67,38.03096331555731,-84.46569490649415,45600.0,golfer,4,#007cbf,,,,,,,,
golfer_group_67,38.03100160851583,-84.46532942233877,45660.0,golfer,4,#007cbf,,,,,,,,
golfer_group_67,38.03102825601745,-84.4649591665407,45720.0,golfer,4,#007cbf,,,,,,,,
golfer_group_67,38.03105490351906,-84.46458891074262,45780.0,golfer,4,#007cbf,,,,,,,,
golfer_group_67,38.031081551020684,-84.46421865494455,45840.0,golfer,4,#007cbf,,,,,,,,
golfer_group_67,38.031108198522304,-84.46384839914647,45900.0,golfer,4,#007cbf,,,,,,,,
golfer_group_67,38.03113484602392,-84.4634781433484,45960.0,golfer,4,#007cbf,,,,,,,,
golfer_group_67,38.03116149352554,-84.46310788755032,46020.0,golfer,4,#007cbf,,,,,,,,
golfer_group_67,38.031127268705696,-84.46274982308951,46080.0,golfer,4,#007cbf,,,,,,,,
golfer_group_67,38.031012137391194,-84.4624079623538,46140.0,golfer,4,#007cbf,,,,,,,,
golfer_group_67,38.03089700607669,-84.46206610161808,46200.0,golfer,4,#007cbf,,,,,,,,
golfer_group_67,38.0307818747622,-84.46172424088235,46260.0,golfer,4,#007cbf,,,,,,,,
golfer_group_67,38.030666743447696,-84.46138238014663,46320.0,golfer,4,#007cbf,,,,,,,,
golfer_group_67,38.030551612133195,-84.46104051941091,46380.0,golfer,4,#007cbf,,,,,,,,
golfer_group_67,38.03081531898336,-84.46091137688049,46440.0,golfer,4,#007cbf,,,,,,,,
golfer_group_67,38.0310279411826,-84.46098091912485,46500.0,golfer,4,#007cbf,,,,,,,,
golfer_group_67,38.03115090321037,-84.46131835889211,46560.0,golfer,4,#007cbf,,,,,,,,
golfer_group_67,38.031273865238134,-84.46165579865938,46620.0,golfer,4,#007cbf,,,,,,,,
golfer_group_67,38.03139682726591,-84.46199323842663,46680.0,golfer,4,#007cbf,,,,,,,,
golfer_group_67,38.031519789293675,-84.4623306781939,46740.0,golfer,4,#007cbf,,,,,,,,
golfer_group_67,38.03164275132144,-84.46266811796116,46800.0,golfer,4,#007cbf,,,,,,,,
golfer_group_67,38.03176571334921,-84.46300555772842,46860.0,golfer,4,#007cbf,,,,,,,,
golfer_group_67,38.031888675376976,-84.46334299749569,46920.0,golfer,4,#007cbf,,,,,,,,
golfer_group_67,38.031909837946635,-84.46368872876327,46980.0,golfer,4,#007cbf,,,,,,,,
golfer_group_67,38.03182184589159,-84.46404335060477,47040.0,golfer,4,#007cbf,,,,,,,,
golfer_group_67,38.03173385383655,-84.46439797244628,47100.0,golfer,4,#007cbf,,,,,,,,
golfer_group_67,38.031645861781506,-84.46475259428779,47160.0,golfer,4,#007cbf,,,,,,,,
golfer_group_67,38.03155786972646,-84.46510721612928,47220.0,golfer,4,#007cbf,,,,,,,,
golfer_group_67,38.03146987767142,-84.46546183797079,47280.0,golfer,4,#007cbf,,,,,,,,
golfer_group_67,38.03131864912918,-84.46576966145622,47340.0,golfer,4,#007cbf,,,,,,,,
golfer_group_67,38.0311189562348,-84.46604161874937,47400.0,golfer,4,#007cbf,,,,,,,,
golfer_group_67,38.030919263340415,-84.46631357604252,47460.0,golfer,4,#007cbf,,,,,,,,
golfer_group_67,38.030718115722834,-84.46658350967269,47520.0,golfer,4,#007cbf,,,,,,,,
golfer_group_67,38.0304866033238,-84.46681120290668,47580.0,golfer,4,#007cbf,,,,,,,,
golfer_group_67,38.030255090924776,-84.46703889614066,47640.0,golfer,4,#007cbf,,,,,,,,
golfer_group_67,38.03002357852575,-84.46726658937465,47700.0,golfer,4,#007cbf,,,,,,,,
golfer_group_67,38.02979206612672,-84.46749428260863,47760.0,golfer,4,#007cbf,,,,,,,,
golfer_group_67,38.02956055372769,-84.46772197584261,47820.0,golfer,4,#007cbf,,,,,,,,
golfer_group_67,38.02932904132866,-84.4679496690766,47880.0,golfer,4,#007cbf,,,,,,,,
golfer_group_67,38.02909752892963,-84.46817736231058,47940.0,golfer,4,#007cbf,,,,,,,,
golfer_group_67,38.0288660165306,-84.46840505554457,48000.0,golfer,4,#007cbf,,,,,,,,
golfer_group_67,38.02869804015225,-84.46870681462924,48060.0,golfer,4,#007cbf,,,,,,,,
golfer_group_67,38.028539024924726,-84.46901901999702,48120.0,golfer,4,#007cbf,,,,,,,,
golfer_group_67,38.0283800096972,-84.46933122536481,48180.0,golfer,4,#007cbf,,,,,,,,
golfer_group_67,38.028129065075696,-84.46949162304078,48240.0,golfer,4,#007cbf,,,,,,,,
golfer_group_67,38.02785052807789,-84.46960645602002,48300.0,golfer,1,#007cbf,,,,,,,,
golfer_group_67,38.027571991080094,-84.46972128899925,48360.0,golfer,1,#007cbf,,,,,,,,
golfer_group_67,38.02729345408229,-84.4698361219785,48420.0,golfer,4,#007cbf,,,,,,,,
golfer_group_67,38.027014917084486,-84.46995095495774,48480.0,golfer,4,#007cbf,,,,,,,,
golfer_group_67,38.02677219339408,-84.46990690842384,48540.0,golfer,4,#007cbf,,,,,,,,
golfer_group_67,38.026583670283,-84.46962241044099,48600.0,golfer,4,#007cbf,,,,,,,,
golfer_group_67,38.02639514717193,-84.46933791245814,48660.0,golfer,4,#007cbf,,,,,,,,
golfer_group_67,38.026206624060855,-84.4690534144753,48720.0,golfer,4,#007cbf,,,,,,,,
golfer_group_67,38.02601810094978,-84.46876891649245,48780.0,golfer,4,#007cbf,,,,,,,,
golfer_group_67,38.0258295778387,-84.4684844185096,48840.0,golfer,4,#007cbf,,,,,,,,
golfer_group_67,38.02564105472762,-84.46819992052676,48900.0,golfer,4,#007cbf,,,,,,,,
golfer_group_67,38.02539873776804,-84.4680332578427,48960.0,golfer,4,#007cbf,,,,,,,,
golfer_group_67,38.02511056304286,-84.46796704648648,49020.0,golfer,4,#007cbf,,,,,,,,
golfer_group_67,38.02482238831767,-84.46790083513027,49080.0,golfer,4,#007cbf,,,,,,,,
golfer_group_67,38.02466098715723,-84.46791926274804,49140.0,golfer,4,#007cbf,,,,,,,,
golfer_group_67,38.0248672597656,-84.46818316370741,49200.0,golfer,4,#007cbf,,,,,,,,
golfer_group_67,38.025073532373966,-84.46844706466678,49260.0,golfer,4,#007cbf,,,,,,,,
golfer_group_67,38.02498232223591,-84.46858500193528,49320.0,golfer,4,#007cbf,,,,,,,,
golfer_group_67,38.024692555469876,-84.46863886398934,49380.0,golfer,4,#007cbf,,,,,,,,
golfer_group_67,38.02440278870384,-84.4686927260434,49440.0,golfer,4,#007cbf,,,,,,,,
golfer_group_67,38.0241130219378,-84.46874658809746,49500.0,golfer,4,#007cbf,,,,,,,,
golfer_group_67,38.02382325517176,-84.46880045015152,49560.0,golfer,4,#007cbf,,,,,,,,
golfer_group_67,38.023533488405725,-84.46885431220558,49620.0,golfer,4,#007cbf,,,,,,,,
golfer_group_67,38.02325287292604,-84.46895459002404,49680.0,golfer,4,#007cbf,,,,,,,,
golfer_group_67,38.023120094224296,-84.46908677293466,49740.0,golfer,4,#007cbf,,,,,,,,
golfer_group_67,38.02338797984743,-84.46923698741324,49800.0,golfer,4,#007cbf,,,,,,,,
golfer_group_67,38.02365586547056,-84.46938720189182,49860.0,golfer,4,#007cbf,,,,,,,,
golfer_group_67,38.02392375109368,-84.4695374163704,49920.0,golfer,4,#007cbf,,,,,,,,
golfer_group_67,38.024191636716814,-84.46968763084898,49980.0,golfer,4,#007cbf,,,,,,,,
golfer_group_67,38.024459522339946,-84.46983784532756,50040.0,golfer,4,#007cbf,,,,,,,,
golfer_group_67,38.02472740796308,-84.46998805980614,50100.0,golfer,4,#007cbf,,,,,,,,
golfer_group_67,38.0249952935862,-84.47013827428472,50160.0,golfer,4,#007cbf,,,,,,,,
golfer_group_67,38.02526317920933,-84.4702884887633,50220.0,golfer,4,#007cbf,,,,,,,,
golfer_group_67,38.02549053793203,-84.47051685206469,50280.0,golfer,4,#007cbf,,,,,,,,
golfer_group_67,38.02570511747455,-84.47076985771169,50340.0,golfer,4,#007cbf,,,,,,,,
golfer_group_67,38.025919697017066,-84.4710228633587,50400.0,golfer,4,#007cbf,,,,,,,,
golfer_group_67,38.02613427655959,-84.4712758690057,50460.0,golfer,4,#007cbf,,,,,,,,
golfer_group_67,38.02634885610211,-84.4715288746527,50520.0,golfer,4,#007cbf,,,,,,,,
golfer_group_67,38.026563435644626,-84.4717818802997,50580.0,golfer,4,#007cbf,,,,,,,,
golfer_group_67,38.02678243981026,-84.47202860408251,50640.0,golfer,4,#007cbf,,,,,,,,
golfer_group_67,38.02668611647238,-84.47218057293104,50700.0,golfer,4,#007cbf,,,,,,,,
golfer_group_67,38.02640386024167,-84.4722796932027,50760.0,golfer,4,#007cbf,,,,,,,,
golfer_group_67,38.02612160401096,-84.47237881347434,50820.0,golfer,4,#007cbf,,,,,,,,
golfer_group_67,38.02583934778024,-84.47247793374599,50880.0,golfer,4,#007cbf,,,,,,,,
golfer_group_67,38.02555709154953,-84.47257705401765,50940.0,golfer,4,#007cbf,,,,,,,,
golfer_group_67,38.025278899056985,-84.47258808504574,51000.0,golfer,4,#007cbf,,,,,,,,
golfer_group_67,38.02505413568005,-84.47238241246707,51060.0,golfer,4,#007cbf,,,,,,,,
golfer_group_67,38.02491621232278,-84.47205445775451,51120.0,golfer,4,#007cbf,,,,,,,,
golfer_group_67,38.02477828896551,-84.47172650304194,51180.0,golfer,4,#007cbf,,,,,,,,
golfer_group_67,38.024640365608235,-84.47139854832938,51240.0,golfer,4,#007cbf,,,,,,,,
golfer_group_67,38.02450244225096,-84.4710705936168,51300.0,golfer,4,#007cbf,,,,,,,,
golfer_group_67,38.02436451889369,-84.47074263890424,51360.0,golfer,4,#007cbf,,,,,,,,
golfer_group_67,38.02422659553642,-84.47041468419167,51420.0,golfer,4,#007cbf,,,,,,,,
golfer_group_67,38.02408867217915,-84.4700867294791,51480.0,golfer,4,#007cbf,,,,,,,,
golfer_group_67,38.023830177494666,-84.46991493651929,51540.0,golfer,4,#007cbf,,,,,,,,
golfer_group_67,38.02356911857893,-84.46974646470437,51600.0,golfer,4,#007cbf,,,,,,,,
golfer_group_67,38.0233080596632,-84.46957799288944,51660.0,golfer,4,#007cbf,,,,,,,,
golfer_group_67,38.02304700074746,-84.46940952107451,51720.0,golfer,4,#007cbf,,,,,,,,
golfer_group_67,38.0227847606833,-84.46924457405959,51780.0,golfer,4,#007cbf,,,,,,,,
golfer_group_67,38.02250809559787,-84.46912267439926,51840.0,golfer,4,#007cbf,,,,,,,,
golfer_group_67,38.022527943550884,-84.46893235209967,51900.0,golfer,4,#007cbf,,,,,,,,
golfer_group_67,38.02275311404551,-84.46869465006165,51960.0,golfer,4,#007cbf,,,,,,,,
golfer_group_67,38.02297828454014,-84.46845694802364,52020.0,golfer,4,#007cbf,,,,,,,,
golfer_group_67,38.02320345503476,-84.46821924598564,52080.0,golfer,4,#007cbf,,,,,,,,
golfer_group_67,38.023428625529384,-84.46798154394763,52140.0,golfer,4,#007cbf,,,,,,,,
golfer_group_67,38.02365379602401,-84.46774384190961,52200.0,golfer,4,#007cbf,,,,,,,,
golfer_group_67,38.02387896651864,-84.4675061398716,52260.0,golfer,4,#007cbf,,,,,,,,
golfer_group_67,38.02410413701326,-84.4672684378336,52320.0,golfer,4,#007cbf,,,,,,,,
golfer_group_67,38.024329307507884,-84.46703073579559,52380.0,golfer,4,#007cbf,,,,,,,,
golfer_group_67,38.024516630016976,-84.46674714202182,52440.0,golfer,4,#007cbf,,,,,,,,
golfer_group_67,38.02469334505099,-84.4664506863893,52500.0,golfer,4,#007cbf,,,,,,,,
golfer_group_67,38.02487006008501,-84.46615423075679,52560.0,golfer,4,#007cbf,,,,,,,,
golfer_group_67,38.02504677511902,-84.46585777512426,52620.0,golfer,4,#007cbf,,,,,,,,
golfer_group_67,38.02525798622544,-84.46562593134438,52680.0,golfer,4,#007cbf,,,,,,,,
golfer_group_67,38.025540368765746,-84.46552739312297,52740.0,golfer,4,#007cbf,,,,,,,,
golfer_group_67,38.02582275130605,-84.46542885490156,52800.0,golfer,4,#007cbf,,,,,,,,
golfer_group_67,38.02610513384636,-84.46533031668015,52860.0,golfer,4,#007cbf,,,,,,,,
golfer_group_67,38.02637936666449,-84.46537020680762,52920.0,golfer,4,#007cbf,,,,,,,,
golfer_group_67,38.02664707383,-84.4655209394031,52980.0,golfer,4,#007cbf,,,,,,,,
golfer_group_67,38.026914780995504,-84.46567167199859,53040.0,golfer,4,#007cbf,,,,,,,,
golfer_group_67,38.02718248816101,-84.46582240459409,53100.0,golfer,4,#007cbf,,,,,,,,
golfer_group_67,38.027450195326516,-84.46597313718958,53160.0,golfer,4,#007cbf,,,,,,,,
golfer_group_67,38.02771790249202,-84.46612386978506,53220.0,golfer,4,#007cbf,,,,,,,,
golfer_group_67,38.027985609657534,-84.46627460238055,53280.0,golfer,4,#007cbf,,,,,,,,
golfer_group_67,38.02825331682304,-84.46642533497604,53340.0,golfer,4,#007cbf,,,,,,,,
golfer_group_67,38.02854411583699,-84.46643446747252,53400.0,golfer,4,#007cbf,,,,,,,,
golfer_group_67,38.02883696025459,-84.46643105747557,53460.0,golfer,4,#007cbf,,,,,,,,
golfer_group_67,38.02912980467218,-84.46642764747862,53520.0,golfer,4,#007cbf,,,,,,,,
golfer_group_67,38.029422649089774,-84.46642423748168,53580.0,golfer,4,#007cbf,,,,,,,,
golfer_group_67,38.029714660100595,-84.46640554510962,53640.0,golfer,4,#007cbf,,,,,,,,
golfer_group_67,38.03000508074206,-84.46635768976212,53700.0,golfer,4,#007cbf,,,,,,,,
golfer_group_67,38.03029550138352,-84.46630983441462,53760.0,golfer,4,#007cbf,,,,,,,,
golfer_group_67,38.03034421537664,-84.46623396436489,53820.0,golfer,4,#007cbf,,,,,,,,
golfer_group_67,38.0300654222068,-84.4661201350132,53880.0,golfer,4,#007cbf,,,,,,,,
golfer_group_67,38.02978662903697,-84.46600630566151,53940.0,golfer,4,#007cbf,,,,,,,,
golfer_group_67,38.02950783586713,-84.46589247630982,54000.0,golfer,4,#007cbf,,,,,,,,
golfer_group_67,38.029229042697295,-84.46577864695813,54060.0,golfer,4,#007cbf,,,,,,,,
golfer_group_67,38.02895024952746,-84.46566481760644,54120.0,golfer,4,#007cbf,,,,,,,,
golfer_group_67,38.02867145635763,-84.46555098825475,54180.0,golfer,4,#007cbf,,,,,,,,
golfer_group_67,38.02839266318779,-84.46543715890306,54240.0,golfer,4,#007cbf,,,,,,,,
golfer_group_67,38.02811294382565,-84.46532834232956,54300.0,golfer,4,#007cbf,,,,,,,,
golfer_group_67,38.02782336017175,-84.46527291370359,54360.0,golfer,4,#007cbf,,,,,,,,
golfer_group_67,38.02753377651786,-84.46521748507763,54420.0,golfer,4,#007cbf,,,,,,,,
golfer_group_67,38.027244192863975,-84.46516205645167,54480.0,golfer,4,#007cbf,,,,,,,,
golfer_group_67,38.02695460921009,-84.46510662782572,54540.0,golfer,4,#007cbf,,,,,,,,
golfer_group_67,38.02666502555619,-84.46505119919976,54600.0,golfer,4,#007cbf,,,,,,,,
golfer_group_67,38.02637326063661,-84.4650346343973,54660.0,golfer,4,#007cbf,,,,,,,,
golfer_group_67,38.02608041188864,-84.46503738027086,54720.0,golfer,4,#007cbf,,,,,,,,
golfer_group_67,38.025787563140675,-84.46504012614442,54780.0,golfer,2,#007cbf,,,,,,,,
golfer_group_67,38.025494714392714,-84.46504287201797,54840.0,golfer,4,#007cbf,,,,,,,,
golfer_group_67,38.02556401049359,-84.4653626218534,54900.0,golfer,4,#007cbf,,,,,,,,
golfer_group_67,38.025666096931715,-84.46571107475296,54960.0,golfer,4,#007cbf,,,,,,,,
golfer_group_67,38.02576818336984,-84.46605952765252,55020.0,golfer,4,#007cbf,,,,,,,,
golfer_group_67,38.02587026980797,-84.46640798055208,55080.0,golfer,4,#007cbf,,,,,,,,
golfer_group_67,38.02597235624609,-84.46675643345164,55140.0,golfer,4,#007cbf,,,,,,,,
golfer_group_67,38.02607444268422,-84.46710488635118,55200.0,golfer,4,#007cbf,,,,,,,,
golfer_group_67,38.026176529122345,-84.46745333925074,55260.0,golfer,4,#007cbf,,,,,,,,
golfer_group_67,38.02627861556047,-84.4678017921503,55320.0,golfer,4,#007cbf,,,,,,,,
golfer_group_67,38.026391551516966,-84.46814347235242,55380.0,golfer,4,#007cbf,,,,,,,,
golfer_group_67,38.0265466275618,-84.46845884704874,55440.0,golfer,4,#007cbf,,,,,,,,
golfer_group_67,38.02670170360664,-84.46877422174504,55500.0,golfer,4,#007cbf,,,,,,,,
golfer_group_67,38.02685677965148,-84.46908959644135,55560.0,golfer,4,#007cbf,,,,,,,,
golfer_group_67,38.027011855696315,-84.46940497113766,55620.0,golfer,4,#007cbf,,,,,,,,
golfer_group_67,38.027202562026105,-84.46967624119414,55680.0,golfer,4,#007cbf,,,,,,,,
golfer_group_67,38.027447,-84.469881,55740.0,golfer,1,#007cbf,,,,,,,,
golfer_group_68,38.027447,-84.469881,41940.0,golfer,1,#007cbf,,,,,,,,
golfer_group_68,38.02754627606764,-84.46962578282717,42000.0,golfer,1,#007cbf,,,,,,,,
golfer_group_68,38.02744283462056,-84.4692779685763,42060.0,golfer,1,#007cbf,,,,,,,,
golfer_group_68,38.02733939317348,-84.46893015432545,42120.0,golfer,1,#007cbf,,,,,,,,
golfer_group_68,38.0272359517264,-84.46858234007459,42180.0,golfer,1,#007cbf,,,,,,,,
golfer_group_68,38.027132510279316,-84.46823452582373,42240.0,golfer,1,#007cbf,,,,,,,,
golfer_group_68,38.027029068832235,-84.46788671157287,42300.0,golfer,1,#007cbf,,,,,,,,
golfer_group_68,38.026925627385154,-84.46753889732202,42360.0,golfer,1,#007cbf,,,,,,,,
golfer_group_68,38.02682218593807,-84.46719108307117,42420.0,golfer,1,#007cbf,,,,,,,,
golfer_group_68,38.026707885382585,-84.46684997010087,42480.0,golfer,1,#007cbf,,,,,,,,
golfer_group_68,38.0265563489919,-84.46653183579225,42540.0,golfer,1,#007cbf,,,,,,,,
golfer_group_68,38.02640481260122,-84.46621370148365,42600.0,golfer,1,#007cbf,,,,,,,,
golfer_group_68,38.02625327621054,-84.46589556717504,42660.0,golfer,1,#007cbf,,,,,,,,
golfer_group_68,38.026097865476636,-84.4655806681031,42720.0,golfer,1,#007cbf,,,,,,,,
golfer_group_68,38.02592778516153,-84.46527801873756,42780.0,golfer,4,#007cbf,,,,,,,,
golfer_group_68,38.02575770484643,-84.46497536937204,42840.0,golfer,2,#007cbf,,,,,,,,
golfer_group_68,38.02580429978306,-84.46478189846547,42900.0,golfer,2,#007cbf,,,,,,,,
golfer_group_68,38.02609158193444,-84.46470970518055,42960.0,golfer,2,#007cbf,,,,,,,,
golfer_group_68,38.02637886408582,-84.46463751189565,43020.0,golfer,2,#007cbf,,,,,,,,
golfer_group_68,38.0266661462372,-84.46456531861072,43080.0,golfer,2,#007cbf,,,,,,,,
golfer_group_68,38.02695342838857,-84.4644931253258,43140.0,golfer,2,#007cbf,,,,,,,,
golfer_group_68,38.02723262500985,-84.46440936561527,43200.0,golfer,2,#007cbf,,,,,,,,
golfer_group_68,38.02732323296244,-84.46405582806928,43260.0,golfer,2,#007cbf,,,,,,,,
golfer_group_68,38.027413840915024,-84.46370229052329,43320.0,golfer,3,#007cbf,,,,,,,,
golfer_group_68,38.02755613921936,-84.46339199540722,43380.0,golfer,3,#007cbf,,,,,,,,
golfer_group_68,38.02777631020529,-84.46314684598785,43440.0,golfer,3,#007cbf,,,,,,,,
golfer_group_68,38.027996481191224,-84.4629016965685,43500.0,golfer,3,#007cbf,,,,,,,,
golfer_group_68,38.028216652177164,-84.46265654714912,43560.0,golfer,3,#007cbf,,,,,,,,
golfer_group_68,38.0284368231631,-84.46241139772975,43620.0,golfer,3,#007cbf,,,,,,,,
golfer_group_68,38.02865699414903,-84.4621662483104,43680.0,golfer,3,#007cbf,,,,,,,,
golfer_group_68,38.02887716513497,-84.46192109889103,43740.0,golfer,3,#007cbf,,,,,,,,
golfer_group_68,38.029097336120905,-84.46167594947165,43800.0,golfer,3,#007cbf,,,,,,,,
golfer_group_68,38.02932048603734,-84.46143527844885,43860.0,golfer,3,#007cbf,,,,,,,,
golfer_group_68,38.02954781666501,-84.4612008925283,43920.0,golfer,3,#007cbf,,,,,,,,
golfer_group_68,38.029775147292675,-84.46096650660775,43980.0,golfer,3,#007cbf,,,,,,,,
golfer_group_68,38.03000247792034,-84.46073212068718,44040.0,golfer,3,#007cbf,,,,,,,,
golfer_group_68,38.03022980854801,-84.46049773476663,44100.0,golfer,3,#007cbf,,,,,,,,
golfer_group_68,38.03028198771919,-84.46029007968264,44160.0,golfer,3,#007cbf,,,,,,,,
golfer_group_68,38.030017377451664,-84.46013077159431,44220.0,golfer,4,#007cbf,,,,,,,,
golfer_group_68,38.02974997117584,-84.46003134117494,44280.0,golfer,4,#007cbf,,,,,,,,
golfer_group_68,38.029472388508275,-84.46014984237516,44340.0,golfer,4,#007cbf,,,,,,,,
golfer_group_68,38.02919480584071,-84.46026834357538,44400.0,golfer,4,#007cbf,,,,,,,,
golfer_group_68,38.02891722317315,-84.46038684477558,44460.0,golfer,4,#007cbf,,,,,,,,
golfer_group_68,38.02863964050559,-84.4605053459758,44520.0,golfer,4,#007cbf,,,,,,,,
golfer_group_68,38.02846819932939,-84.46074999771898,44580.0,golfer,4,#007cbf,,,,,,,,
golfer_group_68,38.028356651102726,-84.46108459413088,44640.0,golfer,4,#007cbf,,,,,,,,
golfer_group_68,38.028163251425084,-84.46136377382878,44700.0,golfer,4,#007cbf,,,,,,,,
golfer_group_68,38.02796985174745,-84.46164295352668,44760.0,golfer,4,#007cbf,,,,,,,,
golfer_group_68,38.02777645206981,-84.46192213322458,44820.0,golfer,4,#007cbf,,,,,,,,
golfer_group_68,38.027583052392174,-84.46220131292247,44880.0,golfer,4,#007cbf,,,,,,,,
golfer_group_68,38.02739313138997,-84.4624841808364,44940.0,golfer,4,#007cbf,,,,,,,,
golfer_group_68,38.02721114487077,-84.46277546117278,45000.0,golfer,4,#007cbf,,,,,,,,
golfer_group_68,38.02702915835156,-84.46306674150915,45060.0,golfer,4,#007cbf,,,,,,,,
golfer_group_68,38.02684717183235,-84.46335802184554,45120.0,golfer,4,#007cbf,,,,,,,,
golfer_group_68,38.027030664719845,-84.46345337202217,45180.0,golfer,4,#007cbf,,,,,,,,
golfer_group_68,38.02732202605173,-84.46349089491457,45240.0,golfer,3,#007cbf,,,,,,,,
golfer_group_68,38.02761338738361,-84.46352841780696,45300.0,golfer,3,#007cbf,,,,,,,,
golfer_group_68,38.02787761975422,-84.46365295047241,45360.0,golfer,4,#007cbf,,,,,,,,
golfer_group_68,38.02811027773896,-84.46387875056652,45420.0,golfer,4,#007cbf,,,,,,,,
golfer_group_68,38.02834293572369,-84.46410455066062,45480.0,golfer,4,#007cbf,,,,,,,,
golfer_group_68,38.028575593708425,-84.46433035075472,45540.0,golfer,4,#007cbf,,,,,,,,
golfer_group_68,38.028808251693164,-84.46455615084882,45600.0,golfer,4,#007cbf,,,,,,,,
golfer_group_68,38.029040909677896,-84.46478195094294,45660.0,golfer,4,#007cbf,,,,,,,,
golfer_group_68,38.02927356766263,-84.46500775103704,45720.0,golfer,4,#007cbf,,,,,,,,
golfer_group_68,38.02950622564737,-84.46523355113113,45780.0,golfer,4,#007cbf,,,,,,,,
golfer_group_68,38.02975350361947,-84.4654282954189,45840.0,golfer,4,#007cbf,,,,,,,,
golfer_group_68,38.030020352724144,-84.46558146666777,45900.0,golfer,4,#007cbf,,,,,,,,
golfer_group_68,38.03028720182882,-84.46573463791665,45960.0,golfer,4,#007cbf,,,,,,,,
golfer_group_68,38.030554050933496,-84.46588780916554,46020.0,golfer,4,#007cbf,,,,,,,,
golfer_group_68,38.0308144451061,-84.46601508231271,46080.0,golfer,4,#007cbf,,,,,,,,
golfer_group_68,38.03096331555731,-84.46569490649415,46140.0,golfer,4,#007cbf,,,,,,,,
golfer_group_68,38.03100160851583,-84.46532942233877,46200.0,golfer,4,#007cbf,,,,,,,,
golfer_group_68,38.03102825601745,-84.4649591665407,46260.0,golfer,4,#007cbf,,,,,,,,
golfer_group_68,38.03105490351906,-84.46458891074262,46320.0,golfer,4,#007cbf,,,,,,,,
golfer_group_68,38.031081551020684,-84.46421865494455,46380.0,golfer,4,#007cbf,,,,,,,,
golfer_group_68,38.031108198522304,-84.46384839914647,46440.0,golfer,4,#007cbf,,,,,,,,
golfer_group_68,38.03113484602392,-84.4634781433484,46500.0,golfer,4,#007cbf,,,,,,,,
golfer_group_68,38.03116149352554,-84.46310788755032,46560.0,golfer,4,#007cbf,,,,,,,,
golfer_group_68,38.031127268705696,-84.46274982308951,46620.0,golfer,4,#007cbf,,,,,,,,
golfer_group_68,38.031012137391194,-84.4624079623538,46680.0,golfer,4,#007cbf,,,,,,,,
golfer_group_68,38.03089700607669,-84.46206610161808,46740.0,golfer,4,#007cbf,,,,,,,,
golfer_group_68,38.0307818747622,-84.46172424088235,46800.0,golfer,4,#007cbf,,,,,,,,
golfer_group_68,38.030666743447696,-84.46138238014663,46860.0,golfer,4,#007cbf,,,,,,,,
golfer_group_68,38.030551612133195,-84.46104051941091,46920.0,golfer,4,#007cbf,,,,,,,,
golfer_group_68,38.03081531898336,-84.46091137688049,46980.0,golfer,4,#007cbf,,,,,,,,
golfer_group_68,38.0310279411826,-84.46098091912485,47040.0,golfer,4,#007cbf,,,,,,,,
golfer_group_68,38.03115090321037,-84.46131835889211,47100.0,golfer,4,#007cbf,,,,,,,,
golfer_group_68,38.031273865238134,-84.46165579865938,47160.0,golfer,4,#007cbf,,,,,,,,
golfer_group_68,38.03139682726591,-84.46199323842663,47220.0,golfer,4,#007cbf,,,,,,,,
golfer_group_68,38.031519789293675,-84.4623306781939,47280.0,golfer,4,#007cbf,,,,,,,,
golfer_group_68,38.03164275132144,-84.46266811796116,47340.0,golfer,4,#007cbf,,,,,,,,
golfer_group_68,38.03176571334921,-84.46300555772842,47400.0,golfer,4,#007cbf,,,,,,,,
golfer_group_68,38.031888675376976,-84.46334299749569,47460.0,golfer,4,#007cbf,,,,,,,,
golfer_group_68,38.031909837946635,-84.46368872876327,47520.0,golfer,4,#007cbf,,,,,,,,
golfer_group_68,38.03182184589159,-84.46404335060477,47580.0,golfer,4,#007cbf,,,,,,,,
golfer_group_68,38.03173385383655,-84.46439797244628,47640.0,golfer,4,#007cbf,,,,,,,,
golfer_group_68,38.031645861781506,-84.46475259428779,47700.0,golfer,4,#007cbf,,,,,,,,
golfer_group_68,38.03155786972646,-84.46510721612928,47760.0,golfer,4,#007cbf,,,,,,,,
golfer_group_68,38.03146987767142,-84.46546183797079,47820.0,golfer,4,#007cbf,,,,,,,,
golfer_group_68,38.03131864912918,-84.46576966145622,47880.0,golfer,4,#007cbf,,,,,,,,
golfer_group_68,38.0311189562348,-84.46604161874937,47940.0,golfer,4,#007cbf,,,,,,,,
golfer_group_68,38.030919263340415,-84.46631357604252,48000.0,golfer,4,#007cbf,,,,,,,,
golfer_group_68,38.030718115722834,-84.46658350967269,48060.0,golfer,4,#007cbf,,,,,,,,
golfer_group_68,38.0304866033238,-84.46681120290668,48120.0,golfer,4,#007cbf,,,,,,,,
golfer_group_68,38.030255090924776,-84.46703889614066,48180.0,golfer,4,#007cbf,,,,,,,,
golfer_group_68,38.03002357852575,-84.46726658937465,48240.0,golfer,4,#007cbf,,,,,,,,
golfer_group_68,38.02979206612672,-84.46749428260863,48300.0,golfer,4,#007cbf,,,,,,,,
golfer_group_68,38.02956055372769,-84.46772197584261,48360.0,golfer,4,#007cbf,,,,,,,,
golfer_group_68,38.02932904132866,-84.4679496690766,48420.0,golfer,4,#007cbf,,,,,,,,
golfer_group_68,38.02909752892963,-84.46817736231058,48480.0,golfer,4,#007cbf,,,,,,,,
golfer_group_68,38.0288660165306,-84.46840505554457,48540.0,golfer,4,#007cbf,,,,,,,,
golfer_group_68,38.02869804015225,-84.46870681462924,48600.0,golfer,4,#007cbf,,,,,,,,
golfer_group_68,38.028539024924726,-84.46901901999702,48660.0,golfer,4,#007cbf,,,,,,,,
golfer_group_68,38.0283800096972,-84.46933122536481,48720.0,golfer,4,#007cbf,,,,,,,,
golfer_group_68,38.028129065075696,-84.46949162304078,48780.0,golfer,4,#007cbf,,,,,,,,
golfer_group_68,38.02785052807789,-84.46960645602002,48840.0,golfer,1,#007cbf,,,,,,,,
golfer_group_68,38.027571991080094,-84.46972128899925,48900.0,golfer,1,#007cbf,,,,,,,,
golfer_group_68,38.02729345408229,-84.4698361219785,48960.0,golfer,4,#007cbf,,,,,,,,
golfer_group_68,38.027014917084486,-84.46995095495774,49020.0,golfer,4,#007cbf,,,,,,,,
golfer_group_68,38.02677219339408,-84.46990690842384,49080.0,golfer,4,#007cbf,,,,,,,,
golfer_group_68,38.026583670283,-84.46962241044099,49140.0,golfer,4,#007cbf,,,,,,,,
golfer_group_68,38.02639514717193,-84.46933791245814,49200.0,golfer,4,#007cbf,,,,,,,,
golfer_group_68,38.026206624060855,-84.4690534144753,49260.0,golfer,4,#007cbf,,,,,,,,
golfer_group_68,38.02601810094978,-84.46876891649245,49320.0,golfer,4,#007cbf,,,,,,,,
golfer_group_68,38.0258295778387,-84.4684844185096,49380.0,golfer,4,#007cbf,,,,,,,,
golfer_group_68,38.02564105472762,-84.46819992052676,49440.0,golfer,4,#007cbf,,,,,,,,
golfer_group_68,38.02539873776804,-84.4680332578427,49500.0,golfer,4,#007cbf,,,,,,,,
golfer_group_68,38.02511056304286,-84.46796704648648,49560.0,golfer,4,#007cbf,,,,,,,,
golfer_group_68,38.02482238831767,-84.46790083513027,49620.0,golfer,4,#007cbf,,,,,,,,
golfer_group_68,38.02466098715723,-84.46791926274804,49680.0,golfer,4,#007cbf,,,,,,,,
golfer_group_68,38.0248672597656,-84.46818316370741,49740.0,golfer,4,#007cbf,,,,,,,,
golfer_group_68,38.025073532373966,-84.46844706466678,49800.0,golfer,4,#007cbf,,,,,,,,
golfer_group_68,38.02498232223591,-84.46858500193528,49860.0,golfer,4,#007cbf,,,,,,,,
golfer_group_68,38.024692555469876,-84.46863886398934,49920.0,golfer,4,#007cbf,,,,,,,,
golfer_group_68,38.02440278870384,-84.4686927260434,49980.0,golfer,4,#007cbf,,,,,,,,
golfer_group_68,38.0241130219378,-84.46874658809746,50040.0,golfer,4,#007cbf,,,,,,,,
golfer_group_68,38.02382325517176,-84.46880045015152,50100.0,golfer,4,#007cbf,,,,,,,,
golfer_group_68,38.023533488405725,-84.46885431220558,50160.0,golfer,4,#007cbf,,,,,,,,
golfer_group_68,38.02325287292604,-84.46895459002404,50220.0,golfer,4,#007cbf,,,,,,,,
golfer_group_68,38.023120094224296,-84.46908677293466,50280.0,golfer,4,#007cbf,,,,,,,,
golfer_group_68,38.02338797984743,-84.46923698741324,50340.0,golfer,4,#007cbf,,,,,,,,
golfer_group_68,38.02365586547056,-84.46938720189182,50400.0,golfer,4,#007cbf,,,,,,,,
golfer_group_68,38.02392375109368,-84.4695374163704,50460.0,golfer,4,#007cbf,,,,,,,,
golfer_group_68,38.024191636716814,-84.46968763084898,50520.0,golfer,4,#007cbf,,,,,,,,
golfer_group_68,38.024459522339946,-84.46983784532756,50580.0,golfer,4,#007cbf,,,,,,,,
golfer_group_68,38.02472740796308,-84.46998805980614,50640.0,golfer,4,#007cbf,,,,,,,,
golfer_group_68,38.0249952935862,-84.47013827428472,50700.0,golfer,4,#007cbf,,,,,,,,
golfer_group_68,38.02526317920933,-84.4702884887633,50760.0,golfer,4,#007cbf,,,,,,,,
golfer_group_68,38.02549053793203,-84.47051685206469,50820.0,golfer,4,#007cbf,,,,,,,,
golfer_group_68,38.02570511747455,-84.47076985771169,50880.0,golfer,4,#007cbf,,,,,,,,
golfer_group_68,38.025919697017066,-84.4710228633587,50940.0,golfer,4,#007cbf,,,,,,,,
golfer_group_68,38.02613427655959,-84.4712758690057,51000.0,golfer,4,#007cbf,,,,,,,,
golfer_group_68,38.02634885610211,-84.4715288746527,51060.0,golfer,4,#007cbf,,,,,,,,
golfer_group_68,38.026563435644626,-84.4717818802997,51120.0,golfer,4,#007cbf,,,,,,,,
golfer_group_68,38.02678243981026,-84.47202860408251,51180.0,golfer,4,#007cbf,,,,,,,,
golfer_group_68,38.02668611647238,-84.47218057293104,51240.0,golfer,4,#007cbf,,,,,,,,
golfer_group_68,38.02640386024167,-84.4722796932027,51300.0,golfer,4,#007cbf,,,,,,,,
golfer_group_68,38.02612160401096,-84.47237881347434,51360.0,golfer,4,#007cbf,,,,,,,,
golfer_group_68,38.02583934778024,-84.47247793374599,51420.0,golfer,4,#007cbf,,,,,,,,
golfer_group_68,38.02555709154953,-84.47257705401765,51480.0,golfer,4,#007cbf,,,,,,,,
golfer_group_68,38.025278899056985,-84.47258808504574,51540.0,golfer,4,#007cbf,,,,,,,,
golfer_group_68,38.02505413568005,-84.47238241246707,51600.0,golfer,4,#007cbf,,,,,,,,
golfer_group_68,38.02491621232278,-84.47205445775451,51660.0,golfer,4,#007cbf,,,,,,,,
golfer_group_68,38.02477828896551,-84.47172650304194,51720.0,golfer,4,#007cbf,,,,,,,,
golfer_group_68,38.024640365608235,-84.47139854832938,51780.0,golfer,4,#007cbf,,,,,,,,
golfer_group_68,38.02450244225096,-84.4710705936168,51840.0,golfer,4,#007cbf,,,,,,,,
golfer_group_68,38.02436451889369,-84.47074263890424,51900.0,golfer,4,#007cbf,,,,,,,,
golfer_group_68,38.02422659553642,-84.47041468419167,51960.0,golfer,4,#007cbf,,,,,,,,
golfer_group_68,38.02408867217915,-84.4700867294791,52020.0,golfer,4,#007cbf,,,,,,,,
golfer_group_68,38.023830177494666,-84.46991493651929,52080.0,golfer,4,#007cbf,,,,,,,,
golfer_group_68,38.02356911857893,-84.46974646470437,52140.0,golfer,4,#007cbf,,,,,,,,
golfer_group_68,38.0233080596632,-84.46957799288944,52200.0,golfer,4,#007cbf,,,,,,,,
golfer_group_68,38.02304700074746,-84.46940952107451,52260.0,golfer,4,#007cbf,,,,,,,,
golfer_group_68,38.0227847606833,-84.46924457405959,52320.0,golfer,4,#007cbf,,,,,,,,
golfer_group_68,38.02250809559787,-84.46912267439926,52380.0,golfer,4,#007cbf,,,,,,,,
golfer_group_68,38.022527943550884,-84.46893235209967,52440.0,golfer,4,#007cbf,,,,,,,,
golfer_group_68,38.02275311404551,-84.46869465006165,52500.0,golfer,4,#007cbf,,,,,,,,
golfer_group_68,38.02297828454014,-84.46845694802364,52560.0,golfer,4,#007cbf,,,,,,,,
golfer_group_68,38.02320345503476,-84.46821924598564,52620.0,golfer,4,#007cbf,,,,,,,,
golfer_group_68,38.023428625529384,-84.46798154394763,52680.0,golfer,4,#007cbf,,,,,,,,
golfer_group_68,38.02365379602401,-84.46774384190961,52740.0,golfer,4,#007cbf,,,,,,,,
golfer_group_68,38.02387896651864,-84.4675061398716,52800.0,golfer,4,#007cbf,,,,,,,,
golfer_group_68,38.02410413701326,-84.4672684378336,52860.0,golfer,4,#007cbf,,,,,,,,
golfer_group_68,38.024329307507884,-84.46703073579559,52920.0,golfer,4,#007cbf,,,,,,,,
golfer_group_68,38.024516630016976,-84.46674714202182,52980.0,golfer,4,#007cbf,,,,,,,,
golfer_group_68,38.02469334505099,-84.4664506863893,53040.0,golfer,4,#007cbf,,,,,,,,
golfer_group_68,38.02487006008501,-84.46615423075679,53100.0,golfer,4,#007cbf,,,,,,,,
golfer_group_68,38.02504677511902,-84.46585777512426,53160.0,golfer,4,#007cbf,,,,,,,,
golfer_group_68,38.02525798622544,-84.46562593134438,53220.0,golfer,4,#007cbf,,,,,,,,
golfer_group_68,38.025540368765746,-84.46552739312297,53280.0,golfer,4,#007cbf,,,,,,,,
golfer_group_68,38.02582275130605,-84.46542885490156,53340.0,golfer,4,#007cbf,,,,,,,,
golfer_group_68,38.02610513384636,-84.46533031668015,53400.0,golfer,4,#007cbf,,,,,,,,
golfer_group_68,38.02637936666449,-84.46537020680762,53460.0,golfer,4,#007cbf,,,,,,,,
golfer_group_68,38.02664707383,-84.4655209394031,53520.0,golfer,4,#007cbf,,,,,,,,
golfer_group_68,38.026914780995504,-84.46567167199859,53580.0,golfer,4,#007cbf,,,,,,,,
golfer_group_68,38.02718248816101,-84.46582240459409,53640.0,golfer,4,#007cbf,,,,,,,,
golfer_group_68,38.027450195326516,-84.46597313718958,53700.0,golfer,4,#007cbf,,,,,,,,
golfer_group_68,38.02771790249202,-84.46612386978506,53760.0,golfer,4,#007cbf,,,,,,,,
golfer_group_68,38.027985609657534,-84.46627460238055,53820.0,golfer,4,#007cbf,,,,,,,,
golfer_group_68,38.02825331682304,-84.46642533497604,53880.0,golfer,4,#007cbf,,,,,,,,
golfer_group_68,38.02854411583699,-84.46643446747252,53940.0,golfer,4,#007cbf,,,,,,,,
golfer_group_68,38.02883696025459,-84.46643105747557,54000.0,golfer,4,#007cbf,,,,,,,,
golfer_group_68,38.02912980467218,-84.46642764747862,54060.0,golfer,4,#007cbf,,,,,,,,
golfer_group_68,38.029422649089774,-84.46642423748168,54120.0,golfer,4,#007cbf,,,,,,,,
golfer_group_68,38.029714660100595,-84.46640554510962,54180.0,golfer,4,#007cbf,,,,,,,,
golfer_group_68,38.03000508074206,-84.46635768976212,54240.0,golfer,4,#007cbf,,,,,,,,
golfer_group_68,38.03029550138352,-84.46630983441462,54300.0,golfer,4,#007cbf,,,,,,,,
golfer_group_68,38.03034421537664,-84.46623396436489,54360.0,golfer,4,#007cbf,,,,,,,,
golfer_group_68,38.0300654222068,-84.4661201350132,54420.0,golfer,4,#007cbf,,,,,,,,
golfer_group_68,38.02978662903697,-84.46600630566151,54480.0,golfer,4,#007cbf,,,,,,,,
golfer_group_68,38.02950783586713,-84.46589247630982,54540.0,golfer,4,#007cbf,,,,,,,,
golfer_group_68,38.029229042697295,-84.46577864695813,54600.0,golfer,4,#007cbf,,,,,,,,
golfer_group_68,38.02895024952746,-84.46566481760644,54660.0,golfer,4,#007cbf,,,,,,,,
golfer_group_68,38.02867145635763,-84.46555098825475,54720.0,golfer,4,#007cbf,,,,,,,,
golfer_group_68,38.02839266318779,-84.46543715890306,54780.0,golfer,4,#007cbf,,,,,,,,
golfer_group_68,38.02811294382565,-84.46532834232956,54840.0,golfer,4,#007cbf,,,,,,,,
golfer_group_68,38.02782336017175,-84.46527291370359,54900.0,golfer,4,#007cbf,,,,,,,,
golfer_group_68,38.02753377651786,-84.46521748507763,54960.0,golfer,4,#007cbf,,,,,,,,
golfer_group_68,38.027244192863975,-84.46516205645167,55020.0,golfer,4,#007cbf,,,,,,,,
golfer_group_68,38.02695460921009,-84.46510662782572,55080.0,golfer,4,#007cbf,,,,,,,,
golfer_group_68,38.02666502555619,-84.46505119919976,55140.0,golfer,4,#007cbf,,,,,,,,
golfer_group_68,38.02637326063661,-84.4650346343973,55200.0,golfer,4,#007cbf,,,,,,,,
golfer_group_68,38.02608041188864,-84.46503738027086,55260.0,golfer,4,#007cbf,,,,,,,,
golfer_group_68,38.025787563140675,-84.46504012614442,55320.0,golfer,2,#007cbf,,,,,,,,
golfer_group_68,38.025494714392714,-84.46504287201797,55380.0,golfer,4,#007cbf,,,,,,,,
golfer_group_68,38.02556401049359,-84.4653626218534,55440.0,golfer,4,#007cbf,,,,,,,,
golfer_group_68,38.025666096931715,-84.46571107475296,55500.0,golfer,4,#007cbf,,,,,,,,
golfer_group_68,38.02576818336984,-84.46605952765252,55560.0,golfer,4,#007cbf,,,,,,,,
golfer_group_68,38.02587026980797,-84.46640798055208,55620.0,golfer,4,#007cbf,,,,,,,,
golfer_group_68,38.02597235624609,-84.46675643345164,55680.0,golfer,4,#007cbf,,,,,,,,
golfer_group_68,38.02607444268422,-84.46710488635118,55740.0,golfer,4,#007cbf,,,,,,,,
golfer_group_68,38.026176529122345,-84.46745333925074,55800.0,golfer,4,#007cbf,,,,,,,,
golfer_group_68,38.02627861556047,-84.4678017921503,55860.0,golfer,4,#007cbf,,,,,,,,
golfer_group_68,38.026391551516966,-84.46814347235242,55920.0,golfer,4,#007cbf,,,,,,,,
golfer_group_68,38.0265466275618,-84.46845884704874,55980.0,golfer,4,#007cbf,,,,,,,,
golfer_group_68,38.02670170360664,-84.46877422174504,56040.0,golfer,4,#007cbf,,,,,,,,
golfer_group_68,38.02685677965148,-84.46908959644135,56100.0,golfer,4,#007cbf,,,,,,,,
golfer_group_68,38.027011855696315,-84.46940497113766,56160.0,golfer,4,#007cbf,,,,,,,,
golfer_group_68,38.027202562026105,-84.46967624119414,56220.0,golfer,4,#007cbf,,,,,,,,
golfer_group_68,38.027447,-84.469881,56280.0,golfer,1,#007cbf,,,,,,,,
golfer_group_7,38.027447,-84.469881,5580.0,golfer,1,#007cbf,,,,,,,,
golfer_group_7,38.02754627606764,-84.46962578282717,5640.0,golfer,1,#007cbf,,,,,,,,
golfer_group_7,38.02744283462056,-84.4692779685763,5700.0,golfer,1,#007cbf,,,,,,,,
golfer_group_7,38.02733939317348,-84.46893015432545,5760.0,golfer,1,#007cbf,,,,,,,,
golfer_group_7,38.0272359517264,-84.46858234007459,5820.0,golfer,1,#007cbf,,,,,,,,
golfer_group_7,38.027132510279316,-84.46823452582373,5880.0,golfer,1,#007cbf,,,,,,,,
golfer_group_7,38.027029068832235,-84.46788671157287,5940.0,golfer,1,#007cbf,,,,,,,,
golfer_group_7,38.026925627385154,-84.46753889732202,6000.0,golfer,1,#007cbf,,,,,,,,
golfer_group_7,38.02682218593807,-84.46719108307117,6060.0,golfer,1,#007cbf,,,,,,,,
golfer_group_7,38.026707885382585,-84.46684997010087,6120.0,golfer,1,#007cbf,,,,,,,,
golfer_group_7,38.0265563489919,-84.46653183579225,6180.0,golfer,1,#007cbf,,,,,,,,
golfer_group_7,38.02640481260122,-84.46621370148365,6240.0,golfer,1,#007cbf,,,,,,,,
golfer_group_7,38.02625327621054,-84.46589556717504,6300.0,golfer,1,#007cbf,,,,,,,,
golfer_group_7,38.026097865476636,-84.4655806681031,6360.0,golfer,1,#007cbf,,,,,,,,
golfer_group_7,38.02592778516153,-84.46527801873756,6420.0,golfer,4,#007cbf,,,,,,,,
golfer_group_7,38.02575770484643,-84.46497536937204,6480.0,golfer,2,#007cbf,,,,,,,,
golfer_group_7,38.02580429978306,-84.46478189846547,6540.0,golfer,2,#007cbf,,,,,,,,
golfer_group_7,38.02609158193444,-84.46470970518055,6600.0,golfer,2,#007cbf,,,,,,,,
golfer_group_7,38.02637886408582,-84.46463751189565,6660.0,golfer,2,#007cbf,,,,,,,,
golfer_group_7,38.0266661462372,-84.46456531861072,6720.0,golfer,2,#007cbf,,,,,,,,
golfer_group_7,38.02695342838857,-84.4644931253258,6780.0,golfer,2,#007cbf,,,,,,,,
golfer_group_7,38.02723262500985,-84.46440936561527,6840.0,golfer,2,#007cbf,,,,,,,,
golfer_group_7,38.02732323296244,-84.46405582806928,6900.0,golfer,2,#007cbf,,,,,,,,
golfer_group_7,38.027413840915024,-84.46370229052329,6960.0,golfer,3,#007cbf,,,,,,,,
golfer_group_7,38.02755613921936,-84.46339199540722,7020.0,golfer,3,#007cbf,,,,,,,,
golfer_group_7,38.02777631020529,-84.46314684598785,7080.0,golfer,3,#007cbf,,,,,,,,
golfer_group_7,38.027996481191224,-84.4629016965685,7140.0,golfer,3,#007cbf,,,,,,,,
golfer_group_7,38.028216652177164,-84.46265654714912,7200.0,golfer,3,#007cbf,,,,,,,,
golfer_group_7,38.0284368231631,-84.46241139772975,7260.0,golfer,3,#007cbf,,,,,,,,
golfer_group_7,38.02865699414903,-84.4621662483104,7320.0,golfer,3,#007cbf,,,,,,,,
golfer_group_7,38.02887716513497,-84.46192109889103,7380.0,golfer,3,#007cbf,,,,,,,,
golfer_group_7,38.029097336120905,-84.46167594947165,7440.0,golfer,3,#007cbf,,,,,,,,
golfer_group_7,38.02932048603734,-84.46143527844885,7500.0,golfer,3,#007cbf,,,,,,,,
golfer_group_7,38.02954781666501,-84.4612008925283,7560.0,golfer,3,#007cbf,,,,,,,,
golfer_group_7,38.029775147292675,-84.46096650660775,7620.0,golfer,3,#007cbf,,,,,,,,
golfer_group_7,38.03000247792034,-84.46073212068718,7680.0,golfer,3,#007cbf,,,,,,,,
golfer_group_7,38.03022980854801,-84.46049773476663,7740.0,golfer,3,#007cbf,,,,,,,,
golfer_group_7,38.03028198771919,-84.46029007968264,7800.0,golfer,3,#007cbf,,,,,,,,
golfer_group_7,38.030017377451664,-84.46013077159431,7860.0,golfer,4,#007cbf,,,,,,,,
golfer_group_7,38.02974997117584,-84.46003134117494,7920.0,golfer,4,#007cbf,,,,,,,,
golfer_group_7,38.029472388508275,-84.46014984237516,7980.0,golfer,4,#007cbf,,,,,,,,
golfer_group_7,38.02919480584071,-84.46026834357538,8040.0,golfer,4,#007cbf,,,,,,,,
golfer_group_7,38.02891722317315,-84.46038684477558,8100.0,golfer,4,#007cbf,,,,,,,,
golfer_group_7,38.02863964050559,-84.4605053459758,8160.0,golfer,4,#007cbf,,,,,,,,
golfer_group_7,38.02846819932939,-84.46074999771898,8220.0,golfer,4,#007cbf,,,,,,,,
golfer_group_7,38.028356651102726,-84.46108459413088,8280.0,golfer,4,#007cbf,,,,,,,,
golfer_group_7,38.028163251425084,-84.46136377382878,8340.0,golfer,4,#007cbf,,,,,,,,
golfer_group_7,38.02796985174745,-84.46164295352668,8400.0,golfer,4,#007cbf,,,,,,,,
golfer_group_7,38.02777645206981,-84.46192213322458,8460.0,golfer,4,#007cbf,,,,,,,,
golfer_group_7,38.027583052392174,-84.46220131292247,8520.0,golfer,4,#007cbf,,,,,,,,
golfer_group_7,38.02739313138997,-84.4624841808364,8580.0,golfer,4,#007cbf,,,,,,,,
golfer_group_7,38.02721114487077,-84.46277546117278,8640.0,golfer,4,#007cbf,,,,,,,,
golfer_group_7,38.02702915835156,-84.46306674150915,8700.0,golfer,4,#007cbf,,,,,,,,
golfer_group_7,38.02684717183235,-84.46335802184554,8760.0,golfer,4,#007cbf,,,,,,,,
golfer_group_7,38.027030664719845,-84.46345337202217,8820.0,golfer,4,#007cbf,,,,,,,,
golfer_group_7,38.02732202605173,-84.46349089491457,8880.0,golfer,3,#007cbf,,,,,,,,
golfer_group_7,38.02761338738361,-84.46352841780696,8940.0,golfer,3,#007cbf,,,,,,,,
golfer_group_7,38.02787761975422,-84.46365295047241,9000.0,golfer,4,#007cbf,,,,,,,,
golfer_group_7,38.02811027773896,-84.46387875056652,9060.0,golfer,4,#007cbf,,,,,,,,
golfer_group_7,38.02834293572369,-84.46410455066062,9120.0,golfer,4,#007cbf,,,,,,,,
golfer_group_7,38.028575593708425,-84.46433035075472,9180.0,golfer,4,#007cbf,,,,,,,,
golfer_group_7,38.028808251693164,-84.46455615084882,9240.0,golfer,4,#007cbf,,,,,,,,
golfer_group_7,38.029040909677896,-84.46478195094294,9300.0,golfer,4,#007cbf,,,,,,,,
golfer_group_7,38.02927356766263,-84.46500775103704,9360.0,golfer,4,#007cbf,,,,,,,,
golfer_group_7,38.02950622564737,-84.46523355113113,9420.0,golfer,4,#007cbf,,,,,,,,
golfer_group_7,38.02975350361947,-84.4654282954189,9480.0,golfer,4,#007cbf,,,,,,,,
golfer_group_7,38.030020352724144,-84.46558146666777,9540.0,golfer,4,#007cbf,,,,,,,,
golfer_group_7,38.03028720182882,-84.46573463791665,9600.0,golfer,4,#007cbf,,,,,,,,
golfer_group_7,38.030554050933496,-84.46588780916554,9660.0,golfer,4,#007cbf,,,,,,,,
golfer_group_7,38.0308144451061,-84.46601508231271,9720.0,golfer,4,#007cbf,,,,,,,,
golfer_group_7,38.03096331555731,-84.46569490649415,9780.0,golfer,4,#007cbf,,,,,,,,
golfer_group_7,38.03100160851583,-84.46532942233877,9840.0,golfer,4,#007cbf,,,,,,,,
golfer_group_7,38.03102825601745,-84.4649591665407,9900.0,golfer,4,#007cbf,,,,,,,,
golfer_group_7,38.03105490351906,-84.46458891074262,9960.0,golfer,4,#007cbf,,,,,,,,
golfer_group_7,38.031081551020684,-84.46421865494455,10020.0,golfer,4,#007cbf,,,,,,,,
golfer_group_7,38.031108198522304,-84.46384839914647,10080.0,golfer,4,#007cbf,,,,,,,,
golfer_group_7,38.03113484602392,-84.4634781433484,10140.0,golfer,4,#007cbf,,,,,,,,
golfer_group_7,38.03116149352554,-84.46310788755032,10200.0,golfer,4,#007cbf,,,,,,,,
golfer_group_7,38.031127268705696,-84.46274982308951,10260.0,golfer,4,#007cbf,,,,,,,,
golfer_group_7,38.031012137391194,-84.4624079623538,10320.0,golfer,4,#007cbf,,,,,,,,
golfer_group_7,38.03089700607669,-84.46206610161808,10380.0,golfer,4,#007cbf,,,,,,,,
golfer_group_7,38.0307818747622,-84.46172424088235,10440.0,golfer,4,#007cbf,,,,,,,,
golfer_group_7,38.030666743447696,-84.46138238014663,10500.0,golfer,4,#007cbf,,,,,,,,
golfer_group_7,38.030551612133195,-84.46104051941091,10560.0,golfer,4,#007cbf,,,,,,,,
golfer_group_7,38.03081531898336,-84.46091137688049,10620.0,golfer,4,#007cbf,,,,,,,,
golfer_group_7,38.0310279411826,-84.46098091912485,10680.0,golfer,4,#007cbf,,,,,,,,
golfer_group_7,38.03115090321037,-84.46131835889211,10740.0,golfer,4,#007cbf,,,,,,,,
golfer_group_7,38.031273865238134,-84.46165579865938,10800.0,golfer,4,#007cbf,,,,,,,,
golfer_group_7,38.03139682726591,-84.46199323842663,10860.0,golfer,4,#007cbf,,,,,,,,
golfer_group_7,38.031519789293675,-84.4623306781939,10920.0,golfer,4,#007cbf,,,,,,,,
golfer_group_7,38.03164275132144,-84.46266811796116,10980.0,golfer,4,#007cbf,,,,,,,,
golfer_group_7,38.03176571334921,-84.46300555772842,11040.0,golfer,4,#007cbf,,,,,,,,
golfer_group_7,38.031888675376976,-84.46334299749569,11100.0,golfer,4,#007cbf,,,,,,,,
golfer_group_7,38.031909837946635,-84.46368872876327,11160.0,golfer,4,#007cbf,,,,,,,,
golfer_group_7,38.03182184589159,-84.46404335060477,11220.0,golfer,4,#007cbf,,,,,,,,
golfer_group_7,38.03173385383655,-84.46439797244628,11280.0,golfer,4,#007cbf,,,,,,,,
golfer_group_7,38.031645861781506,-84.46475259428779,11340.0,golfer,4,#007cbf,,,,,,,,
golfer_group_7,38.03155786972646,-84.46510721612928,11400.0,golfer,4,#007cbf,,,,,,,,
golfer_group_7,38.03146987767142,-84.46546183797079,11460.0,golfer,4,#007cbf,,,,,,,,
golfer_group_7,38.03131864912918,-84.46576966145622,11520.0,golfer,4,#007cbf,,,,,,,,
golfer_group_7,38.0311189562348,-84.46604161874937,11580.0,golfer,4,#007cbf,,,,,,,,
golfer_group_7,38.030919263340415,-84.46631357604252,11640.0,golfer,4,#007cbf,,,,,,,,
golfer_group_7,38.030718115722834,-84.46658350967269,11700.0,golfer,4,#007cbf,,,,,,,,
golfer_group_7,38.0304866033238,-84.46681120290668,11760.0,golfer,4,#007cbf,,,,,,,,
golfer_group_7,38.030255090924776,-84.46703889614066,11820.0,golfer,4,#007cbf,,,,,,,,
golfer_group_7,38.03002357852575,-84.46726658937465,11880.0,golfer,4,#007cbf,,,,,,,,
golfer_group_7,38.02979206612672,-84.46749428260863,11940.0,golfer,4,#007cbf,,,,,,,,
golfer_group_7,38.02956055372769,-84.46772197584261,12000.0,golfer,4,#007cbf,,,,,,,,
golfer_group_7,38.02932904132866,-84.4679496690766,12060.0,golfer,4,#007cbf,,,,,,,,
golfer_group_7,38.02909752892963,-84.46817736231058,12120.0,golfer,4,#007cbf,,,,,,,,
golfer_group_7,38.0288660165306,-84.46840505554457,12180.0,golfer,4,#007cbf,,,,,,,,
golfer_group_7,38.02869804015225,-84.46870681462924,12240.0,golfer,4,#007cbf,,,,,,,,
golfer_group_7,38.028539024924726,-84.46901901999702,12300.0,golfer,4,#007cbf,,,,,,,,
golfer_group_7,38.0283800096972,-84.46933122536481,12360.0,golfer,4,#007cbf,,,,,,,,
golfer_group_7,38.028129065075696,-84.46949162304078,12420.0,golfer,4,#007cbf,,,,,,,,
golfer_group_7,38.02785052807789,-84.46960645602002,12480.0,golfer,1,#007cbf,,,,,,,,
golfer_group_7,38.027571991080094,-84.46972128899925,12540.0,golfer,1,#007cbf,,,,,,,,
golfer_group_7,38.02729345408229,-84.4698361219785,12600.0,golfer,4,#007cbf,,,,,,,,
golfer_group_7,38.027014917084486,-84.46995095495774,12660.0,golfer,4,#007cbf,,,,,,,,
golfer_group_7,38.02677219339408,-84.46990690842384,12720.0,golfer,4,#007cbf,,,,,,,,
golfer_group_7,38.026583670283,-84.46962241044099,12780.0,golfer,4,#007cbf,,,,,,,,
golfer_group_7,38.02639514717193,-84.46933791245814,12840.0,golfer,4,#007cbf,,,,,,,,
golfer_group_7,38.026206624060855,-84.4690534144753,12900.0,golfer,4,#007cbf,,,,,,,,
golfer_group_7,38.02601810094978,-84.46876891649245,12960.0,golfer,4,#007cbf,,,,,,,,
golfer_group_7,38.0258295778387,-84.4684844185096,13020.0,golfer,4,#007cbf,,,,,,,,
golfer_group_7,38.02564105472762,-84.46819992052676,13080.0,golfer,4,#007cbf,,,,,,,,
golfer_group_7,38.02539873776804,-84.4680332578427,13140.0,golfer,4,#007cbf,,,,,,,,
golfer_group_7,38.02511056304286,-84.46796704648648,13200.0,golfer,4,#007cbf,,,,,,,,
golfer_group_7,38.02482238831767,-84.46790083513027,13260.0,golfer,4,#007cbf,,,,,,,,
golfer_group_7,38.02466098715723,-84.46791926274804,13320.0,golfer,4,#007cbf,,,,,,,,
golfer_group_7,38.0248672597656,-84.46818316370741,13380.0,golfer,4,#007cbf,,,,,,,,
golfer_group_7,38.025073532373966,-84.46844706466678,13440.0,golfer,4,#007cbf,,,,,,,,
golfer_group_7,38.02498232223591,-84.46858500193528,13500.0,golfer,4,#007cbf,,,,,,,,
golfer_group_7,38.024692555469876,-84.46863886398934,13560.0,golfer,4,#007cbf,,,,,,,,
golfer_group_7,38.02440278870384,-84.4686927260434,13620.0,golfer,4,#007cbf,,,,,,,,
golfer_group_7,38.0241130219378,-84.46874658809746,13680.0,golfer,4,#007cbf,,,,,,,,
golfer_group_7,38.02382325517176,-84.46880045015152,13740.0,golfer,4,#007cbf,,,,,,,,
golfer_group_7,38.023533488405725,-84.46885431220558,13800.0,golfer,4,#007cbf,,,,,,,,
golfer_group_7,38.02325287292604,-84.46895459002404,13860.0,golfer,4,#007cbf,,,,,,,,
golfer_group_7,38.023120094224296,-84.46908677293466,13920.0,golfer,4,#007cbf,,,,,,,,
golfer_group_7,38.02338797984743,-84.46923698741324,13980.0,golfer,4,#007cbf,,,,,,,,
golfer_group_7,38.02365586547056,-84.46938720189182,14040.0,golfer,4,#007cbf,,,,,,,,
golfer_group_7,38.02392375109368,-84.4695374163704,14100.0,golfer,4,#007cbf,,,,,,,,
golfer_group_7,38.024191636716814,-84.46968763084898,14160.0,golfer,4,#007cbf,,,,,,,,
golfer_group_7,38.024459522339946,-84.46983784532756,14220.0,golfer,4,#007cbf,,,,,,,,
golfer_group_7,38.02472740796308,-84.46998805980614,14280.0,golfer,4,#007cbf,,,,,,,,
golfer_group_7,38.0249952935862,-84.47013827428472,14340.0,golfer,4,#007cbf,,,,,,,,
golfer_group_7,38.02526317920933,-84.4702884887633,14400.0,golfer,4,#007cbf,,,,,,,,
golfer_group_7,38.02549053793203,-84.47051685206469,14460.0,golfer,4,#007cbf,,,,,,,,
golfer_group_7,38.02570511747455,-84.47076985771169,14520.0,golfer,4,#007cbf,,,,,,,,
golfer_group_7,38.025919697017066,-84.4710228633587,14580.0,golfer,4,#007cbf,,,,,,,,
golfer_group_7,38.02613427655959,-84.4712758690057,14640.0,golfer,4,#007cbf,,,,,,,,
golfer_group_7,38.02634885610211,-84.4715288746527,14700.0,golfer,4,#007cbf,,,,,,,,
golfer_group_7,38.026563435644626,-84.4717818802997,14760.0,golfer,4,#007cbf,,,,,,,,
golfer_group_7,38.02678243981026,-84.47202860408251,14820.0,golfer,4,#007cbf,,,,,,,,
golfer_group_7,38.02668611647238,-84.47218057293104,14880.0,golfer,4,#007cbf,,,,,,,,
golfer_group_7,38.02640386024167,-84.4722796932027,14940.0,golfer,4,#007cbf,,,,,,,,
golfer_group_7,38.02612160401096,-84.47237881347434,15000.0,golfer,4,#007cbf,,,,,,,,
golfer_group_7,38.02583934778024,-84.47247793374599,15060.0,golfer,4,#007cbf,,,,,,,,
golfer_group_7,38.02555709154953,-84.47257705401765,15120.0,golfer,4,#007cbf,,,,,,,,
golfer_group_7,38.025278899056985,-84.47258808504574,15180.0,golfer,4,#007cbf,,,,,,,,
golfer_group_7,38.02505413568005,-84.47238241246707,15240.0,golfer,4,#007cbf,,,,,,,,
golfer_group_7,38.02491621232278,-84.47205445775451,15300.0,golfer,4,#007cbf,,,,,,,,
golfer_group_7,38.02477828896551,-84.47172650304194,15360.0,golfer,4,#007cbf,,,,,,,,
golfer_group_7,38.024640365608235,-84.47139854832938,15420.0,golfer,4,#007cbf,,,,,,,,
golfer_group_7,38.02450244225096,-84.4710705936168,15480.0,golfer,4,#007cbf,,,,,,,,
golfer_group_7,38.02436451889369,-84.47074263890424,15540.0,golfer,4,#007cbf,,,,,,,,
golfer_group_7,38.02422659553642,-84.47041468419167,15600.0,golfer,4,#007cbf,,,,,,,,
golfer_group_7,38.02408867217915,-84.4700867294791,15660.0,golfer,4,#007cbf,,,,,,,,
golfer_group_7,38.023830177494666,-84.46991493651929,15720.0,golfer,4,#007cbf,,,,,,,,
golfer_group_7,38.02356911857893,-84.46974646470437,15780.0,golfer,4,#007cbf,,,,,,,,
golfer_group_7,38.0233080596632,-84.46957799288944,15840.0,golfer,4,#007cbf,,,,,,,,
golfer_group_7,38.02304700074746,-84.46940952107451,15900.0,golfer,4,#007cbf,,,,,,,,
golfer_group_7,38.0227847606833,-84.46924457405959,15960.0,golfer,4,#ffe6cc,,,,,,,,
golfer_group_7,38.02250809559787,-84.46912267439926,16020.0,golfer,4,#ffe6cc,,,,,,,,
golfer_group_7,38.022527943550884,-84.46893235209967,16080.0,golfer,4,#ffe6cc,,,,,,,,
golfer_group_7,38.02275311404551,-84.46869465006165,16140.0,golfer,4,#ffe6cc,,,,,,,,
golfer_group_7,38.02297828454014,-84.46845694802364,16200.0,golfer,4,#ffe6cc,,,,,,,,
golfer_group_7,38.02320345503476,-84.46821924598564,16260.0,golfer,4,#ffe6cc,,,,,,,,
golfer_group_7,38.023428625529384,-84.46798154394763,16320.0,golfer,4,#ffe6cc,,,,,,,,
golfer_group_7,38.02365379602401,-84.46774384190961,16380.0,golfer,4,#ffe6cc,,,,,,,,
golfer_group_7,38.02387896651864,-84.4675061398716,16440.0,golfer,4,#ffe6cc,,,,,,,,
golfer_group_7,38.02410413701326,-84.4672684378336,16500.0,golfer,4,#ffe6cc,,,,,,,,
golfer_group_7,38.024329307507884,-84.46703073579559,16560.0,golfer,4,#ffcc99,,,,,,,,
golfer_group_7,38.024516630016976,-84.46674714202182,16620.0,golfer,4,#ffcc99,,,,,,,,
golfer_group_7,38.02469334505099,-84.4664506863893,16680.0,golfer,4,#00b894,,,,,,,,
golfer_group_7,38.02487006008501,-84.46615423075679,16740.0,golfer,4,#00b894,,,,,,,,
golfer_group_7,38.02504677511902,-84.46585777512426,16800.0,golfer,4,#00b894,,,,,,,,
golfer_group_7,38.02525798622544,-84.46562593134438,16860.0,golfer,4,#00b894,,,,,,,,
golfer_group_7,38.025540368765746,-84.46552739312297,16920.0,golfer,4,#00b894,,,,,,,,
golfer_group_7,38.02582275130605,-84.46542885490156,16980.0,golfer,4,#00b894,,,,,,,,
golfer_group_7,38.02610513384636,-84.46533031668015,17040.0,golfer,4,#00b894,,,,,,,,
golfer_group_7,38.02637936666449,-84.46537020680762,17100.0,golfer,4,#00b894,,,,,,,,
golfer_group_7,38.02664707383,-84.4655209394031,17160.0,golfer,4,#00b894,,,,,,,,
golfer_group_7,38.026914780995504,-84.46567167199859,17220.0,golfer,4,#00b894,,,,,,,,
golfer_group_7,38.02718248816101,-84.46582240459409,17280.0,golfer,4,#00b894,,,,,,,,
golfer_group_7,38.027450195326516,-84.46597313718958,17340.0,golfer,4,#00b894,,,,,,,,
golfer_group_7,38.02771790249202,-84.46612386978506,17400.0,golfer,4,#00b894,,,,,,,,
golfer_group_7,38.027985609657534,-84.46627460238055,17460.0,golfer,4,#00b894,,,,,,,,
golfer_group_7,38.02825331682304,-84.46642533497604,17520.0,golfer,4,#00b894,,,,,,,,
golfer_group_7,38.02854411583699,-84.46643446747252,17580.0,golfer,4,#00b894,,,,,,,,
golfer_group_7,38.02883696025459,-84.46643105747557,17640.0,golfer,4,#00b894,,,,,,,,
golfer_group_7,38.02912980467218,-84.46642764747862,17700.0,golfer,4,#00b894,,,,,,,,
golfer_group_7,38.029422649089774,-84.46642423748168,17760.0,golfer,4,#00b894,,,,,,,,
golfer_group_7,38.029714660100595,-84.46640554510962,17820.0,golfer,4,#00b894,,,,,,,,
golfer_group_7,38.03000508074206,-84.46635768976212,17880.0,golfer,4,#00b894,,,,,,,,
golfer_group_7,38.03029550138352,-84.46630983441462,17940.0,golfer,4,#00b894,,,,,,,,
golfer_group_7,38.03034421537664,-84.46623396436489,18000.0,golfer,4,#00b894,,,,,,,,
golfer_group_7,38.0300654222068,-84.4661201350132,18060.0,golfer,4,#00b894,,,,,,,,
golfer_group_7,38.02978662903697,-84.46600630566151,18120.0,golfer,4,#00b894,,,,,,,,
golfer_group_7,38.02950783586713,-84.46589247630982,18180.0,golfer,4,#00b894,,,,,,,,
golfer_group_7,38.029229042697295,-84.46577864695813,18240.0,golfer,4,#00b894,,,,,,,,
golfer_group_7,38.02895024952746,-84.46566481760644,18300.0,golfer,4,#00b894,,,,,,,,
golfer_group_7,38.02867145635763,-84.46555098825475,18360.0,golfer,4,#00b894,,,,,,,,
golfer_group_7,38.02839266318779,-84.46543715890306,18420.0,golfer,4,#00b894,,,,,,,,
golfer_group_7,38.02811294382565,-84.46532834232956,18480.0,golfer,4,#00b894,,,,,,,,
golfer_group_7,38.02782336017175,-84.46527291370359,18540.0,golfer,4,#00b894,,,,,,,,
golfer_group_7,38.02753377651786,-84.46521748507763,18600.0,golfer,4,#00b894,,,,,,,,
golfer_group_7,38.027244192863975,-84.46516205645167,18660.0,golfer,4,#00b894,,,,,,,,
golfer_group_7,38.02695460921009,-84.46510662782572,18720.0,golfer,4,#00b894,,,,,,,,
golfer_group_7,38.02666502555619,-84.46505119919976,18780.0,golfer,4,#00b894,,,,,,,,
golfer_group_7,38.02637326063661,-84.4650346343973,18840.0,golfer,4,#00b894,,,,,,,,
golfer_group_7,38.02608041188864,-84.46503738027086,18900.0,golfer,4,#00b894,,,,,,,,
golfer_group_7,38.025787563140675,-84.46504012614442,18960.0,golfer,2,#00b894,,,,,,,,
golfer_group_7,38.025494714392714,-84.46504287201797,19020.0,golfer,4,#00b894,,,,,,,,
golfer_group_7,38.02556401049359,-84.4653626218534,19080.0,golfer,4,#00b894,,,,,,,,
golfer_group_7,38.025666096931715,-84.46571107475296,19140.0,golfer,4,#00b894,,,,,,,,
golfer_group_7,38.02576818336984,-84.46605952765252,19200.0,golfer,4,#00b894,,,,,,,,
golfer_group_7,38.02587026980797,-84.46640798055208,19260.0,golfer,4,#00b894,,,,,,,,
golfer_group_7,38.02597235624609,-84.46675643345164,19320.0,golfer,4,#00b894,,,,,,,,
golfer_group_7,38.02607444268422,-84.46710488635118,19380.0,golfer,4,#00b894,,,,,,,,
golfer_group_7,38.026176529122345,-84.46745333925074,19440.0,golfer,4,#00b894,,,,,,,,
golfer_group_7,38.02627861556047,-84.4678017921503,19500.0,golfer,4,#00b894,,,,,,,,
golfer_group_7,38.026391551516966,-84.46814347235242,19560.0,golfer,4,#00b894,,,,,,,,
golfer_group_7,38.0265466275618,-84.46845884704874,19620.0,golfer,4,#00b894,,,,,,,,
golfer_group_7,38.02670170360664,-84.46877422174504,19680.0,golfer,4,#00b894,,,,,,,,
golfer_group_7,38.02685677965148,-84.46908959644135,19740.0,golfer,4,#00b894,,,,,,,,
golfer_group_7,38.027011855696315,-84.46940497113766,19800.0,golfer,4,#00b894,,,,,,,,
golfer_group_7,38.027202562026105,-84.46967624119414,19860.0,golfer,4,#00b894,,,,,,,,
golfer_group_7,38.027447,-84.469881,19920.0,golfer,1,#00b894,,,,,,,,
golfer_group_8,38.027447,-84.469881,6060.0,golfer,1,#007cbf,,,,,,,,
golfer_group_8,38.02754627606764,-84.46962578282717,6120.0,golfer,1,#007cbf,,,,,,,,
golfer_group_8,38.02744283462056,-84.4692779685763,6180.0,golfer,1,#007cbf,,,,,,,,
golfer_group_8,38.02733939317348,-84.46893015432545,6240.0,golfer,1,#007cbf,,,,,,,,
golfer_group_8,38.0272359517264,-84.46858234007459,6300.0,golfer,1,#007cbf,,,,,,,,
golfer_group_8,38.027132510279316,-84.46823452582373,6360.0,golfer,1,#007cbf,,,,,,,,
golfer_group_8,38.027029068832235,-84.46788671157287,6420.0,golfer,1,#007cbf,,,,,,,,
golfer_group_8,38.026925627385154,-84.46753889732202,6480.0,golfer,1,#007cbf,,,,,,,,
golfer_group_8,38.02682218593807,-84.46719108307117,6540.0,golfer,1,#007cbf,,,,,,,,
golfer_group_8,38.026707885382585,-84.46684997010087,6600.0,golfer,1,#007cbf,,,,,,,,
golfer_group_8,38.0265563489919,-84.46653183579225,6660.0,golfer,1,#007cbf,,,,,,,,
golfer_group_8,38.02640481260122,-84.46621370148365,6720.0,golfer,1,#007cbf,,,,,,,,
golfer_group_8,38.02625327621054,-84.46589556717504,6780.0,golfer,1,#007cbf,,,,,,,,
golfer_group_8,38.026097865476636,-84.4655806681031,6840.0,golfer,1,#007cbf,,,,,,,,
golfer_group_8,38.02592778516153,-84.46527801873756,6900.0,golfer,4,#007cbf,,,,,,,,
golfer_group_8,38.02575770484643,-84.46497536937204,6960.0,golfer,2,#007cbf,,,,,,,,
golfer_group_8,38.02580429978306,-84.46478189846547,7020.0,golfer,2,#007cbf,,,,,,,,
golfer_group_8,38.02609158193444,-84.46470970518055,7080.0,golfer,2,#007cbf,,,,,,,,
golfer_group_8,38.02637886408582,-84.46463751189565,7140.0,golfer,2,#007cbf,,,,,,,,
golfer_group_8,38.0266661462372,-84.46456531861072,7200.0,golfer,2,#007cbf,,,,,,,,
golfer_group_8,38.02695342838857,-84.4644931253258,7260.0,golfer,2,#007cbf,,,,,,,,
golfer_group_8,38.02723262500985,-84.46440936561527,7320.0,golfer,2,#007cbf,,,,,,,,
golfer_group_8,38.02732323296244,-84.46405582806928,7380.0,golfer,2,#007cbf,,,,,,,,
golfer_group_8,38.027413840915024,-84.46370229052329,7440.0,golfer,3,#007cbf,,,,,,,,
golfer_group_8,38.02755613921936,-84.46339199540722,7500.0,golfer,3,#007cbf,,,,,,,,
golfer_group_8,38.02777631020529,-84.46314684598785,7560.0,golfer,3,#007cbf,,,,,,,,
golfer_group_8,38.027996481191224,-84.4629016965685,7620.0,golfer,3,#007cbf,,,,,,,,
golfer_group_8,38.028216652177164,-84.46265654714912,7680.0,golfer,3,#007cbf,,,,,,,,
golfer_group_8,38.0284368231631,-84.46241139772975,7740.0,golfer,3,#007cbf,,,,,,,,
golfer_group_8,38.02865699414903,-84.4621662483104,7800.0,golfer,3,#007cbf,,,,,,,,
golfer_group_8,38.02887716513497,-84.46192109889103,7860.0,golfer,3,#007cbf,,,,,,,,
golfer_group_8,38.029097336120905,-84.46167594947165,7920.0,golfer,3,#007cbf,,,,,,,,
golfer_group_8,38.02932048603734,-84.46143527844885,7980.0,golfer,3,#007cbf,,,,,,,,
golfer_group_8,38.02954781666501,-84.4612008925283,8040.0,golfer,3,#007cbf,,,,,,,,
golfer_group_8,38.029775147292675,-84.46096650660775,8100.0,golfer,3,#007cbf,,,,,,,,
golfer_group_8,38.03000247792034,-84.46073212068718,8160.0,golfer,3,#007cbf,,,,,,,,
golfer_group_8,38.03022980854801,-84.46049773476663,8220.0,golfer,3,#007cbf,,,,,,,,
golfer_group_8,38.03028198771919,-84.46029007968264,8280.0,golfer,3,#007cbf,,,,,,,,
golfer_group_8,38.030017377451664,-84.46013077159431,8340.0,golfer,4,#007cbf,,,,,,,,
golfer_group_8,38.02974997117584,-84.46003134117494,8400.0,golfer,4,#007cbf,,,,,,,,
golfer_group_8,38.029472388508275,-84.46014984237516,8460.0,golfer,4,#007cbf,,,,,,,,
golfer_group_8,38.02919480584071,-84.46026834357538,8520.0,golfer,4,#007cbf,,,,,,,,
golfer_group_8,38.02891722317315,-84.46038684477558,8580.0,golfer,4,#007cbf,,,,,,,,
golfer_group_8,38.02863964050559,-84.4605053459758,8640.0,golfer,4,#007cbf,,,,,,,,
golfer_group_8,38.02846819932939,-84.46074999771898,8700.0,golfer,4,#007cbf,,,,,,,,
golfer_group_8,38.028356651102726,-84.46108459413088,8760.0,golfer,4,#007cbf,,,,,,,,
golfer_group_8,38.028163251425084,-84.46136377382878,8820.0,golfer,4,#007cbf,,,,,,,,
golfer_group_8,38.02796985174745,-84.46164295352668,8880.0,golfer,4,#007cbf,,,,,,,,
golfer_group_8,38.02777645206981,-84.46192213322458,8940.0,golfer,4,#007cbf,,,,,,,,
golfer_group_8,38.027583052392174,-84.46220131292247,9000.0,golfer,4,#007cbf,,,,,,,,
golfer_group_8,38.02739313138997,-84.4624841808364,9060.0,golfer,4,#007cbf,,,,,,,,
golfer_group_8,38.02721114487077,-84.46277546117278,9120.0,golfer,4,#007cbf,,,,,,,,
golfer_group_8,38.02702915835156,-84.46306674150915,9180.0,golfer,4,#007cbf,,,,,,,,
golfer_group_8,38.02684717183235,-84.46335802184554,9240.0,golfer,4,#007cbf,,,,,,,,
golfer_group_8,38.027030664719845,-84.46345337202217,9300.0,golfer,4,#007cbf,,,,,,,,
golfer_group_8,38.02732202605173,-84.46349089491457,9360.0,golfer,3,#007cbf,,,,,,,,
golfer_group_8,38.02761338738361,-84.46352841780696,9420.0,golfer,3,#007cbf,,,,,,,,
golfer_group_8,38.02787761975422,-84.46365295047241,9480.0,golfer,4,#007cbf,,,,,,,,
golfer_group_8,38.02811027773896,-84.46387875056652,9540.0,golfer,4,#007cbf,,,,,,,,
golfer_group_8,38.02834293572369,-84.46410455066062,9600.0,golfer,4,#007cbf,,,,,,,,
golfer_group_8,38.028575593708425,-84.46433035075472,9660.0,golfer,4,#007cbf,,,,,,,,
golfer_group_8,38.028808251693164,-84.46455615084882,9720.0,golfer,4,#007cbf,,,,,,,,
golfer_group_8,38.029040909677896,-84.46478195094294,9780.0,golfer,4,#007cbf,,,,,,,,
golfer_group_8,38.02927356766263,-84.46500775103704,9840.0,golfer,4,#007cbf,,,,,,,,
golfer_group_8,38.02950622564737,-84.46523355113113,9900.0,golfer,4,#007cbf,,,,,,,,
golfer_group_8,38.02975350361947,-84.4654282954189,9960.0,golfer,4,#007cbf,,,,,,,,
golfer_group_8,38.030020352724144,-84.46558146666777,10020.0,golfer,4,#007cbf,,,,,,,,
golfer_group_8,38.03028720182882,-84.46573463791665,10080.0,golfer,4,#007cbf,,,,,,,,
golfer_group_8,38.030554050933496,-84.46588780916554,10140.0,golfer,4,#007cbf,,,,,,,,
golfer_group_8,38.0308144451061,-84.46601508231271,10200.0,golfer,4,#007cbf,,,,,,,,
golfer_group_8,38.03096331555731,-84.46569490649415,10260.0,golfer,4,#007cbf,,,,,,,,
golfer_group_8,38.03100160851583,-84.46532942233877,10320.0,golfer,4,#007cbf,,,,,,,,
golfer_group_8,38.03102825601745,-84.4649591665407,10380.0,golfer,4,#007cbf,,,,,,,,
golfer_group_8,38.03105490351906,-84.46458891074262,10440.0,golfer,4,#007cbf,,,,,,,,
golfer_group_8,38.031081551020684,-84.46421865494455,10500.0,golfer,4,#007cbf,,,,,,,,
golfer_group_8,38.031108198522304,-84.46384839914647,10560.0,golfer,4,#007cbf,,,,,,,,
golfer_group_8,38.03113484602392,-84.4634781433484,10620.0,golfer,4,#007cbf,,,,,,,,
golfer_group_8,38.03116149352554,-84.46310788755032,10680.0,golfer,4,#007cbf,,,,,,,,
golfer_group_8,38.031127268705696,-84.46274982308951,10740.0,golfer,4,#007cbf,,,,,,,,
golfer_group_8,38.031012137391194,-84.4624079623538,10800.0,golfer,4,#007cbf,,,,,,,,
golfer_group_8,38.03089700607669,-84.46206610161808,10860.0,golfer,4,#007cbf,,,,,,,,
golfer_group_8,38.0307818747622,-84.46172424088235,10920.0,golfer,4,#007cbf,,,,,,,,
golfer_group_8,38.030666743447696,-84.46138238014663,10980.0,golfer,4,#007cbf,,,,,,,,
golfer_group_8,38.030551612133195,-84.46104051941091,11040.0,golfer,4,#007cbf,,,,,,,,
golfer_group_8,38.03081531898336,-84.46091137688049,11100.0,golfer,4,#007cbf,,,,,,,,
golfer_group_8,38.0310279411826,-84.46098091912485,11160.0,golfer,4,#007cbf,,,,,,,,
golfer_group_8,38.03115090321037,-84.46131835889211,11220.0,golfer,4,#007cbf,,,,,,,,
golfer_group_8,38.031273865238134,-84.46165579865938,11280.0,golfer,4,#007cbf,,,,,,,,
golfer_group_8,38.03139682726591,-84.46199323842663,11340.0,golfer,4,#007cbf,,,,,,,,
golfer_group_8,38.031519789293675,-84.4623306781939,11400.0,golfer,4,#007cbf,,,,,,,,
golfer_group_8,38.03164275132144,-84.46266811796116,11460.0,golfer,4,#007cbf,,,,,,,,
golfer_group_8,38.03176571334921,-84.46300555772842,11520.0,golfer,4,#007cbf,,,,,,,,
golfer_group_8,38.031888675376976,-84.46334299749569,11580.0,golfer,4,#007cbf,,,,,,,,
golfer_group_8,38.031909837946635,-84.46368872876327,11640.0,golfer,4,#007cbf,,,,,,,,
golfer_group_8,38.03182184589159,-84.46404335060477,11700.0,golfer,4,#007cbf,,,,,,,,
golfer_group_8,38.03173385383655,-84.46439797244628,11760.0,golfer,4,#007cbf,,,,,,,,
golfer_group_8,38.031645861781506,-84.46475259428779,11820.0,golfer,4,#007cbf,,,,,,,,
golfer_group_8,38.03155786972646,-84.46510721612928,11880.0,golfer,4,#007cbf,,,,,,,,
golfer_group_8,38.03146987767142,-84.46546183797079,11940.0,golfer,4,#007cbf,,,,,,,,
golfer_group_8,38.03131864912918,-84.46576966145622,12000.0,golfer,4,#007cbf,,,,,,,,
golfer_group_8,38.0311189562348,-84.46604161874937,12060.0,golfer,4,#007cbf,,,,,,,,
golfer_group_8,38.030919263340415,-84.46631357604252,12120.0,golfer,4,#007cbf,,,,,,,,
golfer_group_8,38.030718115722834,-84.46658350967269,12180.0,golfer,4,#007cbf,,,,,,,,
golfer_group_8,38.0304866033238,-84.46681120290668,12240.0,golfer,4,#007cbf,,,,,,,,
golfer_group_8,38.030255090924776,-84.46703889614066,12300.0,golfer,4,#007cbf,,,,,,,,
golfer_group_8,38.03002357852575,-84.46726658937465,12360.0,golfer,4,#007cbf,,,,,,,,
golfer_group_8,38.02979206612672,-84.46749428260863,12420.0,golfer,4,#007cbf,,,,,,,,
golfer_group_8,38.02956055372769,-84.46772197584261,12480.0,golfer,4,#007cbf,,,,,,,,
golfer_group_8,38.02932904132866,-84.4679496690766,12540.0,golfer,4,#007cbf,,,,,,,,
golfer_group_8,38.02909752892963,-84.46817736231058,12600.0,golfer,4,#007cbf,,,,,,,,
golfer_group_8,38.0288660165306,-84.46840505554457,12660.0,golfer,4,#007cbf,,,,,,,,
golfer_group_8,38.02869804015225,-84.46870681462924,12720.0,golfer,4,#007cbf,,,,,,,,
golfer_group_8,38.028539024924726,-84.46901901999702,12780.0,golfer,4,#007cbf,,,,,,,,
golfer_group_8,38.0283800096972,-84.46933122536481,12840.0,golfer,4,#007cbf,,,,,,,,
golfer_group_8,38.028129065075696,-84.46949162304078,12900.0,golfer,4,#007cbf,,,,,,,,
golfer_group_8,38.02785052807789,-84.46960645602002,12960.0,golfer,1,#007cbf,,,,,,,,
golfer_group_8,38.027571991080094,-84.46972128899925,13020.0,golfer,1,#007cbf,,,,,,,,
golfer_group_8,38.02729345408229,-84.4698361219785,13080.0,golfer,4,#007cbf,,,,,,,,
golfer_group_8,38.027014917084486,-84.46995095495774,13140.0,golfer,4,#007cbf,,,,,,,,
golfer_group_8,38.02677219339408,-84.46990690842384,13200.0,golfer,4,#007cbf,,,,,,,,
golfer_group_8,38.026583670283,-84.46962241044099,13260.0,golfer,4,#007cbf,,,,,,,,
golfer_group_8,38.02639514717193,-84.46933791245814,13320.0,golfer,4,#007cbf,,,,,,,,
golfer_group_8,38.026206624060855,-84.4690534144753,13380.0,golfer,4,#007cbf,,,,,,,,
golfer_group_8,38.02601810094978,-84.46876891649245,13440.0,golfer,4,#007cbf,,,,,,,,
golfer_group_8,38.0258295778387,-84.4684844185096,13500.0,golfer,4,#007cbf,,,,,,,,
golfer_group_8,38.02564105472762,-84.46819992052676,13560.0,golfer,4,#007cbf,,,,,,,,
golfer_group_8,38.02539873776804,-84.4680332578427,13620.0,golfer,4,#007cbf,,,,,,,,
golfer_group_8,38.02511056304286,-84.46796704648648,13680.0,golfer,4,#007cbf,,,,,,,,
golfer_group_8,38.02482238831767,-84.46790083513027,13740.0,golfer,4,#007cbf,,,,,,,,
golfer_group_8,38.02466098715723,-84.46791926274804,13800.0,golfer,4,#007cbf,,,,,,,,
golfer_group_8,38.0248672597656,-84.46818316370741,13860.0,golfer,4,#007cbf,,,,,,,,
golfer_group_8,38.025073532373966,-84.46844706466678,13920.0,golfer,4,#007cbf,,,,,,,,
golfer_group_8,38.02498232223591,-84.46858500193528,13980.0,golfer,4,#007cbf,,,,,,,,
golfer_group_8,38.024692555469876,-84.46863886398934,14040.0,golfer,4,#007cbf,,,,,,,,
golfer_group_8,38.02440278870384,-84.4686927260434,14100.0,golfer,4,#007cbf,,,,,,,,
golfer_group_8,38.0241130219378,-84.46874658809746,14160.0,golfer,4,#007cbf,,,,,,,,
golfer_group_8,38.02382325517176,-84.46880045015152,14220.0,golfer,4,#007cbf,,,,,,,,
golfer_group_8,38.023533488405725,-84.46885431220558,14280.0,golfer,4,#007cbf,,,,,,,,
golfer_group_8,38.02325287292604,-84.46895459002404,14340.0,golfer,4,#007cbf,,,,,,,,
golfer_group_8,38.023120094224296,-84.46908677293466,14400.0,golfer,4,#007cbf,,,,,,,,
golfer_group_8,38.02338797984743,-84.46923698741324,14460.0,golfer,4,#007cbf,,,,,,,,
golfer_group_8,38.02365586547056,-84.46938720189182,14520.0,golfer,4,#007cbf,,,,,,,,
golfer_group_8,38.02392375109368,-84.4695374163704,14580.0,golfer,4,#007cbf,,,,,,,,
golfer_group_8,38.024191636716814,-84.46968763084898,14640.0,golfer,4,#007cbf,,,,,,,,
golfer_group_8,38.024459522339946,-84.46983784532756,14700.0,golfer,4,#007cbf,,,,,,,,
golfer_group_8,38.02472740796308,-84.46998805980614,14760.0,golfer,4,#ffe6cc,,,,,,,,
golfer_group_8,38.0249952935862,-84.47013827428472,14820.0,golfer,4,#ffe6cc,,,,,,,,
golfer_group_8,38.02526317920933,-84.4702884887633,14880.0,golfer,4,#ffe6cc,,,,,,,,
golfer_group_8,38.02549053793203,-84.47051685206469,14940.0,golfer,4,#ffe6cc,,,,,,,,
golfer_group_8,38.02570511747455,-84.47076985771169,15000.0,golfer,4,#ffe6cc,,,,,,,,
golfer_group_8,38.025919697017066,-84.4710228633587,15060.0,golfer,4,#ffe6cc,,,,,,,,
golfer_group_8,38.02613427655959,-84.4712758690057,15120.0,golfer,4,#ffe6cc,,,,,,,,
golfer_group_8,38.02634885610211,-84.4715288746527,15180.0,golfer,4,#ffe6cc,,,,,,,,
golfer_group_8,38.026563435644626,-84.4717818802997,15240.0,golfer,4,#ffe6cc,,,,,,,,
golfer_group_8,38.02678243981026,-84.47202860408251,15300.0,golfer,4,#ffe6cc,,,,,,,,
golfer_group_8,38.02668611647238,-84.47218057293104,15360.0,golfer,4,#ffcc99,,,,,,,,
golfer_group_8,38.02640386024167,-84.4722796932027,15420.0,golfer,4,#ffcc99,,,,,,,,
golfer_group_8,38.02612160401096,-84.47237881347434,15480.0,golfer,4,#ffcc99,,,,,,,,
golfer_group_8,38.02583934778024,-84.47247793374599,15540.0,golfer,4,#ffcc99,,,,,,,,
golfer_group_8,38.02555709154953,-84.47257705401765,15600.0,golfer,4,#ffcc99,,,,,,,,
golfer_group_8,38.025278899056985,-84.47258808504574,15660.0,golfer,4,#00b894,,,,,,,,
golfer_group_8,38.02505413568005,-84.47238241246707,15720.0,golfer,4,#00b894,,,,,,,,
golfer_group_8,38.02491621232278,-84.47205445775451,15780.0,golfer,4,#00b894,,,,,,,,
golfer_group_8,38.02477828896551,-84.47172650304194,15840.0,golfer,4,#00b894,,,,,,,,
golfer_group_8,38.024640365608235,-84.47139854832938,15900.0,golfer,4,#00b894,,,,,,,,
golfer_group_8,38.02450244225096,-84.4710705936168,15960.0,golfer,4,#00b894,,,,,,,,
golfer_group_8,38.02436451889369,-84.47074263890424,16020.0,golfer,4,#00b894,,,,,,,,
golfer_group_8,38.02422659553642,-84.47041468419167,16080.0,golfer,4,#00b894,,,,,,,,
golfer_group_8,38.02408867217915,-84.4700867294791,16140.0,golfer,4,#00b894,,,,,,,,
golfer_group_8,38.023830177494666,-84.46991493651929,16200.0,golfer,4,#00b894,,,,,,,,
golfer_group_8,38.02356911857893,-84.46974646470437,16260.0,golfer,4,#00b894,,,,,,,,
golfer_group_8,38.0233080596632,-84.46957799288944,16320.0,golfer,4,#00b894,,,,,,,,
golfer_group_8,38.02304700074746,-84.46940952107451,16380.0,golfer,4,#00b894,,,,,,,,
golfer_group_8,38.0227847606833,-84.46924457405959,16440.0,golfer,4,#00b894,,,,,,,,
golfer_group_8,38.02250809559787,-84.46912267439926,16500.0,golfer,4,#00b894,,,,,,,,
golfer_group_8,38.022527943550884,-84.46893235209967,16560.0,golfer,4,#00b894,,,,,,,,
golfer_group_8,38.02275311404551,-84.46869465006165,16620.0,golfer,4,#00b894,,,,,,,,
golfer_group_8,38.02297828454014,-84.46845694802364,16680.0,golfer,4,#00b894,,,,,,,,
golfer_group_8,38.02320345503476,-84.46821924598564,16740.0,golfer,4,#00b894,,,,,,,,
golfer_group_8,38.023428625529384,-84.46798154394763,16800.0,golfer,4,#00b894,,,,,,,,
golfer_group_8,38.02365379602401,-84.46774384190961,16860.0,golfer,4,#00b894,,,,,,,,
golfer_group_8,38.02387896651864,-84.4675061398716,16920.0,golfer,4,#00b894,,,,,,,,
golfer_group_8,38.02410413701326,-84.4672684378336,16980.0,golfer,4,#00b894,,,,,,,,
golfer_group_8,38.024329307507884,-84.46703073579559,17040.0,golfer,4,#00b894,,,,,,,,
golfer_group_8,38.024516630016976,-84.46674714202182,17100.0,golfer,4,#00b894,,,,,,,,
golfer_group_8,38.02469334505099,-84.4664506863893,17160.0,golfer,4,#00b894,,,,,,,,
golfer_group_8,38.02487006008501,-84.46615423075679,17220.0,golfer,4,#00b894,,,,,,,,
golfer_group_8,38.02504677511902,-84.46585777512426,17280.0,golfer,4,#00b894,,,,,,,,
golfer_group_8,38.02525798622544,-84.46562593134438,17340.0,golfer,4,#00b894,,,,,,,,
golfer_group_8,38.025540368765746,-84.46552739312297,17400.0,golfer,4,#00b894,,,,,,,,
golfer_group_8,38.02582275130605,-84.46542885490156,17460.0,golfer,4,#00b894,,,,,,,,
golfer_group_8,38.02610513384636,-84.46533031668015,17520.0,golfer,4,#00b894,,,,,,,,
golfer_group_8,38.02637936666449,-84.46537020680762,17580.0,golfer,4,#00b894,,,,,,,,
golfer_group_8,38.02664707383,-84.4655209394031,17640.0,golfer,4,#00b894,,,,,,,,
golfer_group_8,38.026914780995504,-84.46567167199859,17700.0,golfer,4,#00b894,,,,,,,,
golfer_group_8,38.02718248816101,-84.46582240459409,17760.0,golfer,4,#00b894,,,,,,,,
golfer_group_8,38.027450195326516,-84.46597313718958,17820.0,golfer,4,#00b894,,,,,,,,
golfer_group_8,38.02771790249202,-84.46612386978506,17880.0,golfer,4,#00b894,,,,,,,,
golfer_group_8,38.027985609657534,-84.46627460238055,17940.0,golfer,4,#00b894,,,,,,,,
golfer_group_8,38.02825331682304,-84.46642533497604,18000.0,golfer,4,#00b894,,,,,,,,
golfer_group_8,38.02854411583699,-84.46643446747252,18060.0,golfer,4,#00b894,,,,,,,,
golfer_group_8,38.02883696025459,-84.46643105747557,18120.0,golfer,4,#00b894,,,,,,,,
golfer_group_8,38.02912980467218,-84.46642764747862,18180.0,golfer,4,#00b894,,,,,,,,
golfer_group_8,38.029422649089774,-84.46642423748168,18240.0,golfer,4,#00b894,,,,,,,,
golfer_group_8,38.029714660100595,-84.46640554510962,18300.0,golfer,4,#00b894,,,,,,,,
golfer_group_8,38.03000508074206,-84.46635768976212,18360.0,golfer,4,#00b894,,,,,,,,
golfer_group_8,38.03029550138352,-84.46630983441462,18420.0,golfer,4,#00b894,,,,,,,,
golfer_group_8,38.03034421537664,-84.46623396436489,18480.0,golfer,4,#00b894,,,,,,,,
golfer_group_8,38.0300654222068,-84.4661201350132,18540.0,golfer,4,#00b894,,,,,,,,
golfer_group_8,38.02978662903697,-84.46600630566151,18600.0,golfer,4,#00b894,,,,,,,,
golfer_group_8,38.02950783586713,-84.46589247630982,18660.0,golfer,4,#00b894,,,,,,,,
golfer_group_8,38.029229042697295,-84.46577864695813,18720.0,golfer,4,#00b894,,,,,,,,
golfer_group_8,38.02895024952746,-84.46566481760644,18780.0,golfer,4,#00b894,,,,,,,,
golfer_group_8,38.02867145635763,-84.46555098825475,18840.0,golfer,4,#00b894,,,,,,,,
golfer_group_8,38.02839266318779,-84.46543715890306,18900.0,golfer,4,#00b894,,,,,,,,
golfer_group_8,38.02811294382565,-84.46532834232956,18960.0,golfer,4,#00b894,,,,,,,,
golfer_group_8,38.02782336017175,-84.46527291370359,19020.0,golfer,4,#00b894,,,,,,,,
golfer_group_8,38.02753377651786,-84.46521748507763,19080.0,golfer,4,#00b894,,,,,,,,
golfer_group_8,38.027244192863975,-84.46516205645167,19140.0,golfer,4,#00b894,,,,,,,,
golfer_group_8,38.02695460921009,-84.46510662782572,19200.0,golfer,4,#00b894,,,,,,,,
golfer_group_8,38.02666502555619,-84.46505119919976,19260.0,golfer,4,#00b894,,,,,,,,
golfer_group_8,38.02637326063661,-84.4650346343973,19320.0,golfer,4,#00b894,,,,,,,,
golfer_group_8,38.02608041188864,-84.46503738027086,19380.0,golfer,4,#00b894,,,,,,,,
golfer_group_8,38.025787563140675,-84.46504012614442,19440.0,golfer,2,#00b894,,,,,,,,
golfer_group_8,38.025494714392714,-84.46504287201797,19500.0,golfer,4,#00b894,,,,,,,,
golfer_group_8,38.02556401049359,-84.4653626218534,19560.0,golfer,4,#00b894,,,,,,,,
golfer_group_8,38.025666096931715,-84.46571107475296,19620.0,golfer,4,#00b894,,,,,,,,
golfer_group_8,38.02576818336984,-84.46605952765252,19680.0,golfer,4,#00b894,,,,,,,,
golfer_group_8,38.02587026980797,-84.46640798055208,19740.0,golfer,4,#00b894,,,,,,,,
golfer_group_8,38.02597235624609,-84.46675643345164,19800.0,golfer,4,#00b894,,,,,,,,
golfer_group_8,38.02607444268422,-84.46710488635118,19860.0,golfer,4,#00b894,,,,,,,,
golfer_group_8,38.026176529122345,-84.46745333925074,19920.0,golfer,4,#00b894,,,,,,,,
golfer_group_8,38.02627861556047,-84.4678017921503,19980.0,golfer,4,#00b894,,,,,,,,
golfer_group_8,38.026391551516966,-84.46814347235242,20040.0,golfer,4,#00b894,,,,,,,,
golfer_group_8,38.0265466275618,-84.46845884704874,20100.0,golfer,4,#00b894,,,,,,,,
golfer_group_8,38.02670170360664,-84.46877422174504,20160.0,golfer,4,#00b894,,,,,,,,
golfer_group_8,38.02685677965148,-84.46908959644135,20220.0,golfer,4,#00b894,,,,,,,,
golfer_group_8,38.027011855696315,-84.46940497113766,20280.0,golfer,4,#00b894,,,,,,,,
golfer_group_8,38.027202562026105,-84.46967624119414,20340.0,golfer,4,#00b894,,,,,,,,
golfer_group_8,38.027447,-84.469881,20400.0,golfer,1,#00b894,,,,,,,,
golfer_group_9,38.027447,-84.469881,6540.0,golfer,1,#007cbf,,,,,,,,
golfer_group_9,38.02754627606764,-84.46962578282717,6600.0,golfer,1,#007cbf,,,,,,,,
golfer_group_9,38.02744283462056,-84.4692779685763,6660.0,golfer,1,#007cbf,,,,,,,,
golfer_group_9,38.02733939317348,-84.46893015432545,6720.0,golfer,1,#007cbf,,,,,,,,
golfer_group_9,38.0272359517264,-84.46858234007459,6780.0,golfer,1,#007cbf,,,,,,,,
golfer_group_9,38.027132510279316,-84.46823452582373,6840.0,golfer,1,#007cbf,,,,,,,,
golfer_group_9,38.027029068832235,-84.46788671157287,6900.0,golfer,1,#007cbf,,,,,,,,
golfer_group_9,38.026925627385154,-84.46753889732202,6960.0,golfer,1,#007cbf,,,,,,,,
golfer_group_9,38.02682218593807,-84.46719108307117,7020.0,golfer,1,#007cbf,,,,,,,,
golfer_group_9,38.026707885382585,-84.46684997010087,7080.0,golfer,1,#007cbf,,,,,,,,
golfer_group_9,38.0265563489919,-84.46653183579225,7140.0,golfer,1,#007cbf,,,,,,,,
golfer_group_9,38.02640481260122,-84.46621370148365,7200.0,golfer,1,#007cbf,,,,,,,,
golfer_group_9,38.02625327621054,-84.46589556717504,7260.0,golfer,1,#007cbf,,,,,,,,
golfer_group_9,38.026097865476636,-84.4655806681031,7320.0,golfer,1,#007cbf,,,,,,,,
golfer_group_9,38.02592778516153,-84.46527801873756,7380.0,golfer,4,#007cbf,,,,,,,,
golfer_group_9,38.02575770484643,-84.46497536937204,7440.0,golfer,2,#007cbf,,,,,,,,
golfer_group_9,38.02580429978306,-84.46478189846547,7500.0,golfer,2,#007cbf,,,,,,,,
golfer_group_9,38.02609158193444,-84.46470970518055,7560.0,golfer,2,#007cbf,,,,,,,,
golfer_group_9,38.02637886408582,-84.46463751189565,7620.0,golfer,2,#007cbf,,,,,,,,
golfer_group_9,38.0266661462372,-84.46456531861072,7680.0,golfer,2,#007cbf,,,,,,,,
golfer_group_9,38.02695342838857,-84.4644931253258,7740.0,golfer,2,#007cbf,,,,,,,,
golfer_group_9,38.02723262500985,-84.46440936561527,7800.0,golfer,2,#007cbf,,,,,,,,
golfer_group_9,38.02732323296244,-84.46405582806928,7860.0,golfer,2,#007cbf,,,,,,,,
golfer_group_9,38.027413840915024,-84.46370229052329,7920.0,golfer,3,#007cbf,,,,,,,,
golfer_group_9,38.02755613921936,-84.46339199540722,7980.0,golfer,3,#007cbf,,,,,,,,
golfer_group_9,38.02777631020529,-84.46314684598785,8040.0,golfer,3,#007cbf,,,,,,,,
golfer_group_9,38.027996481191224,-84.4629016965685,8100.0,golfer,3,#007cbf,,,,,,,,
golfer_group_9,38.028216652177164,-84.46265654714912,8160.0,golfer,3,#007cbf,,,,,,,,
golfer_group_9,38.0284368231631,-84.46241139772975,8220.0,golfer,3,#007cbf,,,,,,,,
golfer_group_9,38.02865699414903,-84.4621662483104,8280.0,golfer,3,#007cbf,,,,,,,,
golfer_group_9,38.02887716513497,-84.46192109889103,8340.0,golfer,3,#007cbf,,,,,,,,
golfer_group_9,38.029097336120905,-84.46167594947165,8400.0,golfer,3,#007cbf,,,,,,,,
golfer_group_9,38.02932048603734,-84.46143527844885,8460.0,golfer,3,#007cbf,,,,,,,,
golfer_group_9,38.02954781666501,-84.4612008925283,8520.0,golfer,3,#007cbf,,,,,,,,
golfer_group_9,38.029775147292675,-84.46096650660775,8580.0,golfer,3,#007cbf,,,,,,,,
golfer_group_9,38.03000247792034,-84.46073212068718,8640.0,golfer,3,#007cbf,,,,,,,,
golfer_group_9,38.03022980854801,-84.46049773476663,8700.0,golfer,3,#007cbf,,,,,,,,
golfer_group_9,38.03028198771919,-84.46029007968264,8760.0,golfer,3,#007cbf,,,,,,,,
golfer_group_9,38.030017377451664,-84.46013077159431,8820.0,golfer,4,#007cbf,,,,,,,,
golfer_group_9,38.02974997117584,-84.46003134117494,8880.0,golfer,4,#007cbf,,,,,,,,
golfer_group_9,38.029472388508275,-84.46014984237516,8940.0,golfer,4,#007cbf,,,,,,,,
golfer_group_9,38.02919480584071,-84.46026834357538,9000.0,golfer,4,#007cbf,,,,,,,,
golfer_group_9,38.02891722317315,-84.46038684477558,9060.0,golfer,4,#007cbf,,,,,,,,
golfer_group_9,38.02863964050559,-84.4605053459758,9120.0,golfer,4,#007cbf,,,,,,,,
golfer_group_9,38.02846819932939,-84.46074999771898,9180.0,golfer,4,#007cbf,,,,,,,,
golfer_group_9,38.028356651102726,-84.46108459413088,9240.0,golfer,4,#007cbf,,,,,,,,
golfer_group_9,38.028163251425084,-84.46136377382878,9300.0,golfer,4,#007cbf,,,,,,,,
golfer_group_9,38.02796985174745,-84.46164295352668,9360.0,golfer,4,#007cbf,,,,,,,,
golfer_group_9,38.02777645206981,-84.46192213322458,9420.0,golfer,4,#007cbf,,,,,,,,
golfer_group_9,38.027583052392174,-84.46220131292247,9480.0,golfer,4,#007cbf,,,,,,,,
golfer_group_9,38.02739313138997,-84.4624841808364,9540.0,golfer,4,#007cbf,,,,,,,,
golfer_group_9,38.02721114487077,-84.46277546117278,9600.0,golfer,4,#007cbf,,,,,,,,
golfer_group_9,38.02702915835156,-84.46306674150915,9660.0,golfer,4,#007cbf,,,,,,,,
golfer_group_9,38.02684717183235,-84.46335802184554,9720.0,golfer,4,#007cbf,,,,,,,,
golfer_group_9,38.027030664719845,-84.46345337202217,9780.0,golfer,4,#007cbf,,,,,,,,
golfer_group_9,38.02732202605173,-84.46349089491457,9840.0,golfer,3,#007cbf,,,,,,,,
golfer_group_9,38.02761338738361,-84.46352841780696,9900.0,golfer,3,#007cbf,,,,,,,,
golfer_group_9,38.02787761975422,-84.46365295047241,9960.0,golfer,4,#007cbf,,,,,,,,
golfer_group_9,38.02811027773896,-84.46387875056652,10020.0,golfer,4,#007cbf,,,,,,,,
golfer_group_9,38.02834293572369,-84.46410455066062,10080.0,golfer,4,#007cbf,,,,,,,,
golfer_group_9,38.028575593708425,-84.46433035075472,10140.0,golfer,4,#007cbf,,,,,,,,
golfer_group_9,38.028808251693164,-84.46455615084882,10200.0,golfer,4,#007cbf,,,,,,,,
golfer_group_9,38.029040909677896,-84.46478195094294,10260.0,golfer,4,#007cbf,,,,,,,,
golfer_group_9,38.02927356766263,-84.46500775103704,10320.0,golfer,4,#007cbf,,,,,,,,
golfer_group_9,38.02950622564737,-84.46523355113113,10380.0,golfer,4,#007cbf,,,,,,,,
golfer_group_9,38.02975350361947,-84.4654282954189,10440.0,golfer,4,#007cbf,,,,,,,,
golfer_group_9,38.030020352724144,-84.46558146666777,10500.0,golfer,4,#007cbf,,,,,,,,
golfer_group_9,38.03028720182882,-84.46573463791665,10560.0,golfer,4,#007cbf,,,,,,,,
golfer_group_9,38.030554050933496,-84.46588780916554,10620.0,golfer,4,#007cbf,,,,,,,,
golfer_group_9,38.0308144451061,-84.46601508231271,10680.0,golfer,4,#007cbf,,,,,,,,
golfer_group_9,38.03096331555731,-84.46569490649415,10740.0,golfer,4,#007cbf,,,,,,,,
golfer_group_9,38.03100160851583,-84.46532942233877,10800.0,golfer,4,#007cbf,,,,,,,,
golfer_group_9,38.03102825601745,-84.4649591665407,10860.0,golfer,4,#007cbf,,,,,,,,
golfer_group_9,38.03105490351906,-84.46458891074262,10920.0,golfer,4,#007cbf,,,,,,,,
golfer_group_9,38.031081551020684,-84.46421865494455,10980.0,golfer,4,#007cbf,,,,,,,,
golfer_group_9,38.031108198522304,-84.46384839914647,11040.0,golfer,4,#007cbf,,,,,,,,
golfer_group_9,38.03113484602392,-84.4634781433484,11100.0,golfer,4,#007cbf,,,,,,,,
golfer_group_9,38.03116149352554,-84.46310788755032,11160.0,golfer,4,#007cbf,,,,,,,,
golfer_group_9,38.031127268705696,-84.46274982308951,11220.0,golfer,4,#007cbf,,,,,,,,
golfer_group_9,38.031012137391194,-84.4624079623538,11280.0,golfer,4,#007cbf,,,,,,,,
golfer_group_9,38.03089700607669,-84.46206610161808,11340.0,golfer,4,#007cbf,,,,,,,,
golfer_group_9,38.0307818747622,-84.46172424088235,11400.0,golfer,4,#007cbf,,,,,,,,
golfer_group_9,38.030666743447696,-84.46138238014663,11460.0,golfer,4,#007cbf,,,,,,,,
golfer_group_9,38.030551612133195,-84.46104051941091,11520.0,golfer,4,#007cbf,,,,,,,,
golfer_group_9,38.03081531898336,-84.46091137688049,11580.0,golfer,4,#007cbf,,,,,,,,
golfer_group_9,38.0310279411826,-84.46098091912485,11640.0,golfer,4,#007cbf,,,,,,,,
golfer_group_9,38.03115090321037,-84.46131835889211,11700.0,golfer,4,#007cbf,,,,,,,,
golfer_group_9,38.031273865238134,-84.46165579865938,11760.0,golfer,4,#007cbf,,,,,,,,
golfer_group_9,38.03139682726591,-84.46199323842663,11820.0,golfer,4,#007cbf,,,,,,,,
golfer_group_9,38.031519789293675,-84.4623306781939,11880.0,golfer,4,#007cbf,,,,,,,,
golfer_group_9,38.03164275132144,-84.46266811796116,11940.0,golfer,4,#007cbf,,,,,,,,
golfer_group_9,38.03176571334921,-84.46300555772842,12000.0,golfer,4,#007cbf,,,,,,,,
golfer_group_9,38.031888675376976,-84.46334299749569,12060.0,golfer,4,#007cbf,,,,,,,,
golfer_group_9,38.031909837946635,-84.46368872876327,12120.0,golfer,4,#007cbf,,,,,,,,
golfer_group_9,38.03182184589159,-84.46404335060477,12180.0,golfer,4,#007cbf,,,,,,,,
golfer_group_9,38.03173385383655,-84.46439797244628,12240.0,golfer,4,#007cbf,,,,,,,,
golfer_group_9,38.031645861781506,-84.46475259428779,12300.0,golfer,4,#007cbf,,,,,,,,
golfer_group_9,38.03155786972646,-84.46510721612928,12360.0,golfer,4,#007cbf,,,,,,,,
golfer_group_9,38.03146987767142,-84.46546183797079,12420.0,golfer,4,#007cbf,,,,,,,,
golfer_group_9,38.03131864912918,-84.46576966145622,12480.0,golfer,4,#007cbf,,,,,,,,
golfer_group_9,38.0311189562348,-84.46604161874937,12540.0,golfer,4,#007cbf,,,,,,,,
golfer_group_9,38.030919263340415,-84.46631357604252,12600.0,golfer,4,#007cbf,,,,,,,,
golfer_group_9,38.030718115722834,-84.46658350967269,12660.0,golfer,4,#007cbf,,,,,,,,
golfer_group_9,38.0304866033238,-84.46681120290668,12720.0,golfer,4,#007cbf,,,,,,,,
golfer_group_9,38.030255090924776,-84.46703889614066,12780.0,golfer,4,#007cbf,,,,,,,,
golfer_group_9,38.03002357852575,-84.46726658937465,12840.0,golfer,4,#007cbf,,,,,,,,
golfer_group_9,38.02979206612672,-84.46749428260863,12900.0,golfer,4,#007cbf,,,,,,,,
golfer_group_9,38.02956055372769,-84.46772197584261,12960.0,golfer,4,#007cbf,,,,,,,,
golfer_group_9,38.02932904132866,-84.4679496690766,13020.0,golfer,4,#007cbf,,,,,,,,
golfer_group_9,38.02909752892963,-84.46817736231058,13080.0,golfer,4,#007cbf,,,,,,,,
golfer_group_9,38.0288660165306,-84.46840505554457,13140.0,golfer,4,#007cbf,,,,,,,,
golfer_group_9,38.02869804015225,-84.46870681462924,13200.0,golfer,4,#007cbf,,,,,,,,
golfer_group_9,38.028539024924726,-84.46901901999702,13260.0,golfer,4,#007cbf,,,,,,,,
golfer_group_9,38.0283800096972,-84.46933122536481,13320.0,golfer,4,#007cbf,,,,,,,,
golfer_group_9,38.028129065075696,-84.46949162304078,13380.0,golfer,4,#007cbf,,,,,,,,
golfer_group_9,38.02785052807789,-84.46960645602002,13440.0,golfer,1,#007cbf,,,,,,,,
golfer_group_9,38.027571991080094,-84.46972128899925,13500.0,golfer,1,#007cbf,,,,,,,,
golfer_group_9,38.02729345408229,-84.4698361219785,13560.0,golfer,4,#007cbf,,,,,,,,
golfer_group_9,38.027014917084486,-84.46995095495774,13620.0,golfer,4,#007cbf,,,,,,,,
golfer_group_9,38.02677219339408,-84.46990690842384,13680.0,golfer,4,#007cbf,,,,,,,,
golfer_group_9,38.026583670283,-84.46962241044099,13740.0,golfer,4,#007cbf,,,,,,,,
golfer_group_9,38.02639514717193,-84.46933791245814,13800.0,golfer,4,#007cbf,,,,,,,,
golfer_group_9,38.026206624060855,-84.4690534144753,13860.0,golfer,4,#007cbf,,,,,,,,
golfer_group_9,38.02601810094978,-84.46876891649245,13920.0,golfer,4,#007cbf,,,,,,,,
golfer_group_9,38.0258295778387,-84.4684844185096,13980.0,golfer,4,#007cbf,,,,,,,,
golfer_group_9,38.02564105472762,-84.46819992052676,14040.0,golfer,4,#007cbf,,,,,,,,
golfer_group_9,38.02539873776804,-84.4680332578427,14100.0,golfer,4,#007cbf,,,,,,,,
golfer_group_9,38.02511056304286,-84.46796704648648,14160.0,golfer,4,#007cbf,,,,,,,,
golfer_group_9,38.02482238831767,-84.46790083513027,14220.0,golfer,4,#007cbf,,,,,,,,
golfer_group_9,38.02466098715723,-84.46791926274804,14280.0,golfer,4,#007cbf,,,,,,,,
golfer_group_9,38.0248672597656,-84.46818316370741,14340.0,golfer,4,#007cbf,,,,,,,,
golfer_group_9,38.025073532373966,-84.46844706466678,14400.0,golfer,4,#007cbf,,,,,,,,
golfer_group_9,38.02498232223591,-84.46858500193528,14460.0,golfer,4,#007cbf,,,,,,,,
golfer_group_9,38.024692555469876,-84.46863886398934,14520.0,golfer,4,#007cbf,,,,,,,,
golfer_group_9,38.02440278870384,-84.4686927260434,14580.0,golfer,4,#007cbf,,,,,,,,
golfer_group_9,38.0241130219378,-84.46874658809746,14640.0,golfer,4,#007cbf,,,,,,,,
golfer_group_9,38.02382325517176,-84.46880045015152,14700.0,golfer,4,#007cbf,,,,,,,,
golfer_group_9,38.023533488405725,-84.46885431220558,14760.0,golfer,4,#007cbf,,,,,,,,
golfer_group_9,38.02325287292604,-84.46895459002404,14820.0,golfer,4,#007cbf,,,,,,,,
golfer_group_9,38.023120094224296,-84.46908677293466,14880.0,golfer,4,#007cbf,,,,,,,,
golfer_group_9,38.02338797984743,-84.46923698741324,14940.0,golfer,4,#007cbf,,,,,,,,
golfer_group_9,38.02365586547056,-84.46938720189182,15000.0,golfer,4,#007cbf,,,,,,,,
golfer_group_9,38.02392375109368,-84.4695374163704,15060.0,golfer,4,#007cbf,,,,,,,,
golfer_group_9,38.024191636716814,-84.46968763084898,15120.0,golfer,4,#007cbf,,,,,,,,
golfer_group_9,38.024459522339946,-84.46983784532756,15180.0,golfer,4,#007cbf,,,,,,,,
golfer_group_9,38.02472740796308,-84.46998805980614,15240.0,golfer,4,#007cbf,,,,,,,,
golfer_group_9,38.0249952935862,-84.47013827428472,15300.0,golfer,4,#007cbf,,,,,,,,
golfer_group_9,38.02526317920933,-84.4702884887633,15360.0,golfer,4,#007cbf,,,,,,,,
golfer_group_9,38.02549053793203,-84.47051685206469,15420.0,golfer,4,#007cbf,,,,,,,,
golfer_group_9,38.02570511747455,-84.47076985771169,15480.0,golfer,4,#007cbf,,,,,,,,
golfer_group_9,38.025919697017066,-84.4710228633587,15540.0,golfer,4,#007cbf,,,,,,,,
golfer_group_9,38.02613427655959,-84.4712758690057,15600.0,golfer,4,#007cbf,,,,,,,,
golfer_group_9,38.02634885610211,-84.4715288746527,15660.0,golfer,4,#007cbf,,,,,,,,
golfer_group_9,38.026563435644626,-84.4717818802997,15720.0,golfer,4,#007cbf,,,,,,,,
golfer_group_9,38.02678243981026,-84.47202860408251,15780.0,golfer,4,#007cbf,,,,,,,,
golfer_group_9,38.02668611647238,-84.47218057293104,15840.0,golfer,4,#007cbf,,,,,,,,
golfer_group_9,38.02640386024167,-84.4722796932027,15900.0,golfer,4,#007cbf,,,,,,,,
golfer_group_9,38.02612160401096,-84.47237881347434,15960.0,golfer,4,#007cbf,,,,,,,,
golfer_group_9,38.02583934778024,-84.47247793374599,16020.0,golfer,4,#007cbf,,,,,,,,
golfer_group_9,38.02555709154953,-84.47257705401765,16080.0,golfer,4,#007cbf,,,,,,,,
golfer_group_9,38.025278899056985,-84.47258808504574,16140.0,golfer,4,#007cbf,,,,,,,,
golfer_group_9,38.02505413568005,-84.47238241246707,16200.0,golfer,4,#007cbf,,,,,,,,
golfer_group_9,38.02491621232278,-84.47205445775451,16260.0,golfer,4,#007cbf,,,,,,,,
golfer_group_9,38.02477828896551,-84.47172650304194,16320.0,golfer,4,#007cbf,,,,,,,,
golfer_group_9,38.024640365608235,-84.47139854832938,16380.0,golfer,4,#007cbf,,,,,,,,
golfer_group_9,38.02450244225096,-84.4710705936168,16440.0,golfer,4,#007cbf,,,,,,,,
golfer_group_9,38.02436451889369,-84.47074263890424,16500.0,golfer,4,#007cbf,,,,,,,,
golfer_group_9,38.02422659553642,-84.47041468419167,16560.0,golfer,4,#007cbf,,,,,,,,
golfer_group_9,38.02408867217915,-84.4700867294791,16620.0,golfer,4,#007cbf,,,,,,,,
golfer_group_9,38.023830177494666,-84.46991493651929,16680.0,golfer,4,#007cbf,,,,,,,,
golfer_group_9,38.02356911857893,-84.46974646470437,16740.0,golfer,4,#007cbf,,,,,,,,
golfer_group_9,38.0233080596632,-84.46957799288944,16800.0,golfer,4,#007cbf,,,,,,,,
golfer_group_9,38.02304700074746,-84.46940952107451,16860.0,golfer,4,#007cbf,,,,,,,,
golfer_group_9,38.0227847606833,-84.46924457405959,16920.0,golfer,4,#007cbf,,,,,,,,
golfer_group_9,38.02250809559787,-84.46912267439926,16980.0,golfer,4,#007cbf,,,,,,,,
golfer_group_9,38.022527943550884,-84.46893235209967,17040.0,golfer,4,#007cbf,,,,,,,,
golfer_group_9,38.02275311404551,-84.46869465006165,17100.0,golfer,4,#007cbf,,,,,,,,
golfer_group_9,38.02297828454014,-84.46845694802364,17160.0,golfer,4,#007cbf,,,,,,,,
golfer_group_9,38.02320345503476,-84.46821924598564,17220.0,golfer,4,#007cbf,,,,,,,,
golfer_group_9,38.023428625529384,-84.46798154394763,17280.0,golfer,4,#007cbf,,,,,,,,
golfer_group_9,38.02365379602401,-84.46774384190961,17340.0,golfer,4,#007cbf,,,,,,,,
golfer_group_9,38.02387896651864,-84.4675061398716,17400.0,golfer,4,#007cbf,,,,,,,,
golfer_group_9,38.02410413701326,-84.4672684378336,17460.0,golfer,4,#007cbf,,,,,,,,
golfer_group_9,38.024329307507884,-84.46703073579559,17520.0,golfer,4,#007cbf,,,,,,,,
golfer_group_9,38.024516630016976,-84.46674714202182,17580.0,golfer,4,#007cbf,,,,,,,,
golfer_group_9,38.02469334505099,-84.4664506863893,17640.0,golfer,4,#007cbf,,,,,,,,
golfer_group_9,38.02487006008501,-84.46615423075679,17700.0,golfer,4,#007cbf,,,,,,,,
golfer_group_9,38.02504677511902,-84.46585777512426,17760.0,golfer,4,#007cbf,,,,,,,,
golfer_group_9,38.02525798622544,-84.46562593134438,17820.0,golfer,4,#007cbf,,,,,,,,
golfer_group_9,38.025540368765746,-84.46552739312297,17880.0,golfer,4,#007cbf,,,,,,,,
golfer_group_9,38.02582275130605,-84.46542885490156,17940.0,golfer,4,#007cbf,,,,,,,,
golfer_group_9,38.02610513384636,-84.46533031668015,18000.0,golfer,4,#007cbf,,,,,,,,
golfer_group_9,38.02637936666449,-84.46537020680762,18060.0,golfer,4,#007cbf,,,,,,,,
golfer_group_9,38.02664707383,-84.4655209394031,18120.0,golfer,4,#007cbf,,,,,,,,
golfer_group_9,38.026914780995504,-84.46567167199859,18180.0,golfer,4,#007cbf,,,,,,,,
golfer_group_9,38.02718248816101,-84.46582240459409,18240.0,golfer,4,#007cbf,,,,,,,,
golfer_group_9,38.027450195326516,-84.46597313718958,18300.0,golfer,4,#007cbf,,,,,,,,
golfer_group_9,38.02771790249202,-84.46612386978506,18360.0,golfer,4,#007cbf,,,,,,,,
golfer_group_9,38.027985609657534,-84.46627460238055,18420.0,golfer,4,#007cbf,,,,,,,,
golfer_group_9,38.02825331682304,-84.46642533497604,18480.0,golfer,4,#007cbf,,,,,,,,
golfer_group_9,38.02854411583699,-84.46643446747252,18540.0,golfer,4,#007cbf,,,,,,,,
golfer_group_9,38.02883696025459,-84.46643105747557,18600.0,golfer,4,#007cbf,,,,,,,,
golfer_group_9,38.02912980467218,-84.46642764747862,18660.0,golfer,4,#007cbf,,,,,,,,
golfer_group_9,38.029422649089774,-84.46642423748168,18720.0,golfer,4,#007cbf,,,,,,,,
golfer_group_9,38.029714660100595,-84.46640554510962,18780.0,golfer,4,#007cbf,,,,,,,,
golfer_group_9,38.03000508074206,-84.46635768976212,18840.0,golfer,4,#007cbf,,,,,,,,
golfer_group_9,38.03029550138352,-84.46630983441462,18900.0,golfer,4,#007cbf,,,,,,,,
golfer_group_9,38.03034421537664,-84.46623396436489,18960.0,golfer,4,#007cbf,,,,,,,,
golfer_group_9,38.0300654222068,-84.4661201350132,19020.0,golfer,4,#007cbf,,,,,,,,
golfer_group_9,38.02978662903697,-84.46600630566151,19080.0,golfer,4,#007cbf,,,,,,,,
golfer_group_9,38.02950783586713,-84.46589247630982,19140.0,golfer,4,#007cbf,,,,,,,,
golfer_group_9,38.029229042697295,-84.46577864695813,19200.0,golfer,4,#007cbf,,,,,,,,
golfer_group_9,38.02895024952746,-84.46566481760644,19260.0,golfer,4,#007cbf,,,,,,,,
golfer_group_9,38.02867145635763,-84.46555098825475,19320.0,golfer,4,#007cbf,,,,,,,,
golfer_group_9,38.02839266318779,-84.46543715890306,19380.0,golfer,4,#007cbf,,,,,,,,
golfer_group_9,38.02811294382565,-84.46532834232956,19440.0,golfer,4,#007cbf,,,,,,,,
golfer_group_9,38.02782336017175,-84.46527291370359,19500.0,golfer,4,#007cbf,,,,,,,,
golfer_group_9,38.02753377651786,-84.46521748507763,19560.0,golfer,4,#007cbf,,,,,,,,
golfer_group_9,38.027244192863975,-84.46516205645167,19620.0,golfer,4,#007cbf,,,,,,,,
golfer_group_9,38.02695460921009,-84.46510662782572,19680.0,golfer,4,#007cbf,,,,,,,,
golfer_group_9,38.02666502555619,-84.46505119919976,19740.0,golfer,4,#007cbf,,,,,,,,
golfer_group_9,38.02637326063661,-84.4650346343973,19800.0,golfer,4,#007cbf,,,,,,,,
golfer_group_9,38.02608041188864,-84.46503738027086,19860.0,golfer,4,#007cbf,,,,,,,,
golfer_group_9,38.025787563140675,-84.46504012614442,19920.0,golfer,2,#007cbf,,,,,,,,
golfer_group_9,38.025494714392714,-84.46504287201797,19980.0,golfer,4,#007cbf,,,,,,,,
golfer_group_9,38.02556401049359,-84.4653626218534,20040.0,golfer,4,#007cbf,,,,,,,,
golfer_group_9,38.025666096931715,-84.46571107475296,20100.0,golfer,4,#007cbf,,,,,,,,
golfer_group_9,38.02576818336984,-84.46605952765252,20160.0,golfer,4,#007cbf,,,,,,,,
golfer_group_9,38.02587026980797,-84.46640798055208,20220.0,golfer,4,#007cbf,,,,,,,,
golfer_group_9,38.02597235624609,-84.46675643345164,20280.0,golfer,4,#007cbf,,,,,,,,
golfer_group_9,38.02607444268422,-84.46710488635118,20340.0,golfer,4,#007cbf,,,,,,,,
golfer_group_9,38.026176529122345,-84.46745333925074,20400.0,golfer,4,#007cbf,,,,,,,,
golfer_group_9,38.02627861556047,-84.4678017921503,20460.0,golfer,4,#007cbf,,,,,,,,
golfer_group_9,38.026391551516966,-84.46814347235242,20520.0,golfer,4,#007cbf,,,,,,,,
golfer_group_9,38.0265466275618,-84.46845884704874,20580.0,golfer,4,#007cbf,,,,,,,,
golfer_group_9,38.02670170360664,-84.46877422174504,20640.0,golfer,4,#007cbf,,,,,,,,
golfer_group_9,38.02685677965148,-84.46908959644135,20700.0,golfer,4,#007cbf,,,,,,,,
golfer_group_9,38.027011855696315,-84.46940497113766,20760.0,golfer,4,#007cbf,,,,,,,,
golfer_group_9,38.027202562026105,-84.46967624119414,20820.0,golfer,4,#007cbf,,,,,,,,
golfer_group_9,38.027447,-84.469881,20880.0,golfer,1,#007cbf,,,,,,,,
runner_1,38.027447,-84.469881,13600.0,runner,3,,,,,,,,,
runner_1,38.02754627606764,-84.46962578282717,13604.0,runner,3,,,,,,,,,
runner_1,38.02744283462056,-84.4692779685763,13610.0,runner,3,,,,,,,,,
runner_1,38.02733939317348,-84.46893015432545,13616.0,runner,3,,,,,,,,,
runner_1,38.0272359517264,-84.46858234007459,13622.0,runner,3,,,,,,,,,
runner_1,38.027132510279316,-84.46823452582373,13627.0,runner,3,,,,,,,,,
runner_1,38.027029068832235,-84.46788671157287,13633.0,runner,3,,,,,,,,,
runner_1,38.026925627385154,-84.46753889732202,13639.0,runner,3,,,,,,,,,
runner_1,38.02682218593807,-84.46719108307117,13645.0,runner,3,,,,,,,,,
runner_1,38.026707885382585,-84.46684997010087,13651.0,runner,3,,,,,,,,,
runner_1,38.0265563489919,-84.46653183579225,13656.0,runner,3,,,,,,,,,
runner_1,38.02640481260122,-84.46621370148365,13662.0,runner,3,,,,,,,,,
runner_1,38.02625327621054,-84.46589556717504,13667.0,runner,3,,,,,,,,,
runner_1,38.026097865476636,-84.4655806681031,13673.0,runner,3,,,,,,,,,
runner_1,38.02592778516153,-84.46527801873756,13678.0,runner,3,,,,,,,,,
runner_1,38.02575770484643,-84.46497536937204,13684.0,runner,3,,,,,,,,,
runner_1,38.02580429978306,-84.46478189846547,13687.0,runner,3,,,,,,,,,
runner_1,38.02609158193444,-84.46470970518055,13692.0,runner,3,,,,,,,,,
runner_1,38.02637886408582,-84.46463751189565,13697.0,runner,3,,,,,,,,,
runner_1,38.0266661462372,-84.46456531861072,13701.0,runner,3,,,,,,,,,
runner_1,38.02695342838857,-84.4644931253258,13706.0,runner,3,,,,,,,,,
runner_1,38.02723262500985,-84.46440936561527,13711.0,runner,3,,,,,,,,,
runner_1,38.02732323296244,-84.46405582806928,13716.0,runner,3,,,,,,,,,
runner_1,38.027413840915024,-84.46370229052329,13722.0,runner,3,,,,,,,,,
runner_1,38.02755613921936,-84.46339199540722,13728.0,runner,3,,,,,,,,,
runner_1,38.02777631020529,-84.46314684598785,13733.0,runner,3,,,,,,,,,
runner_1,38.027996481191224,-84.4629016965685,13738.0,runner,3,,,,,,,,,
runner_1,38.028216652177164,-84.46265654714912,13743.0,runner,3,,,,,,,,,
runner_1,38.0284368231631,-84.46241139772975,13749.0,runner,3,,,,,,,,,
runner_1,38.02865699414903,-84.4621662483104,13754.0,runner,3,,,,,,,,,
runner_1,38.02887716513497,-84.46192109889103,13759.0,runner,3,,,,,,,,,
runner_1,38.029097336120905,-84.46167594947165,13764.0,runner,3,,,,,,,,,
runner_1,38.02932048603734,-84.46143527844885,13770.0,runner,3,,,,,,,,,
runner_1,38.02954781666501,-84.4612008925283,13775.0,runner,3,,,,,,,,,
runner_1,38.029775147292675,-84.46096650660775,13780.0,runner,3,,,,,,,,,
runner_1,38.02954781666501,-84.4612008925283,13785.0,runner,3,,,,,,,,,
runner_1,38.02932048603734,-84.46143527844885,13790.0,runner,3,,,,,,,,,
runner_1,38.029097336120905,-84.46167594947165,13796.0,runner,3,,,,,,,,,
runner_1,38.02887716513497,-84.46192109889103,13801.0,runner,3,,,,,,,,,
runner_1,38.02865699414903,-84.4621662483104,13806.0,runner,3,,,,,,,,,
runner_1,38.0284368231631,-84.46241139772975,13811.0,runner,3,,,,,,,,,
runner_1,38.028216652177164,-84.46265654714912,13817.0,runner,3,,,,,,,,,
runner_1,38.027996481191224,-84.4629016965685,13822.0,runner,3,,,,,,,,,
runner_1,38.02777631020529,-84.46314684598785,13827.0,runner,3,,,,,,,,,
runner_1,38.02755613921936,-84.46339199540722,13832.0,runner,3,,,,,,,,,
runner_1,38.027413840915024,-84.46370229052329,13838.0,runner,3,,,,,,,,,
runner_1,38.02732323296244,-84.46405582806928,13844.0,runner,3,,,,,,,,,
runner_1,38.02723262500985,-84.46440936561527,13849.0,runner,3,,,,,,,,,
runner_1,38.02695342838857,-84.4644931253258,13854.0,runner,3,,,,,,,,,
runner_1,38.0266661462372,-84.46456531861072,13859.0,runner,3,,,,,,,,,
runner_1,38.02637886408582,-84.46463751189565,13863.0,runner,3,,,,,,,,,
runner_1,38.02609158193444,-84.46470970518055,13868.0,runner,3,,,,,,,,,
runner_1,38.02580429978306,-84.46478189846547,13873.0,runner,3,,,,,,,,,
runner_1,38.02575770484643,-84.46497536937204,13876.0,runner,3,,,,,,,,,
runner_1,38.02592778516153,-84.46527801873756,13882.0,runner,3,,,,,,,,,
runner_1,38.026097865476636,-84.4655806681031,13887.0,runner,3,,,,,,,,,
runner_1,38.02625327621054,-84.46589556717504,13893.0,runner,3,,,,,,,,,
runner_1,38.02640481260122,-84.46621370148365,13898.0,runner,3,,,,,,,,,
runner_1,38.0265563489919,-84.46653183579225,13904.0,runner,3,,,,,,,,,
runner_1,38.026707885382585,-84.46684997010087,13909.0,runner,3,,,,,,,,,
runner_1,38.02682218593807,-84.46719108307117,13915.0,runner,3,,,,,,,,,
runner_1,38.026925627385154,-84.46753889732202,13921.0,runner,3,,,,,,,,,
runner_1,38.027029068832235,-84.46788671157287,13927.0,runner,3,,,,,,,,,
runner_1,38.027132510279316,-84.46823452582373,13933.0,runner,3,,,,,,,,,
runner_1,38.0272359517264,-84.46858234007459,13938.0,runner,3,,,,,,,,,
runner_1,38.02733939317348,-84.46893015432545,13944.0,runner,3,,,,,,,,,
runner_1,38.02744283462056,-84.4692779685763,13950.0,runner,3,,,,,,,,,
runner_1,38.02754627606764,-84.46962578282717,13956.0,runner,3,,,,,,,,,
runner_1,38.027447,-84.469881,13960.0,runner,3,,,,,,,,,
runner_1,38.027447,-84.469881,14565.0,runner,4,,,,,,,,,
runner_1,38.027202562026105,-84.46967624119414,14570.0,runner,4,,,,,,,,,
runner_1,38.027011855696315,-84.46940497113766,14576.0,runner,4,,,,,,,,,
runner_1,38.02685677965148,-84.46908959644135,14582.0,runner,4,,,,,,,,,
runner_1,38.02670170360664,-84.46877422174504,14588.0,runner,4,,,,,,,,,
runner_1,38.0265466275618,-84.46845884704874,14594.0,runner,4,,,,,,,,,
runner_1,38.026391551516966,-84.46814347235242,14599.0,runner,4,,,,,,,,,
runner_1,38.02883696025459,-84.46643105747557,14649.0,runner,4,,,,,,,,,
runner_1,38.02854411583699,-84.46643446747252,14654.0,runner,4,,,,,,,,,
runner_1,38.02825331682304,-84.46642533497604,14659.0,runner,4,,,,,,,,,
runner_1,38.027985609657534,-84.46627460238055,14664.0,runner,4,,,,,,,,,
runner_1,38.02771790249202,-84.46612386978506,14669.0,runner,4,,,,,,,,,
runner_1,38.027450195326516,-84.46597313718958,14675.0,runner,4,,,,,,,,,
runner_1,38.02718248816101,-84.46582240459409,14680.0,runner,4,,,,,,,,,
runner_1,38.026914780995504,-84.46567167199859,14685.0,runner,4,,,,,,,,,
runner_1,38.02664707383,-84.4655209394031,14690.0,runner,4,,,,,,,,,
runner_1,38.02637936666449,-84.46537020680762,14695.0,runner,4,,,,,,,,,
runner_1,38.02610513384636,-84.46533031668015,14700.0,runner,4,,,,,,,,,
runner_1,38.02582275130605,-84.46542885490156,14705.0,runner,4,,,,,,,,,
runner_1,38.025540368765746,-84.46552739312297,14710.0,runner,4,,,,,,,,,
runner_1,38.02525798622544,-84.46562593134438,14715.0,runner,4,,,,,,,,,
runner_1,38.02504677511902,-84.46585777512426,14720.0,runner,4,,,,,,,,,
runner_1,38.02487006008501,-84.46615423075679,14726.0,runner,4,,,,,,,,,
runner_1,38.02469334505099,-84.4664506863893,14732.0,runner,4,,,,,,,,,
runner_1,38.024516630016976,-84.46674714202182,14737.0,runner,4,,,,,,,,,
runner_1,38.024329307507884,-84.46703073579559,14743.0,runner,4,,,,,,,,,
runner_1,38.02410413701326,-84.4672684378336,14749.0,runner,4,,,,,,,,,
runner_1,38.02387896651864,-84.4675061398716,14754.0,runner,4,,,,,,,,,
runner_1,38.02365379602401,-84.46774384190961,14760.0,runner,4,,,,,,,,,
runner_1,38.023428625529384,-84.46798154394763,14765.0,runner,4,,,,,,,,,
runner_1,38.02320345503476,-84.46821924598564,14771.0,runner,4,,,,,,,,,
runner_1,38.02297828454014,-84.46845694802364,14776.0,runner,4,,,,,,,,,
runner_1,38.02275311404551,-84.46869465006165,14782.0,runner,4,,,,,,,,,
runner_1,38.022527943550884,-84.46893235209967,14787.0,runner,4,,,,,,,,,
runner_1,38.02250809559787,-84.46912267439926,14790.0,runner,4,,,,,,,,,
runner_1,38.0227847606833,-84.46924457405959,14795.0,runner,4,,,,,,,,,
runner_1,38.02304700074746,-84.46940952107451,14800.0,runner,4,,,,,,,,,
runner_1,38.0233080596632,-84.46957799288944,14806.0,runner,4,,,,,,,,,
runner_1,38.02356911857893,-84.46974646470437,14811.0,runner,4,,,,,,,,,
runner_1,38.023830177494666,-84.46991493651929,14816.0,runner,4,,,,,,,,,
runner_1,38.02408867217915,-84.4700867294791,14821.0,runner,4,,,,,,,,,
runner_1,38.02422659553642,-84.47041468419167,14827.0,runner,4,,,,,,,,,
runner_1,38.02436451889369,-84.47074263890424,14833.0,runner,4,,,,,,,,,
runner_1,38.02450244225096,-84.4710705936168,14839.0,runner,4,,,,,,,,,
runner_1,38.024640365608235,-84.47139854832938,14845.0,runner,4,,,,,,,,,
runner_1,38.02477828896551,-84.47172650304194,14851.0,runner,4,,,,,,,,,
runner_1,38.02491621232278,-84.47205445775451,14857.0,runner,4,,,,,,,,,
runner_1,38.02477828896551,-84.47172650304194,14863.0,runner,4,,,,,,,,,
runner_1,38.024640365608235,-84.47139854832938,14869.0,runner,4,,,,,,,,,
runner_1,38.02450244225096,-84.4710705936168,14875.0,runner,4,,,,,,,,,
runner_1,38.02436451889369,-84.47074263890424,14881.0,runner,4,,,,,,,,,
runner_1,38.02422659553642,-84.47041468419167,14887.0,runner,4,,,,,,,,,
runner_1,38.02408867217915,-84.4700867294791,14893.0,runner,4,,,,,,,,,
runner_1,38.023830177494666,-84.46991493651929,14898.0,runner,4,,,,,,,,,
runner_1,38.02356911857893,-84.46974646470437,14903.0,runner,4,,,,,,,,,
runner_1,38.0233080596632,-84.46957799288944,14909.0,runner,4,,,,,,,,,
runner_1,38.02304700074746,-84.46940952107451,14914.0,runner,4,,,,,,,,,
runner_1,38.0227847606833,-84.46924457405959,14919.0,runner,4,,,,,,,,,
runner_1,38.02250809559787,-84.46912267439926,14924.0,runner,4,,,,,,,,,
runner_1,38.022527943550884,-84.46893235209967,14927.0,runner,4,,,,,,,,,
runner_1,38.02275311404551,-84.46869465006165,14933.0,runner,4,,,,,,,,,
runner_1,38.02297828454014,-84.46845694802364,14938.0,runner,4,,,,,,,,,
runner_1,38.02320345503476,-84.46821924598564,14944.0,runner,4,,,,,,,,,
runner_1,38.023428625529384,-84.46798154394763,14949.0,runner,4,,,,,,,,,
runner_1,38.02365379602401,-84.46774384190961,14955.0,runner,4,,,,,,,,,
runner_1,38.02387896651864,-84.4675061398716,14960.0,runner,4,,,,,,,,,
runner_1,38.02410413701326,-84.4672684378336,14966.0,runner,4,,,,,,,,,
runner_1,38.024329307507884,-84.46703073579559,14971.0,runner,4,,,,,,,,,
runner_1,38.024516630016976,-84.46674714202182,14977.0,runner,4,,,,,,,,,
runner_1,38.02469334505099,-84.4664506863893,14983.0,runner,4,,,,,,,,,
runner_1,38.02487006008501,-84.46615423075679,14989.0,runner,4,,,,,,,,,
runner_1,38.02504677511902,-84.46585777512426,14994.0,runner,4,,,,,,,,,
runner_1,38.02525798622544,-84.46562593134438,15000.0,runner,4,,,,,,,,,
runner_1,38.025540368765746,-84.46552739312297,15005.0,runner,4,,,,,,,,,
runner_1,38.02582275130605,-84.46542885490156,15010.0,runner,4,,,,,,,,,
runner_1,38.02610513384636,-84.46533031668015,15015.0,runner,4,,,,,,,,,
runner_1,38.02637936666449,-84.46537020680762,15019.0,runner,4,,,,,,,,,
runner_1,38.02664707383,-84.4655209394031,15025.0,runner,4,,,,,,,,,
runner_1,38.026914780995504,-84.46567167199859,15030.0,runner,4,,,,,,,,,
runner_1,38.02718248816101,-84.46582240459409,15035.0,runner,4,,,,,,,,,
runner_1,38.027450195326516,-84.46597313718958,15040.0,runner,4,,,,,,,,,
runner_1,38.02771790249202,-84.46612386978506,15045.0,runner,4,,,,,,,,,
runner_1,38.027985609657534,-84.46627460238055,15050.0,runner,4,,,,,,,,,
runner_1,38.02825331682304,-84.46642533497604,15055.0,runner,4,,,,,,,,,
runner_1,38.02854411583699,-84.46643446747252,15060.0,runner,4,,,,,,,,,
runner_1,38.02883696025459,-84.46643105747557,15065.0,runner,4,,,,,,,,,
runner_1,38.026391551516966,-84.46814347235242,15115.0,runner,4,,,,,,,,,
runner_1,38.0265466275618,-84.46845884704874,15121.0,runner,4,,,,,,,,,
runner_1,38.02670170360664,-84.46877422174504,15127.0,runner,4,,,,,,,,,
runner_1,38.02685677965148,-84.46908959644135,15133.0,runner,4,,,,,,,,,
runner_1,38.027011855696315,-84.46940497113766,15139.0,runner,4,,,,,,,,,
runner_1,38.027202562026105,-84.46967624119414,15145.0,runner,4,,,,,,,,,
runner_1,38.027447,-84.469881,15150.0,runner,4,,,,,,,,,
runner_1,38.027447,-84.469881,15210.0,runner,clubhouse,,,,,,,,,
runner_1,38.027447,-84.469881,15270.0,runner,clubhouse,,,,,,,,,
runner_1,38.027447,-84.469881,15330.0,runner,clubhouse,,,,,,,,,
runner_1,38.027447,-84.469881,16510.0,runner,4,,,,,,,,,
runner_1,38.027202562026105,-84.46967624119414,16515.0,runner,4,,,,,,,,,
runner_1,38.027011855696315,-84.46940497113766,16521.0,runner,4,,,,,,,,,
runner_1,38.02685677965148,-84.46908959644135,16527.0,runner,4,,,,,,,,,
runner_1,38.02670170360664,-84.46877422174504,16533.0,runner,4,,,,,,,,,
runner_1,38.0265466275618,-84.46845884704874,16539.0,runner,4,,,,,,,,,
runner_1,38.026391551516966,-84.46814347235242,16545.0,runner,4,,,,,,,,,
runner_1,38.02883696025459,-84.46643105747557,16596.0,runner,4,,,,,,,,,
runner_1,38.02854411583699,-84.46643446747252,16601.0,runner,4,,,,,,,,,
runner_1,38.02825331682304,-84.46642533497604,16606.0,runner,4,,,,,,,,,
runner_1,38.027985609657534,-84.46627460238055,16611.0,runner,4,,,,,,,,,
runner_1,38.02771790249202,-84.46612386978506,16617.0,runner,4,,,,,,,,,
runner_1,38.027450195326516,-84.46597313718958,16622.0,runner,4,,,,,,,,,
runner_1,38.02718248816101,-84.46582240459409,16627.0,runner,4,,,,,,,,,
runner_1,38.026914780995504,-84.46567167199859,16632.0,runner,4,,,,,,,,,
runner_1,38.02664707383,-84.4655209394031,16638.0,runner,4,,,,,,,,,
runner_1,38.02637936666449,-84.46537020680762,16643.0,runner,4,,,,,,,,,
runner_1,38.02610513384636,-84.46533031668015,16648.0,runner,4,,,,,,,,,
runner_1,38.02582275130605,-84.46542885490156,16653.0,runner,4,,,,,,,,,
runner_1,38.025540368765746,-84.46552739312297,16658.0,runner,4,,,,,,,,,
runner_1,38.02525798622544,-84.46562593134438,16663.0,runner,4,,,,,,,,,
runner_1,38.02504677511902,-84.46585777512426,16668.0,runner,4,,,,,,,,,
runner_1,38.02487006008501,-84.46615423075679,16674.0,runner,4,,,,,,,,,
runner_1,38.02469334505099,-84.4664506863893,16680.0,runner,4,,,,,,,,,
runner_1,38.02487006008501,-84.46615423075679,16686.0,runner,4,,,,,,,,,
runner_1,38.02504677511902,-84.46585777512426,16692.0,runner,4,,,,,,,,,
runner_1,38.02525798622544,-84.46562593134438,16697.0,runner,4,,,,,,,,,
runner_1,38.025540368765746,-84.46552739312297,16702.0,runner,4,,,,,,,,,
runner_1,38.02582275130605,-84.46542885490156,16707.0,runner,4,,,,,,,,,
runner_1,38.02610513384636,-84.46533031668015,16712.0,runner,4,,,,,,,,,
runner_1,38.02637936666449,-84.46537020680762,16717.0,runner,4,,,,,,,,,
runner_1,38.02664707383,-84.4655209394031,16722.0,runner,4,,,,,,,,,
runner_1,38.026914780995504,-84.46567167199859,16728.0,runner,4,,,,,,,,,
runner_1,38.02718248816101,-84.46582240459409,16733.0,runner,4,,,,,,,,,
runner_1,38.027450195326516,-84.46597313718958,16738.0,runner,4,,,,,,,,,
runner_1,38.02771790249202,-84.46612386978506,16743.0,runner,4,,,,,,,,,
runner_1,38.027985609657534,-84.46627460238055,16749.0,runner,4,,,,,,,,,
runner_1,38.02825331682304,-84.46642533497604,16754.0,runner,4,,,,,,,,,
runner_1,38.02854411583699,-84.46643446747252,16759.0,runner,4,,,,,,,,,
runner_1,38.02883696025459,-84.46643105747557,16764.0,runner,4,,,,,,,,,
runner_1,38.026391551516966,-84.46814347235242,16815.0,runner,4,,,,,,,,,
runner_1,38.0265466275618,-84.46845884704874,16821.0,runner,4,,,,,,,,,
runner_1,38.02670170360664,-84.46877422174504,16827.0,runner,4,,,,,,,,,
runner_1,38.02685677965148,-84.46908959644135,16833.0,runner,4,,,,,,,,,
runner_1,38.027011855696315,-84.46940497113766,16839.0,runner,4,,,,,,,,,
runner_1,38.027202562026105,-84.46967624119414,16845.0,runner,4,,,,,,,,,
runner_1,38.027447,-84.469881,16850.0,runner,4,,,,,,,,,
runner_1,38.027447,-84.469881,17455.0,runner,4,,,,,,,,,
runner_1,38.027202562026105,-84.46967624119414,17460.0,runner,4,,,,,,,,,
runner_1,38.027011855696315,-84.46940497113766,17466.0,runner,4,,,,,,,,,
runner_1,38.02685677965148,-84.46908959644135,17471.0,runner,4,,,,,,,,,
runner_1,38.02670170360664,-84.46877422174504,17477.0,runner,4,,,,,,,,,
runner_1,38.0265466275618,-84.46845884704874,17483.0,runner,4,,,,,,,,,
runner_1,38.026391551516966,-84.46814347235242,17488.0,runner,4,,,,,,,,,
runner_1,38.02627861556047,-84.4678017921503,17494.0,runner,4,,,,,,,,,
runner_1,38.026176529122345,-84.46745333925074,17500.0,runner,4,,,,,,,,,
runner_1,38.02607444268422,-84.46710488635118,17506.0,runner,4,,,,,,,,,
runner_1,38.02597235624609,-84.46675643345164,17512.0,runner,4,,,,,,,,,
runner_1,38.02587026980797,-84.46640798055208,17518.0,runner,4,,,,,,,,,
runner_1,38.02576818336984,-84.46605952765252,17524.0,runner,4,,,,,,,,,
runner_1,38.025666096931715,-84.46571107475296,17530.0,runner,4,,,,,,,,,
runner_1,38.02556401049359,-84.4653626218534,17536.0,runner,4,,,,,,,,,
runner_1,38.025494714392714,-84.46504287201797,17541.0,runner,4,,,,,,,,,
runner_1,38.025787563140675,-84.46504012614442,17546.0,runner,4,,,,,,,,,
runner_1,38.02608041188864,-84.46503738027086,17551.0,runner,4,,,,,,,,,
runner_1,38.02637326063661,-84.4650346343973,17555.0,runner,4,,,,,,,,,
runner_1,38.02666502555619,-84.46505119919976,17560.0,runner,4,,,,,,,,,
runner_1,38.02695460921009,-84.46510662782572,17565.0,runner,4,,,,,,,,,
runner_1,38.027244192863975,-84.46516205645167,17570.0,runner,4,,,,,,,,,
runner_1,38.02753377651786,-84.46521748507763,17574.0,runner,4,,,,,,,,,
runner_1,38.02782336017175,-84.46527291370359,17579.0,runner,4,,,,,,,,,
runner_1,38.02811294382565,-84.46532834232956,17584.0,runner,4,,,,,,,,,
runner_1,38.02782336017175,-84.46527291370359,17589.0,runner,4,,,,,,,,,
runner_1,38.02753377651786,-84.46521748507763,17594.0,runner,4,,,,,,,,,
runner_1,38.027244192863975,-84.46516205645167,17599.0,runner,4,,,,,,,,,
runner_1,38.02695460921009,-84.46510662782572,17603.0,runner,4,,,,,,,,,
runner_1,38.02666502555619,-84.46505119919976,17608.0,runner,4,,,,,,,,,
runner_1,38.02637326063661,-84.4650346343973,17613.0,runner,4,,,,,,,,,
runner_1,38.02608041188864,-84.46503738027086,17618.0,runner,4,,,,,,,,,
runner_1,38.025787563140675,-84.46504012614442,17623.0,runner,4,,,,,,,,,
runner_1,38.025494714392714,-84.46504287201797,17627.0,runner,4,,,,,,,,,
runner_1,38.02556401049359,-84.4653626218534,17633.0,runner,4,,,,,,,,,
runner_1,38.025666096931715,-84.46571107475296,17639.0,runner,4,,,,,,,,,
runner_1,38.02576818336984,-84.46605952765252,17645.0,runner,4,,,,,,,,,
runner_1,38.02587026980797,-84.46640798055208,17651.0,runner,4,,,,,,,,,
runner_1,38.02597235624609,-84.46675643345164,17657.0,runner,4,,,,,,,,,
runner_1,38.02607444268422,-84.46710488635118,17662.0,runner,4,,,,,,,,,
runner_1,38.026176529122345,-84.46745333925074,17668.0,runner,4,,,,,,,,,
runner_1,38.02627861556047,-84.4678017921503,17674.0,runner,4,,,,,,,,,
runner_1,38.026391551516966,-84.46814347235242,17680.0,runner,4,,,,,,,,,
runner_1,38.0265466275618,-84.46845884704874,17686.0,runner,4,,,,,,,,,
runner_1,38.02670170360664,-84.46877422174504,17692.0,runner,4,,,,,,,,,
runner_1,38.02685677965148,-84.46908959644135,17698.0,runner,4,,,,,,,,,
runner_1,38.027011855696315,-84.46940497113766,17703.0,runner,4,,,,,,,,,
runner_1,38.027202562026105,-84.46967624119414,17709.0,runner,4,,,,,,,,,
runner_1,38.027447,-84.469881,17714.0,runner,4,,,,,,,,,
runner_1,38.027447,-84.469881,17774.0,runner,clubhouse,,,,,,,,,
runner_1,38.027447,-84.469881,17834.0,runner,clubhouse,,,,,,,,,
runner_1,38.027447,-84.469881,17894.0,runner,clubhouse,,,,,,,,,
runner_1,38.027447,-84.469881,17954.0,runner,clubhouse,,,,,,,,,
runner_1,38.027447,-84.469881,18014.0,runner,clubhouse,,,,,,,,,
runner_1,38.027447,-84.469881,18074.0,runner,clubhouse,,,,,,,,,
runner_1,38.027447,-84.469881,18134.0,runner,clubhouse,,,,,,,,,
runner_1,38.027447,-84.469881,18194.0,runner,clubhouse,,,,,,,,,
runner_1,38.027447,-84.469881,18254.0,runner,clubhouse,,,,,,,,,
runner_1,38.027447,-84.469881,18820.0,runner,4,,,,,,,,,
runner_1,38.02754627606764,-84.46962578282717,18824.0,runner,4,,,,,,,,,
runner_1,38.02744283462056,-84.4692779685763,18830.0,runner,4,,,,,,,,,
runner_1,38.02733939317348,-84.46893015432545,18836.0,runner,4,,,,,,,,,
runner_1,38.0272359517264,-84.46858234007459,18841.0,runner,4,,,,,,,,,
runner_1,38.027132510279316,-84.46823452582373,18847.0,runner,4,,,,,,,,,
runner_1,38.027029068832235,-84.46788671157287,18853.0,runner,4,,,,,,,,,
runner_1,38.026925627385154,-84.46753889732202,18858.0,runner,4,,,,,,,,,
runner_1,38.02682218593807,-84.46719108307117,18864.0,runner,4,,,,,,,,,
runner_1,38.026707885382585,-84.46684997010087,18870.0,runner,4,,,,,,,,,
runner_1,38.0265563489919,-84.46653183579225,18875.0,runner,4,,,,,,,,,
runner_1,38.02640481260122,-84.46621370148365,18881.0,runner,4,,,,,,,,,
runner_1,38.02625327621054,-84.46589556717504,18886.0,runner,4,,,,,,,,,
runner_1,38.026097865476636,-84.4655806681031,18892.0,runner,4,,,,,,,,,
runner_1,38.02592778516153,-84.46527801873756,18897.0,runner,4,,,,,,,,,
runner_1,38.02575770484643,-84.46497536937204,18903.0,runner,4,,,,,,,,,
runner_1,38.02580429978306,-84.46478189846547,18906.0,runner,4,,,,,,,,,
runner_1,38.02609158193444,-84.46470970518055,18910.0,runner,4,,,,,,,,,
runner_1,38.02637886408582,-84.46463751189565,18915.0,runner,4,,,,,,,,,
runner_1,38.0266661462372,-84.46456531861072,18920.0,runner,4,,,,,,,,,
runner_1,38.02695342838857,-84.4644931253258,18924.0,runner,4,,,,,,,,,
runner_1,38.02723262500985,-84.46440936561527,18929.0,runner,4,,,,,,,,,
runner_1,38.02732323296244,-84.46405582806928,18935.0,runner,4,,,,,,,,,
runner_1,38.027413840915024,-84.46370229052329,18940.0,runner,4,,,,,,,,,
runner_1,38.02755613921936,-84.46339199540722,18946.0,runner,4,,,,,,,,,
runner_1,38.02777631020529,-84.46314684598785,18951.0,runner,4,,,,,,,,,
runner_1,38.027996481191224,-84.4629016965685,18956.0,runner,4,,,,,,,,,
runner_1,38.028216652177164,-84.46265654714912,18961.0,runner,4,,,,,,,,,
runner_1,38.0284368231631,-84.46241139772975,18966.0,runner,4,,,,,,,,,
runner_1,38.02865699414903,-84.4621662483104,18971.0,runner,4,,,,,,,,,
runner_1,38.02887716513497,-84.46192109889103,18977.0,runner,4,,,,,,,,,
runner_1,38.029097336120905,-84.46167594947165,18982.0,runner,4,,,,,,,,,
runner_1,38.02932048603734,-84.46143527844885,18987.0,runner,4,,,,,,,,,
runner_1,38.02954781666501,-84.4612008925283,18992.0,runner,4,,,,,,,,,
runner_1,38.029775147292675,-84.46096650660775,18997.0,runner,4,,,,,,,,,
runner_1,38.03000247792034,-84.46073212068718,19002.0,runner,4,,,,,,,,,
runner_1,38.03022980854801,-84.46049773476663,19007.0,runner,4,,,,,,,,,
runner_1,38.03028198771919,-84.46029007968264,19011.0,runner,4,,,,,,,,,
runner_1,38.030017377451664,-84.46013077159431,19015.0,runner,4,,,,,,,,,
runner_1,38.02974997117584,-84.46003134117494,19020.0,runner,4,,,,,,,,,
runner_1,38.027447,-84.469881,19080.0,runner,clubhouse,,,,,,,,,
runner_1,38.03028720182882,-84.46573463791665,19110.0,runner,4,,,,,,,,,
runner_1,38.030554050933496,-84.46588780916554,19114.0,runner,4,,,,,,,,,
runner_1,38.0308144451061,-84.46601508231271,19119.0,runner,4,,,,,,,,,
runner_1,38.030554050933496,-84.46588780916554,19124.0,runner,4,,,,,,,,,
runner_1,38.03028720182882,-84.46573463791665,19128.0,runner,4,,,,,,,,,
runner_1,38.02974997117584,-84.46003134117494,19218.0,runner,4,,,,,,,,,
runner_1,38.030017377451664,-84.46013077159431,19223.0,runner,4,,,,,,,,,
runner_1,38.03028198771919,-84.46029007968264,19228.0,runner,4,,,,,,,,,
runner_1,38.03022980854801,-84.46049773476663,19231.0,runner,4,,,,,,,,,
runner_1,38.03000247792034,-84.46073212068718,19236.0,runner,4,,,,,,,,,
runner_1,38.029775147292675,-84.46096650660775,19241.0,runner,4,,,,,,,,,
runner_1,38.02954781666501,-84.4612008925283,19246.0,runner,4,,,,,,,,,
runner_1,38.02932048603734,-84.46143527844885,19252.0,runner,4,,,,,,,,,
runner_1,38.029097336120905,-84.46167594947165,19257.0,runner,4,,,,,,,,,
runner_1,38.02887716513497,-84.46192109889103,19262.0,runner,4,,,,,,,,,
runner_1,38.02865699414903,-84.4621662483104,19267.0,runner,4,,,,,,,,,
runner_1,38.0284368231631,-84.46241139772975,19272.0,runner,4,,,,,,,,,
runner_1,38.028216652177164,-84.46265654714912,19277.0,runner,4,,,,,,,,,
runner_1,38.027996481191224,-84.4629016965685,19283.0,runner,4,,,,,,,,,
runner_1,38.02777631020529,-84.46314684598785,19288.0,runner,4,,,,,,,,,
runner_1,38.02755613921936,-84.46339199540722,19293.0,runner,4,,,,,,,,,
runner_1,38.027413840915024,-84.46370229052329,19298.0,runner,4,,,,,,,,,
runner_1,38.02732323296244,-84.46405582806928,19304.0,runner,4,,,,,,,,,
runner_1,38.02723262500985,-84.46440936561527,19310.0,runner,4,,,,,,,,,
runner_1,38.02695342838857,-84.4644931253258,19314.0,runner,4,,,,,,,,,
runner_1,38.0266661462372,-84.46456531861072,19319.0,runner,4,,,,,,,,,
runner_1,38.02637886408582,-84.46463751189565,19324.0,runner,4,,,,,,,,,
runner_1,38.02609158193444,-84.46470970518055,19328.0,runner,4,,,,,,,,,
runner_1,38.02580429978306,-84.46478189846547,19333.0,runner,4,,,,,,,,,
runner_1,38.02575770484643,-84.46497536937204,19336.0,runner,4,,,,,,,,,
runner_1,38.02592778516153,-84.46527801873756,19342.0,runner,4,,,,,,,,,
runner_1,38.026097865476636,-84.4655806681031,19347.0,runner,4,,,,,,,,,
runner_1,38.02625327621054,-84.46589556717504,19353.0,runner,4,,,,,,,,,
runner_1,38.02640481260122,-84.46621370148365,19358.0,runner,4,,,,,,,,,
runner_1,38.0265563489919,-84.46653183579225,19364.0,runner,4,,,,,,,,,
runner_1,38.026707885382585,-84.46684997010087,19369.0,runner,4,,,,,,,,,
runner_1,38.02682218593807,-84.46719108307117,19375.0,runner,4,,,,,,,,,
runner_1,38.026925627385154,-84.46753889732202,19380.0,runner,4,,,,,,,,,
runner_1,38.027029068832235,-84.46788671157287,19386.0,runner,4,,,,,,,,,
runner_1,38.027132510279316,-84.46823452582373,19392.0,runner,4,,,,,,,,,
runner_1,38.0272359517264,-84.46858234007459,19398.0,runner,4,,,,,,,,,
runner_1,38.02733939317348,-84.46893015432545,19403.0,runner,4,,,,,,,,,
runner_1,38.02744283462056,-84.4692779685763,19409.0,runner,4,,,,,,,,,
runner_1,38.02754627606764,-84.46962578282717,19415.0,runner,4,,,,,,,,,
runner_1,38.027447,-84.469881,19419.0,runner,4,,,,,,,,,
runner_1,38.027447,-84.469881,20265.0,runner,4,,,,,,,,,
runner_1,38.027202562026105,-84.46967624119414,20270.0,runner,4,,,,,,,,,
runner_1,38.027011855696315,-84.46940497113766,20276.0,runner,4,,,,,,,,,
runner_1,38.02685677965148,-84.46908959644135,20282.0,runner,4,,,,,,,,,
runner_1,38.02670170360664,-84.46877422174504,20288.0,runner,4,,,,,,,,,
runner_1,38.0265466275618,-84.46845884704874,20294.0,runner,4,,,,,,,,,
runner_1,38.026391551516966,-84.46814347235242,20300.0,runner,4,,,,,,,,,
runner_1,38.02883696025459,-84.46643105747557,20351.0,runner,4,,,,,,,,,
runner_1,38.02854411583699,-84.46643446747252,20356.0,runner,4,,,,,,,,,
runner_1,38.02825331682304,-84.46642533497604,20360.0,runner,4,,,,,,,,,
runner_1,38.027985609657534,-84.46627460238055,20366.0,runner,4,,,,,,,,,
runner_1,38.02771790249202,-84.46612386978506,20371.0,runner,4,,,,,,,,,
runner_1,38.027450195326516,-84.46597313718958,20376.0,runner,4,,,,,,,,,
runner_1,38.02718248816101,-84.46582240459409,20381.0,runner,4,,,,,,,,,
runner_1,38.026914780995504,-84.46567167199859,20387.0,runner,4,,,,,,,,,
runner_1,38.02664707383,-84.4655209394031,20392.0,runner,4,,,,,,,,,
runner_1,38.02637936666449,-84.46537020680762,20397.0,runner,4,,,,,,,,,
runner_1,38.02610513384636,-84.46533031668015,20402.0,runner,4,,,,,,,,,
runner_1,38.02582275130605,-84.46542885490156,20407.0,runner,4,,,,,,,,,
runner_1,38.025540368765746,-84.46552739312297,20412.0,runner,4,,,,,,,,,
runner_1,38.02525798622544,-84.46562593134438,20417.0,runner,4,,,,,,,,,
runner_1,38.02504677511902,-84.46585777512426,20422.0,runner,4,,,,,,,,,
runner_1,38.02487006008501,-84.46615423075679,20428.0,runner,4,,,,,,,,,
runner_1,38.02469334505099,-84.4664506863893,20434.0,runner,4,,,,,,,,,
runner_1,38.024516630016976,-84.46674714202182,20440.0,runner,4,,,,,,,,,
runner_1,38.024329307507884,-84.46703073579559,20446.0,runner,4,,,,,,,,,
runner_1,38.02410413701326,-84.4672684378336,20451.0,runner,4,,,,,,,,,
runner_1,38.02387896651864,-84.4675061398716,20457.0,runner,4,,,,,,,,,
runner_1,38.02365379602401,-84.46774384190961,20462.0,runner,4,,,,,,,,,
runner_1,38.023428625529384,-84.46798154394763,20468.0,runner,4,,,,,,,,,
runner_1,38.02320345503476,-84.46821924598564,20473.0,runner,4,,,,,,,,,
runner_1,38.02297828454014,-84.46845694802364,20479.0,runner,4,,,,,,,,,
runner_1,38.02275311404551,-84.46869465006165,20484.0,runner,4,,,,,,,,,
runner_1,38.022527943550884,-84.46893235209967,20490.0,runner,4,,,,,,,,,
runner_1,38.02250809559787,-84.46912267439926,20493.0,runner,4,,,,,,,,,
runner_1,38.0227847606833,-84.46924457405959,20498.0,runner,4,,,,,,,,,
runner_1,38.02304700074746,-84.46940952107451,20504.0,runner,4,,,,,,,,,
runner_1,38.0233080596632,-84.46957799288944,20509.0,runner,4,,,,,,,,,
runner_1,38.02356911857893,-84.46974646470437,20514.0,runner,4,,,,,,,,,
runner_1,38.023830177494666,-84.46991493651929,20519.0,runner,4,,,,,,,,,
runner_1,38.02408867217915,-84.4700867294791,20525.0,runner,4,,,,,,,,,
runner_1,38.02422659553642,-84.47041468419167,20531.0,runner,4,,,,,,,,,
runner_1,38.02436451889369,-84.47074263890424,20537.0,runner,4,,,,,,,,,
runner_1,38.02450244225096,-84.4710705936168,20543.0,runner,4,,,,,,,,,
runner_1,38.024640365608235,-84.47139854832938,20549.0,runner,4,,,,,,,,,
runner_1,38.02477828896551,-84.47172650304194,20555.0,runner,4,,,,,,,,,
runner_1,38.02491621232278,-84.47205445775451,20561.0,runner,4,,,,,,,,,
runner_1,38.02505413568005,-84.47238241246707,20567.0,runner,4,,,,,,,,,
runner_1,38.025278899056985,-84.47258808504574,20572.0,runner,4,,,,,,,,,
runner_1,38.02555709154953,-84.47257705401765,20577.0,runner,4,,,,,,,,,
runner_1,38.02583934778024,-84.47247793374599,20582.0,runner,4,,,,,,,,,
runner_1,38.02612160401096,-84.47237881347434,20587.0,runner,4,,,,,,,,,
runner_1,38.02640386024167,-84.4722796932027,20592.0,runner,4,,,,,,,,,
runner_1,38.02668611647238,-84.47218057293104,20597.0,runner,4,,,,,,,,,
runner_1,38.02678243981026,-84.47202860408251,20600.0,runner,4,,,,,,,,,
runner_1,38.026563435644626,-84.4717818802997,20606.0,runner,4,,,,,,,,,
runner_1,38.02634885610211,-84.4715288746527,20612.0,runner,4,,,,,,,,,
runner_1,38.02613427655959,-84.4712758690057,20617.0,runner,4,,,,,,,,,
runner_1,38.025919697017066,-84.4710228633587,20623.0,runner,4,,,,,,,,,
runner_1,38.02570511747455,-84.47076985771169,20628.0,runner,4,,,,,,,,,
runner_1,38.02549053793203,-84.47051685206469,20634.0,runner,4,,,,,,,,,
runner_1,38.02526317920933,-84.4702884887633,20640.0,runner,4,,,,,,,,,
runner_1,38.0249952935862,-84.47013827428472,20645.0,runner,4,,,,,,,,,
runner_1,38.02472740796308,-84.46998805980614,20650.0,runner,4,,,,,,,,,
runner_1,38.024459522339946,-84.46983784532756,20655.0,runner,4,,,,,,,,,
runner_1,38.024191636716814,-84.46968763084898,20660.0,runner,4,,,,,,,,,
runner_1,38.02392375109368,-84.4695374163704,20666.0,runner,4,,,,,,,,,
runner_1,38.02365586547056,-84.46938720189182,20671.0,runner,4,,,,,,,,,
runner_1,38.02338797984743,-84.46923698741324,20676.0,runner,4,,,,,,,,,
runner_1,38.023120094224296,-84.46908677293466,20681.0,runner,4,,,,,,,,,
runner_1,38.02325287292604,-84.46895459002404,20684.0,runner,4,,,,,,,,,
runner_1,38.023533488405725,-84.46885431220558,20689.0,runner,4,,,,,,,,,
runner_1,38.02382325517176,-84.46880045015152,20694.0,runner,4,,,,,,,,,
runner_1,38.0241130219378,-84.46874658809746,20699.0,runner,4,,,,,,,,,
runner_1,38.02440278870384,-84.4686927260434,20704.0,runner,4,,,,,,,,,
runner_1,38.024692555469876,-84.46863886398934,20709.0,runner,4,,,,,,,,,
runner_1,38.02498232223591,-84.46858500193528,20714.0,runner,4,,,,,,,,,
runner_1,38.025073532373966,-84.46844706466678,20717.0,runner,4,,,,,,,,,
runner_1,38.0248672597656,-84.46818316370741,20723.0,runner,4,,,,,,,,,
runner_1,38.02466098715723,-84.46791926274804,20729.0,runner,4,,,,,,,,,
runner_1,38.02482238831767,-84.46790083513027,20731.0,runner,4,,,,,,,,,
runner_1,38.02511056304286,-84.46796704648648,20736.0,runner,4,,,,,,,,,
runner_1,38.02539873776804,-84.4680332578427,20741.0,runner,4,,,,,,,,,
runner_1,38.02564105472762,-84.46819992052676,20746.0,runner,4,,,,,,,,,
runner_1,38.0258295778387,-84.4684844185096,20752.0,runner,4,,,,,,,,,
runner_1,38.02601810094978,-84.46876891649245,20758.0,runner,4,,,,,,,,,
runner_1,38.0258295778387,-84.4684844185096,20764.0,runner,4,,,,,,,,,
runner_1,38.02564105472762,-84.46819992052676,20770.0,runner,4,,,,,,,,,
runner_1,38.02539873776804,-84.4680332578427,20775.0,runner,4,,,,,,,,,
runner_1,38.02511056304286,-84.46796704648648,20780.0,runner,4,,,,,,,,,
runner_1,38.02482238831767,-84.46790083513027,20785.0,runner,4,,,,,,,,,
runner_1,38.02466098715723,-84.46791926274804,20787.0,runner,4,,,,,,,,,
runner_1,38.0248672597656,-84.46818316370741,20793.0,runner,4,,,,,,,,,
runner_1,38.025073532373966,-84.46844706466678,20799.0,runner,4,,,,,,,,,
runner_1,38.02498232223591,-84.46858500193528,20802.0,runner,4,,,,,,,,,
runner_1,38.024692555469876,-84.46863886398934,20807.0,runner,4,,,,,,,,,
runner_1,38.02440278870384,-84.4686927260434,20812.0,runner,4,,,,,,,,,
runner_1,38.0241130219378,-84.46874658809746,20817.0,runner,4,,,,,,,,,
runner_1,38.02382325517176,-84.46880045015152,20822.0,runner,4,,,,,,,,,
runner_1,38.023533488405725,-84.46885431220558,20827.0,runner,4,,,,,,,,,
runner_1,38.02325287292604,-84.46895459002404,20832.0,runner,4,,,,,,,,,
runner_1,38.023120094224296,-84.46908677293466,20835.0,runner,4,,,,,,,,,
runner_1,38.02338797984743,-84.46923698741324,20840.0,runner,4,,,,,,,,,
runner_1,38.02365586547056,-84.46938720189182,20845.0,runner,4,,,,,,,,,
runner_1,38.02392375109368,-84.4695374163704,20850.0,runner,4,,,,,,,,,
runner_1,38.024191636716814,-84.46968763084898,20856.0,runner,4,,,,,,,,,
runner_1,38.024459522339946,-84.46983784532756,20861.0,runner,4,,,,,,,,,
runner_1,38.02472740796308,-84.46998805980614,20866.0,runner,4,,,,,,,,,
runner_1,38.0249952935862,-84.47013827428472,20871.0,runner,4,,,,,,,,,
runner_1,38.02526317920933,-84.4702884887633,20876.0,runner,4,,,,,,,,,
runner_1,38.02549053793203,-84.47051685206469,20882.0,runner,4,,,,,,,,,
runner_1,38.02570511747455,-84.47076985771169,20888.0,runner,4,,,,,,,,,
runner_1,38.025919697017066,-84.4710228633587,20893.0,runner,4,,,,,,,,,
runner_1,38.02613427655959,-84.4712758690057,20899.0,runner,4,,,,,,,,,
runner_1,38.02634885610211,-84.4715288746527,20904.0,runner,4,,,,,,,,,
runner_1,38.026563435644626,-84.4717818802997,20910.0,runner,4,,,,,,,,,
runner_1,38.02678243981026,-84.47202860408251,20916.0,runner,4,,,,,,,,,
runner_1,38.02668611647238,-84.47218057293104,20919.0,runner,4,,,,,,,,,
runner_1,38.02640386024167,-84.4722796932027,20924.0,runner,4,,,,,,,,,
runner_1,38.02612160401096,-84.47237881347434,20929.0,runner,4,,,,,,,,,
runner_1,38.02583934778024,-84.47247793374599,20934.0,runner,4,,,,,,,,,
runner_1,38.02555709154953,-84.47257705401765,20939.0,runner,4,,,,,,,,,
runner_1,38.025278899056985,-84.47258808504574,20944.0,runner,4,,,,,,,,,
runner_1,38.02505413568005,-84.47238241246707,20949.0,runner,4,,,,,,,,,
runner_1,38.02491621232278,-84.47205445775451,20955.0,runner,4,,,,,,,,,
runner_1,38.02477828896551,-84.47172650304194,20961.0,runner,4,,,,,,,,,
runner_1,38.024640365608235,-84.47139854832938,20967.0,runner,4,,,,,,,,,
runner_1,38.02450244225096,-84.4710705936168,20973.0,runner,4,,,,,,,,,
runner_1,38.02436451889369,-84.47074263890424,20979.0,runner,4,,,,,,,,,
runner_1,38.02422659553642,-84.47041468419167,20985.0,runner,4,,,,,,,,,
runner_1,38.02408867217915,-84.4700867294791,20991.0,runner,4,,,,,,,,,
runner_1,38.023830177494666,-84.46991493651929,20997.0,runner,4,,,,,,,,,
runner_1,38.02356911857893,-84.46974646470437,21002.0,runner,4,,,,,,,,,
runner_1,38.0233080596632,-84.46957799288944,21007.0,runner,4,,,,,,,,,
runner_1,38.02304700074746,-84.46940952107451,21012.0,runner,4,,,,,,,,,
runner_1,38.0227847606833,-84.46924457405959,21018.0,runner,4,,,,,,,,,
runner_1,38.02250809559787,-84.46912267439926,21023.0,runner,4,,,,,,,,,
runner_1,38.022527943550884,-84.46893235209967,21026.0,runner,4,,,,,,,,,
runner_1,38.02275311404551,-84.46869465006165,21032.0,runner,4,,,,,,,,,
runner_1,38.02297828454014,-84.46845694802364,21037.0,runner,4,,,,,,,,,
runner_1,38.02320345503476,-84.46821924598564,21043.0,runner,4,,,,,,,,,
runner_1,38.023428625529384,-84.46798154394763,21048.0,runner,4,,,,,,,,,
runner_1,38.02365379602401,-84.46774384190961,21054.0,runner,4,,,,,,,,,
runner_1,38.02387896651864,-84.4675061398716,21059.0,runner,4,,,,,,,,,
runner_1,38.02410413701326,-84.4672684378336,21065.0,runner,4,,,,,,,,,
runner_1,38.024329307507884,-84.46703073579559,21070.0,runner,4,,,,,,,,,
runner_1,38.024516630016976,-84.46674714202182,21076.0,runner,4,,,,,,,,,
runner_1,38.02469334505099,-84.4664506863893,21082.0,runner,4,,,,,,,,,
runner_1,38.02487006008501,-84.46615423075679,21088.0,runner,4,,,,,,,,,
runner_1,38.02504677511902,-84.46585777512426,21094.0,runner,4,,,,,,,,,
runner_1,38.02525798622544,-84.46562593134438,21099.0,runner,4,,,,,,,,,
runner_1,38.025540368765746,-84.46552739312297,21104.0,runner,4,,,,,,,,,
runner_1,38.02582275130605,-84.46542885490156,21109.0,runner,4,,,,,,,,,
runner_1,38.02610513384636,-84.46533031668015,21114.0,runner,4,,,,,,,,,
runner_1,38.02637936666449,-84.46537020680762,21119.0,runner,4,,,,,,,,,
runner_1,38.02664707383,-84.4655209394031,21124.0,runner,4,,,,,,,,,
runner_1,38.026914780995504,-84.46567167199859,21129.0,runner,4,,,,,,,,,
runner_1,38.02718248816101,-84.46582240459409,21135.0,runner,4,,,,,,,,,
runner_1,38.027450195326516,-84.46597313718958,21140.0,runner,4,,,,,,,,,
runner_1,38.02771790249202,-84.46612386978506,21145.0,runner,4,,,,,,,,,
runner_1,38.027985609657534,-84.46627460238055,21150.0,runner,4,,,,,,,,,
runner_1,38.02825331682304,-84.46642533497604,21156.0,runner,4,,,,,,,,,
runner_1,38.02854411583699,-84.46643446747252,21160.0,runner,4,,,,,,,,,
runner_1,38.02883696025459,-84.46643105747557,21165.0,runner,4,,,,,,,,,
runner_1,38.026391551516966,-84.46814347235242,21216.0,runner,4,,,,,,,,,
runner_1,38.0265466275618,-84.46845884704874,21222.0,runner,4,,,,,,,,,
runner_1,38.02670170360664,-84.46877422174504,21228.0,runner,4,,,,,,,,,
runner_1,38.02685677965148,-84.46908959644135,21234.0,runner,4,,,,,,,,,
runner_1,38.027011855696315,-84.46940497113766,21240.0,runner,4,,,,,,,,,
runner_1,38.027202562026105,-84.46967624119414,21246.0,runner,4,,,,,,,,,
runner_1,38.027447,-84.469881,21251.0,runner,4,,,,,,,,,
runner_1,38.027447,-84.469881,21311.0,runner,clubhouse,,,,,,,,,
runner_1,38.027447,-84.469881,21371.0,runner,clubhouse,,,,,,,,,
runner_1,38.027447,-84.469881,21431.0,runner,clubhouse,,,,,,,,,
runner_1,38.027447,-84.469881,21491.0,runner,clubhouse,,,,,,,,,
runner_1,38.027447,-84.469881,21551.0,runner,clubhouse,,,,,,,,,
runner_1,38.027447,-84.469881,21611.0,runner,clubhouse,,,,,,,,,
runner_1,38.027447,-84.469881,21671.0,runner,clubhouse,,,,,,,,,
runner_1,38.027447,-84.469881,21731.0,runner,clubhouse,,,,,,,,,
runner_1,38.027447,-84.469881,21791.0,runner,clubhouse,,,,,,,,,
runner_1,38.027447,-84.469881,21851.0,runner,clubhouse,,,,,,,,,
runner_1,38.027447,-84.469881,21911.0,runner,clubhouse,,,,,,,,,
runner_1,38.027447,-84.469881,21971.0,runner,clubhouse,,,,,,,,,
runner_1,38.027447,-84.469881,22031.0,runner,clubhouse,,,,,,,,,
runner_1,38.027447,-84.469881,22091.0,runner,clubhouse,,,,,,,,,
runner_1,38.027447,-84.469881,22151.0,runner,clubhouse,,,,,,,,,
runner_1,38.027447,-84.469881,22175.0,runner,4,,,,,,,,,
runner_1,38.027202562026105,-84.46967624119414,22180.0,runner,4,,,,,,,,,
runner_1,38.027011855696315,-84.46940497113766,22185.0,runner,4,,,,,,,,,
runner_1,38.02685677965148,-84.46908959644135,22191.0,runner,4,,,,,,,,,
runner_1,38.027011855696315,-84.46940497113766,22197.0,runner,4,,,,,,,,,
runner_1,38.027202562026105,-84.46967624119414,22202.0,runner,4,,,,,,,,,
runner_1,38.027447,-84.469881,22207.0,runner,4,,,,,,,,,
runner_1,38.027447,-84.469881,22267.0,runner,clubhouse,,,,,,,,,
runner_1,38.027447,-84.469881,22327.0,runner,clubhouse,,,,,,,,,
runner_1,38.027447,-84.469881,22387.0,runner,clubhouse,,,,,,,,,
runner_1,38.027447,-84.469881,22447.0,runner,clubhouse,,,,,,,,,
runner_1,38.027447,-84.469881,22507.0,runner,clubhouse,,,,,,,,,
runner_1,38.027447,-84.469881,22567.0,runner,clubhouse,,,,,,,,,
runner_1,38.027447,-84.469881,22627.0,runner,clubhouse,,,,,,,,,
runner_1,38.027447,-84.469881,22687.0,runner,clubhouse,,,,,,,,,
runner_1,38.027447,-84.469881,22747.0,runner,clubhouse,,,,,,,,,
runner_1,38.027447,-84.469881,22807.0,runner,clubhouse,,,,,,,,,
runner_1,38.027447,-84.469881,22867.0,runner,clubhouse,,,,,,,,,
runner_1,38.027447,-84.469881,22927.0,runner,clubhouse,,,,,,,,,
runner_1,38.027447,-84.469881,22987.0,runner,clubhouse,,,,,,,,,
runner_1,38.027447,-84.469881,23047.0,runner,clubhouse,,,,,,,,,
runner_1,38.027447,-84.469881,23107.0,runner,clubhouse,,,,,,,,,
runner_1,38.027447,-84.469881,23167.0,runner,clubhouse,,,,,,,,,
runner_1,38.027447,-84.469881,23227.0,runner,clubhouse,,,,,,,,,
runner_1,38.027447,-84.469881,23287.0,runner,clubhouse,,,,,,,,,
runner_1,38.027447,-84.469881,23347.0,runner,clubhouse,,,,,,,,,
runner_1,38.027447,-84.469881,23407.0,runner,clubhouse,,,,,,,,,
runner_1,38.027447,-84.469881,23467.0,runner,clubhouse,,,,,,,,,
runner_1,38.027447,-84.469881,23527.0,runner,clubhouse,,,,,,,,,
runner_1,38.027447,-84.469881,23587.0,runner,clubhouse,,,,,,,,,
runner_1,38.027447,-84.469881,23647.0,runner,clubhouse,,,,,,,,,
runner_1,38.027447,-84.469881,23707.0,runner,clubhouse,,,,,,,,,
runner_1,38.027447,-84.469881,23767.0,runner,clubhouse,,,,,,,,,
runner_1,38.027447,-84.469881,23827.0,runner,clubhouse,,,,,,,,,
runner_1,38.027447,-84.469881,23880.0,runner,18,,,,,,,,,
runner_1,38.027202562026105,-84.46967624119414,23885.0,runner,18,,,,,,,,,
runner_1,38.027011855696315,-84.46940497113766,23890.0,runner,18,,,,,,,,,
runner_1,38.02685677965148,-84.46908959644135,23896.0,runner,18,,,,,,,,,
runner_1,38.02670170360664,-84.46877422174504,23901.0,runner,18,,,,,,,,,
runner_1,38.0265466275618,-84.46845884704874,23906.0,runner,18,,,,,,,,,
runner_1,38.026391551516966,-84.46814347235242,23912.0,runner,18,,,,,,,,,
runner_1,38.02627861556047,-84.4678017921503,23917.0,runner,18,,,,,,,,,
runner_1,38.026176529122345,-84.46745333925074,23923.0,runner,18,,,,,,,,,
runner_1,38.02627861556047,-84.4678017921503,23930.0,runner,18,,,,,,,,,
runner_1,38.026391551516966,-84.46814347235242,23936.0,runner,18,,,,,,,,,
runner_1,38.0265466275618,-84.46845884704874,23943.0,runner,18,,,,,,,,,
runner_1,38.02670170360664,-84.46877422174504,23949.0,runner,18,,,,,,,,,
runner_1,38.02685677965148,-84.46908959644135,23956.0,runner,18,,,,,,,,,
runner_1,38.027011855696315,-84.46940497113766,23962.0,runner,18,,,,,,,,,
runner_1,38.027202562026105,-84.46967624119414,23969.0,runner,18,,,,,,,,,
runner_1,38.027447,-84.469881,23974.0,runner,18,,,,,,,,,
runner_1,38.027447,-84.469881,24558.0,runner,4,,,,,,,,,
runner_1,38.02754627606764,-84.46962578282717,24562.0,runner,4,,,,,,,,,
runner_1,38.02744283462056,-84.4692779685763,24568.0,runner,4,,,,,,,,,
runner_1,38.02733939317348,-84.46893015432545,24574.0,runner,4,,,,,,,,,
runner_1,38.0272359517264,-84.46858234007459,24579.0,runner,4,,,,,,,,,
runner_1,38.027132510279316,-84.46823452582373,24585.0,runner,4,,,,,,,,,
runner_1,38.027029068832235,-84.46788671157287,24590.0,runner,4,,,,,,,,,
runner_1,38.026925627385154,-84.46753889732202,24596.0,runner,4,,,,,,,,,
runner_1,38.02682218593807,-84.46719108307117,24602.0,runner,4,,,,,,,,,
runner_1,38.026707885382585,-84.46684997010087,24607.0,runner,4,,,,,,,,,
runner_1,38.0265563489919,-84.46653183579225,24613.0,runner,4,,,,,,,,,
runner_1,38.02640481260122,-84.46621370148365,24618.0,runner,4,,,,,,,,,
runner_1,38.02625327621054,-84.46589556717504,24624.0,runner,4,,,,,,,,,
runner_1,38.026097865476636,-84.4655806681031,24629.0,runner,4,,,,,,,,,
runner_1,38.02592778516153,-84.46527801873756,24635.0,runner,4,,,,,,,,,
runner_1,38.02575770484643,-84.46497536937204,24640.0,runner,4,,,,,,,,,
runner_1,38.02580429978306,-84.46478189846547,24643.0,runner,4,,,,,,,,,
runner_1,38.02609158193444,-84.46470970518055,24648.0,runner,4,,,,,,,,,
runner_1,38.02637886408582,-84.46463751189565,24652.0,runner,4,,,,,,,,,
runner_1,38.0266661462372,-84.46456531861072,24657.0,runner,4,,,,,,,,,
runner_1,38.02695342838857,-84.4644931253258,24661.0,runner,4,,,,,,,,,
runner_1,38.02723262500985,-84.46440936561527,24666.0,runner,4,,,,,,,,,
runner_1,38.02732323296244,-84.46405582806928,24672.0,runner,4,,,,,,,,,
runner_1,38.027413840915024,-84.46370229052329,24677.0,runner,4,,,,,,,,,
runner_1,38.02755613921936,-84.46339199540722,24683.0,runner,4,,,,,,,,,
runner_1,38.02777631020529,-84.46314684598785,24688.0,runner,4,,,,,,,,,
runner_1,38.027996481191224,-84.4629016965685,24693.0,runner,4,,,,,,,,,
runner_1,38.028216652177164,-84.46265654714912,24698.0,runner,4,,,,,,,,,
runner_1,38.0284368231631,-84.46241139772975,24703.0,runner,4,,,,,,,,,
runner_1,38.02865699414903,-84.4621662483104,24708.0,runner,4,,,,,,,,,
runner_1,38.02887716513497,-84.46192109889103,24713.0,runner,4,,,,,,,,,
runner_1,38.029097336120905,-84.46167594947165,24718.0,runner,4,,,,,,,,,
runner_1,38.02932048603734,-84.46143527844885,24724.0,runner,4,,,,,,,,,
runner_1,38.02954781666501,-84.4612008925283,24729.0,runner,4,,,,,,,,,
runner_1,38.029775147292675,-84.46096650660775,24734.0,runner,4,,,,,,,,,
runner_1,38.03000247792034,-84.46073212068718,24739.0,runner,4,,,,,,,,,
runner_1,38.03022980854801,-84.46049773476663,24744.0,runner,4,,,,,,,,,
runner_1,38.03028198771919,-84.46029007968264,24747.0,runner,4,,,,,,,,,
runner_1,38.030017377451664,-84.46013077159431,24752.0,runner,4,,,,,,,,,
runner_1,38.02974997117584,-84.46003134117494,24756.0,runner,4,,,,,,,,,
runner_1,38.027447,-84.469881,24816.0,runner,clubhouse,,,,,,,,,
runner_1,38.03028720182882,-84.46573463791665,24845.0,runner,4,,,,,,,,,
runner_1,38.030554050933496,-84.46588780916554,24850.0,runner,4,,,,,,,,,
runner_1,38.0308144451061,-84.46601508231271,24855.0,runner,4,,,,,,,,,
runner_1,38.03096331555731,-84.46569490649415,24860.0,runner,4,,,,,,,,,
runner_1,38.03100160851583,-84.46532942233877,24866.0,runner,4,,,,,,,,,
runner_1,38.03102825601745,-84.4649591665407,24872.0,runner,4,,,,,,,,,
runner_1,38.03105490351906,-84.46458891074262,24877.0,runner,4,,,,,,,,,
runner_1,38.031081551020684,-84.46421865494455,24883.0,runner,4,,,,,,,,,
runner_1,38.031108198522304,-84.46384839914647,24889.0,runner,4,,,,,,,,,
runner_1,38.03113484602392,-84.4634781433484,24895.0,runner,4,,,,,,,,,
runner_1,38.03116149352554,-84.46310788755032,24900.0,runner,4,,,,,,,,,
runner_1,38.031127268705696,-84.46274982308951,24906.0,runner,4,,,,,,,,,
runner_1,38.031012137391194,-84.4624079623538,24912.0,runner,4,,,,,,,,,
runner_1,38.03089700607669,-84.46206610161808,24917.0,runner,4,,,,,,,,,
runner_1,38.0307818747622,-84.46172424088235,24923.0,runner,4,,,,,,,,,
runner_1,38.030666743447696,-84.46138238014663,24928.0,runner,4,,,,,,,,,
runner_1,38.030551612133195,-84.46104051941091,24934.0,runner,4,,,,,,,,,
runner_1,38.03081531898336,-84.46091137688049,24939.0,runner,4,,,,,,,,,
runner_1,38.0310279411826,-84.46098091912485,24942.0,runner,4,,,,,,,,,
runner_1,38.03081531898336,-84.46091137688049,24945.0,runner,4,,,,,,,,,
runner_1,38.030551612133195,-84.46104051941091,24950.0,runner,4,,,,,,,,,
runner_1,38.030666743447696,-84.46138238014663,24956.0,runner,4,,,,,,,,,
runner_1,38.0307818747622,-84.46172424088235,24961.0,runner,4,,,,,,,,,
runner_1,38.03089700607669,-84.46206610161808,24967.0,runner,4,,,,,,,,,
runner_1,38.031012137391194,-84.4624079623538,24973.0,runner,4,,,,,,,,,
runner_1,38.031127268705696,-84.46274982308951,24978.0,runner,4,,,,,,,,,
runner_1,38.03116149352554,-84.46310788755032,24984.0,runner,4,,,,,,,,,
runner_1,38.03113484602392,-84.4634781433484,24990.0,runner,4,,,,,,,,,
runner_1,38.031108198522304,-84.46384839914647,24995.0,runner,4,,,,,,,,,
runner_1,38.031081551020684,-84.46421865494455,25001.0,runner,4,,,,,,,,,
runner_1,38.03105490351906,-84.46458891074262,25007.0,runner,4,,,,,,,,,
runner_1,38.03102825601745,-84.4649591665407,25013.0,runner,4,,,,,,,,,
runner_1,38.03100160851583,-84.46532942233877,25018.0,runner,4,,,,,,,,,
runner_1,38.03096331555731,-84.46569490649415,25024.0,runner,4,,,,,,,,,
runner_1,38.0308144451061,-84.46601508231271,25030.0,runner,4,,,,,,,,,
runner_1,38.030554050933496,-84.46588780916554,25034.0,runner,4,,,,,,,,,
runner_1,38.03028720182882,-84.46573463791665,25039.0,runner,4,,,,,,,,,
runner_1,38.02974997117584,-84.46003134117494,25128.0,runner,4,,,,,,,,,
runner_1,38.030017377451664,-84.46013077159431,25133.0,runner,4,,,,,,,,,
runner_1,38.03028198771919,-84.46029007968264,25137.0,runner,4,,,,,,,,,
runner_1,38.03022980854801,-84.46049773476663,25141.0,runner,4,,,,,,,,,
runner_1,38.03000247792034,-84.46073212068718,25146.0,runner,4,,,,,,,,,
runner_1,38.029775147292675,-84.46096650660775,25151.0,runner,4,,,,,,,,,
runner_1,38.02954781666501,-84.4612008925283,25156.0,runner,4,,,,,,,,,
runner_1,38.02932048603734,-84.46143527844885,25161.0,runner,4,,,,,,,,,
runner_1,38.029097336120905,-84.46167594947165,25166.0,runner,4,,,,,,,,,
runner_1,38.02887716513497,-84.46192109889103,25171.0,runner,4,,,,,,,,,
runner_1,38.02865699414903,-84.4621662483104,25176.0,runner,4,,,,,,,,,
runner_1,38.0284368231631,-84.46241139772975,25182.0,runner,4,,,,,,,,,
runner_1,38.028216652177164,-84.46265654714912,25187.0,runner,4,,,,,,,,,
runner_1,38.027996481191224,-84.4629016965685,25192.0,runner,4,,,,,,,,,
runner_1,38.02777631020529,-84.46314684598785,25197.0,runner,4,,,,,,,,,
runner_1,38.02755613921936,-84.46339199540722,25202.0,runner,4,,,,,,,,,
runner_1,38.027413840915024,-84.46370229052329,25207.0,runner,4,,,,,,,,,
runner_1,38.02732323296244,-84.46405582806928,25213.0,runner,4,,,,,,,,,
runner_1,38.02723262500985,-84.46440936561527,25219.0,runner,4,,,,,,,,,
runner_1,38.02695342838857,-84.4644931253258,25223.0,runner,4,,,,,,,,,
runner_1,38.0266661462372,-84.46456531861072,25228.0,runner,4,,,,,,,,,
runner_1,38.02637886408582,-84.46463751189565,25233.0,runner,4,,,,,,,,,
runner_1,38.02609158193444,-84.46470970518055,25237.0,runner,4,,,,,,,,,
runner_1,38.02580429978306,-84.46478189846547,25242.0,runner,4,,,,,,,,,
runner_1,38.02575770484643,-84.46497536937204,25245.0,runner,4,,,,,,,,,
runner_1,38.02592778516153,-84.46527801873756,25250.0,runner,4,,,,,,,,,
runner_1,38.026097865476636,-84.4655806681031,25256.0,runner,4,,,,,,,,,
runner_1,38.02625327621054,-84.46589556717504,25261.0,runner,4,,,,,,,,,
runner_1,38.02640481260122,-84.46621370148365,25267.0,runner,4,,,,,,,,,
runner_1,38.0265563489919,-84.46653183579225,25272.0,runner,4,,,,,,,,,
runner_1,38.026707885382585,-84.46684997010087,25278.0,runner,4,,,,,,,,,
runner_1,38.02682218593807,-84.46719108307117,25283.0,runner,4,,,,,,,,,
runner_1,38.026925627385154,-84.46753889732202,25289.0,runner,4,,,,,,,,,
runner_1,38.027029068832235,-84.46788671157287,25294.0,runner,4,,,,,,,,,
runner_1,38.027132510279316,-84.46823452582373,25300.0,runner,4,,,,,,,,,
runner_1,38.0272359517264,-84.46858234007459,25306.0,runner,4,,,,,,,,,
runner_1,38.02733939317348,-84.46893015432545,25311.0,runner,4,,,,,,,,,
runner_1,38.02744283462056,-84.4692779685763,25317.0,runner,4,,,,,,,,,
runner_1,38.02754627606764,-84.46962578282717,25323.0,runner,4,,,,,,,,,
runner_1,38.027447,-84.469881,25327.0,runner,4,,,,,,,,,
runner_1,38.027447,-84.469881,25930.0,runner,4,,,,,,,,,
runner_1,38.027202562026105,-84.46967624119414,25935.0,runner,4,,,,,,,,,
runner_1,38.027011855696315,-84.46940497113766,25941.0,runner,4,,,,,,,,,
runner_1,38.02685677965148,-84.46908959644135,25947.0,runner,4,,,,,,,,,
runner_1,38.02670170360664,-84.46877422174504,25953.0,runner,4,,,,,,,,,
runner_1,38.0265466275618,-84.46845884704874,25959.0,runner,4,,,,,,,,,
runner_1,38.026391551516966,-84.46814347235242,25965.0,runner,4,,,,,,,,,
runner_1,38.02883696025459,-84.46643105747557,26015.0,runner,4,,,,,,,,,
runner_1,38.02854411583699,-84.46643446747252,26020.0,runner,4,,,,,,,,,
runner_1,38.02825331682304,-84.46642533497604,26025.0,runner,4,,,,,,,,,
runner_1,38.027985609657534,-84.46627460238055,26030.0,runner,4,,,,,,,,,
runner_1,38.02771790249202,-84.46612386978506,26035.0,runner,4,,,,,,,,,
runner_1,38.027450195326516,-84.46597313718958,26041.0,runner,4,,,,,,,,,
runner_1,38.02718248816101,-84.46582240459409,26046.0,runner,4,,,,,,,,,
runner_1,38.026914780995504,-84.46567167199859,26051.0,runner,4,,,,,,,,,
runner_1,38.02664707383,-84.4655209394031,26056.0,runner,4,,,,,,,,,
runner_1,38.02637936666449,-84.46537020680762,26061.0,runner,4,,,,,,,,,
runner_1,38.02610513384636,-84.46533031668015,26066.0,runner,4,,,,,,,,,
runner_1,38.02582275130605,-84.46542885490156,26071.0,runner,4,,,,,,,,,
runner_1,38.025540368765746,-84.46552739312297,26076.0,runner,4,,,,,,,,,
runner_1,38.02525798622544,-84.46562593134438,26081.0,runner,4,,,,,,,,,
runner_1,38.02504677511902,-84.46585777512426,26087.0,runner,4,,,,,,,,,
runner_1,38.02487006008501,-84.46615423075679,26092.0,runner,4,,,,,,,,,
runner_1,38.02469334505099,-84.4664506863893,26098.0,runner,4,,,,,,,,,
runner_1,38.024516630016976,-84.46674714202182,26104.0,runner,4,,,,,,,,,
runner_1,38.024329307507884,-84.46703073579559,26110.0,runner,4,,,,,,,,,
runner_1,38.02410413701326,-84.4672684378336,26115.0,runner,4,,,,,,,,,
runner_1,38.02387896651864,-84.4675061398716,26121.0,runner,4,,,,,,,,,
runner_1,38.02365379602401,-84.46774384190961,26126.0,runner,4,,,,,,,,,
runner_1,38.023428625529384,-84.46798154394763,26132.0,runner,4,,,,,,,,,
runner_1,38.02320345503476,-84.46821924598564,26137.0,runner,4,,,,,,,,,
runner_1,38.02297828454014,-84.46845694802364,26143.0,runner,4,,,,,,,,,
runner_1,38.02320345503476,-84.46821924598564,26149.0,runner,4,,,,,,,,,
runner_1,38.023428625529384,-84.46798154394763,26154.0,runner,4,,,,,,,,,
runner_1,38.02365379602401,-84.46774384190961,26160.0,runner,4,,,,,,,,,
runner_1,38.02387896651864,-84.4675061398716,26165.0,runner,4,,,,,,,,,
runner_1,38.02410413701326,-84.4672684378336,26171.0,runner,4,,,,,,,,,
runner_1,38.024329307507884,-84.46703073579559,26176.0,runner,4,,,,,,,,,
runner_1,38.024516630016976,-84.46674714202182,26182.0,runner,4,,,,,,,,,
runner_1,38.02469334505099,-84.4664506863893,26188.0,runner,4,,,,,,,,,
runner_1,38.02487006008501,-84.46615423075679,26194.0,runner,4,,,,,,,,,
runner_1,38.02504677511902,-84.46585777512426,26200.0,runner,4,,,,,,,,,
runner_1,38.02525798622544,-84.46562593134438,26205.0,runner,4,,,,,,,,,
runner_1,38.025540368765746,-84.46552739312297,26210.0,runner,4,,,,,,,,,
runner_1,38.02582275130605,-84.46542885490156,26215.0,runner,4,,,,,,,,,
runner_1,38.02610513384636,-84.46533031668015,26220.0,runner,4,,,,,,,,,
runner_1,38.02637936666449,-84.46537020680762,26225.0,runner,4,,,,,,,,,
runner_1,38.02664707383,-84.4655209394031,26230.0,runner,4,,,,,,,,,
runner_1,38.026914780995504,-84.46567167199859,26235.0,runner,4,,,,,,,,,
runner_1,38.02718248816101,-84.46582240459409,26241.0,runner,4,,,,,,,,,
runner_1,38.027450195326516,-84.46597313718958,26246.0,runner,4,,,,,,,,,
runner_1,38.02771790249202,-84.46612386978506,26251.0,runner,4,,,,,,,,,
runner_1,38.027985609657534,-84.46627460238055,26256.0,runner,4,,,,,,,,,
runner_1,38.02825331682304,-84.46642533497604,26261.0,runner,4,,,,,,,,,
runner_1,38.02854411583699,-84.46643446747252,26266.0,runner,4,,,,,,,,,
runner_1,38.02883696025459,-84.46643105747557,26271.0,runner,4,,,,,,,,,
runner_1,38.026391551516966,-84.46814347235242,26322.0,runner,4,,,,,,,,,
runner_1,38.0265466275618,-84.46845884704874,26328.0,runner,4,,,,,,,,,
runner_1,38.02670170360664,-84.46877422174504,26334.0,runner,4,,,,,,,,,
runner_1,38.02685677965148,-84.46908959644135,26340.0,runner,4,,,,,,,,,
runner_1,38.027011855696315,-84.46940497113766,26346.0,runner,4,,,,,,,,,
runner_1,38.027202562026105,-84.46967624119414,26352.0,runner,4,,,,,,,,,
runner_1,38.027447,-84.469881,26357.0,runner,4,,,,,,,,,
runner_1,38.027447,-84.469881,26960.0,runner,4,,,,,,,,,
runner_1,38.02754627606764,-84.46962578282717,26964.0,runner,4,,,,,,,,,
runner_1,38.02744283462056,-84.4692779685763,26970.0,runner,4,,,,,,,,,
runner_1,38.02733939317348,-84.46893015432545,26976.0,runner,4,,,,,,,,,
runner_1,38.0272359517264,-84.46858234007459,26981.0,runner,4,,,,,,,,,
runner_1,38.027132510279316,-84.46823452582373,26987.0,runner,4,,,,,,,,,
runner_1,38.027029068832235,-84.46788671157287,26992.0,runner,4,,,,,,,,,
runner_1,38.026925627385154,-84.46753889732202,26998.0,runner,4,,,,,,,,,
runner_1,38.02682218593807,-84.46719108307117,27004.0,runner,4,,,,,,,,,
runner_1,38.026707885382585,-84.46684997010087,27009.0,runner,4,,,,,,,,,
runner_1,38.0265563489919,-84.46653183579225,27015.0,runner,4,,,,,,,,,
runner_1,38.02640481260122,-84.46621370148365,27020.0,runner,4,,,,,,,,,
runner_1,38.02625327621054,-84.46589556717504,27026.0,runner,4,,,,,,,,,
runner_1,38.026097865476636,-84.4655806681031,27031.0,runner,4,,,,,,,,,
runner_1,38.02592778516153,-84.46527801873756,27037.0,runner,4,,,,,,,,,
runner_1,38.02575770484643,-84.46497536937204,27042.0,runner,4,,,,,,,,,
runner_1,38.02580429978306,-84.46478189846547,27045.0,runner,4,,,,,,,,,
runner_1,38.02609158193444,-84.46470970518055,27050.0,runner,4,,,,,,,,,
runner_1,38.02637886408582,-84.46463751189565,27054.0,runner,4,,,,,,,,,
runner_1,38.0266661462372,-84.46456531861072,27059.0,runner,4,,,,,,,,,
runner_1,38.02695342838857,-84.4644931253258,27063.0,runner,4,,,,,,,,,
runner_1,38.02723262500985,-84.46440936561527,27068.0,runner,4,,,,,,,,,
runner_1,38.02732323296244,-84.46405582806928,27074.0,runner,4,,,,,,,,,
runner_1,38.027413840915024,-84.46370229052329,27079.0,runner,4,,,,,,,,,
runner_1,38.02755613921936,-84.46339199540722,27085.0,runner,4,,,,,,,,,
runner_1,38.02777631020529,-84.46314684598785,27090.0,runner,4,,,,,,,,,
runner_1,38.027996481191224,-84.4629016965685,27095.0,runner,4,,,,,,,,,
runner_1,38.028216652177164,-84.46265654714912,27100.0,runner,4,,,,,,,,,
runner_1,38.0284368231631,-84.46241139772975,27105.0,runner,4,,,,,,,,,
runner_1,38.02865699414903,-84.4621662483104,27110.0,runner,4,,,,,,,,,
runner_1,38.02887716513497,-84.46192109889103,27115.0,runner,4,,,,,,,,,
runner_1,38.029097336120905,-84.46167594947165,27120.0,runner,4,,,,,,,,,
runner_1,38.02932048603734,-84.46143527844885,27125.0,runner,4,,,,,,,,,
runner_1,38.02954781666501,-84.4612008925283,27131.0,runner,4,,,,,,,,,
runner_1,38.029775147292675,-84.46096650660775,27136.0,runner,4,,,,,,,,,
runner_1,38.03000247792034,-84.46073212068718,27141.0,runner,4,,,,,,,,,
runner_1,38.03022980854801,-84.46049773476663,27146.0,runner,4,,,,,,,,,
runner_1,38.03028198771919,-84.46029007968264,27149.0,runner,4,,,,,,,,,
runner_1,38.030017377451664,-84.46013077159431,27154.0,runner,4,,,,,,,,,
runner_1,38.02974997117584,-84.46003134117494,27158.0,runner,4,,,,,,,,,
runner_1,38.027447,-84.469881,27218.0,runner,clubhouse,,,,,,,,,
runner_1,38.03028720182882,-84.46573463791665,27247.0,runner,4,,,,,,,,,
runner_1,38.030554050933496,-84.46588780916554,27252.0,runner,4,,,,,,,,,
runner_1,38.0308144451061,-84.46601508231271,27256.0,runner,4,,,,,,,,,
runner_1,38.03096331555731,-84.46569490649415,27262.0,runner,4,,,,,,,,,
runner_1,38.03100160851583,-84.46532942233877,27268.0,runner,4,,,,,,,,,
runner_1,38.03102825601745,-84.4649591665407,27273.0,runner,4,,,,,,,,,
runner_1,38.03105490351906,-84.46458891074262,27279.0,runner,4,,,,,,,,,
runner_1,38.031081551020684,-84.46421865494455,27285.0,runner,4,,,,,,,,,
runner_1,38.031108198522304,-84.46384839914647,27291.0,runner,4,,,,,,,,,
runner_1,38.03113484602392,-84.4634781433484,27296.0,runner,4,,,,,,,,,
runner_1,38.03116149352554,-84.46310788755032,27302.0,runner,4,,,,,,,,,
runner_1,38.031127268705696,-84.46274982308951,27308.0,runner,4,,,,,,,,,
runner_1,38.031012137391194,-84.4624079623538,27313.0,runner,4,,,,,,,,,
runner_1,38.03089700607669,-84.46206610161808,27319.0,runner,4,,,,,,,,,
runner_1,38.031012137391194,-84.4624079623538,27325.0,runner,4,,,,,,,,,
runner_1,38.031127268705696,-84.46274982308951,27330.0,runner,4,,,,,,,,,
runner_1,38.03116149352554,-84.46310788755032,27336.0,runner,4,,,,,,,,,
runner_1,38.03113484602392,-84.4634781433484,27342.0,runner,4,,,,,,,,,
runner_1,38.031108198522304,-84.46384839914647,27347.0,runner,4,,,,,,,,,
runner_1,38.031081551020684,-84.46421865494455,27353.0,runner,4,,,,,,,,,
runner_1,38.03105490351906,-84.46458891074262,27359.0,runner,4,,,,,,,,,
runner_1,38.03102825601745,-84.4649591665407,27365.0,runner,4,,,,,,,,,
runner_1,38.03100160851583,-84.46532942233877,27370.0,runner,4,,,,,,,,,
runner_1,38.03096331555731,-84.46569490649415,27376.0,runner,4,,,,,,,,,
runner_1,38.0308144451061,-84.46601508231271,27382.0,runner,4,,,,,,,,,
runner_1,38.030554050933496,-84.46588780916554,27386.0,runner,4,,,,,,,,,
runner_1,38.03028720182882,-84.46573463791665,27391.0,runner,4,,,,,,,,,
runner_1,38.027447,-84.469881,27451.0,runner,clubhouse,,,,,,,,,
runner_1,38.02974997117584,-84.46003134117494,27480.0,runner,4,,,,,,,,,
runner_1,38.030017377451664,-84.46013077159431,27484.0,runner,4,,,,,,,,,
runner_1,38.03028198771919,-84.46029007968264,27489.0,runner,4,,,,,,,,,
runner_1,38.03022980854801,-84.46049773476663,27492.0,runner,4,,,,,,,,,
runner_1,38.03000247792034,-84.46073212068718,27497.0,runner,4,,,,,,,,,
runner_1,38.029775147292675,-84.46096650660775,27502.0,runner,4,,,,,,,,,
runner_1,38.02954781666501,-84.4612008925283,27507.0,runner,4,,,,,,,,,
runner_1,38.02932048603734,-84.46143527844885,27513.0,runner,4,,,,,,,,,
runner_1,38.029097336120905,-84.46167594947165,27518.0,runner,4,,,,,,,,,
runner_1,38.02887716513497,-84.46192109889103,27523.0,runner,4,,,,,,,,,
runner_1,38.02865699414903,-84.4621662483104,27528.0,runner,4,,,,,,,,,
runner_1,38.0284368231631,-84.46241139772975,27533.0,runner,4,,,,,,,,,
runner_1,38.028216652177164,-84.46265654714912,27538.0,runner,4,,,,,,,,,
runner_1,38.027996481191224,-84.4629016965685,27543.0,runner,4,,,,,,,,,
runner_1,38.02777631020529,-84.46314684598785,27548.0,runner,4,,,,,,,,,
runner_1,38.02755613921936,-84.46339199540722,27553.0,runner,4,,,,,,,,,
runner_1,38.027413840915024,-84.46370229052329,27559.0,runner,4,,,,,,,,,
runner_1,38.02732323296244,-84.46405582806928,27564.0,runner,4,,,,,,,,,
runner_1,38.02723262500985,-84.46440936561527,27570.0,runner,4,,,,,,,,,
runner_1,38.02695342838857,-84.4644931253258,27575.0,runner,4,,,,,,,,,
runner_1,38.0266661462372,-84.46456531861072,27579.0,runner,4,,,,,,,,,
runner_1,38.02637886408582,-84.46463751189565,27584.0,runner,4,,,,,,,,,
runner_1,38.02609158193444,-84.46470970518055,27588.0,runner,4,,,,,,,,,
runner_1,38.02580429978306,-84.46478189846547,27593.0,runner,4,,,,,,,,,
runner_1,38.02575770484643,-84.46497536937204,27596.0,runner,4,,,,,,,,,
runner_1,38.02592778516153,-84.46527801873756,27601.0,runner,4,,,,,,,,,
runner_1,38.026097865476636,-84.4655806681031,27607.0,runner,4,,,,,,,,,
runner_1,38.02625327621054,-84.46589556717504,27612.0,runner,4,,,,,,,,,
runner_1,38.02640481260122,-84.46621370148365,27618.0,runner,4,,,,,,,,,
runner_1,38.0265563489919,-84.46653183579225,27623.0,runner,4,,,,,,,,,
runner_1,38.026707885382585,-84.46684997010087,27629.0,runner,4,,,,,,,,,
runner_1,38.02682218593807,-84.46719108307117,27634.0,runner,4,,,,,,,,,
runner_1,38.026925627385154,-84.46753889732202,27640.0,runner,4,,,,,,,,,
runner_1,38.027029068832235,-84.46788671157287,27646.0,runner,4,,,,,,,,,
runner_1,38.027132510279316,-84.46823452582373,27651.0,runner,4,,,,,,,,,
runner_1,38.0272359517264,-84.46858234007459,27657.0,runner,4,,,,,,,,,
runner_1,38.02733939317348,-84.46893015432545,27662.0,runner,4,,,,,,,,,
runner_1,38.02744283462056,-84.4692779685763,27668.0,runner,4,,,,,,,,,
runner_1,38.02754627606764,-84.46962578282717,27674.0,runner,4,,,,,,,,,
runner_1,38.027447,-84.469881,27678.0,runner,4,,,,,,,,,
runner_1,38.027447,-84.469881,27738.0,runner,clubhouse,,,,,,,,,
runner_1,38.027447,-84.469881,27798.0,runner,clubhouse,,,,,,,,,
runner_1,38.027447,-84.469881,31115.0,runner,4,,,,,,,,,
runner_1,38.027202562026105,-84.46967624119414,31120.0,runner,4,,,,,,,,,
runner_1,38.027011855696315,-84.46940497113766,31126.0,runner,4,,,,,,,,,
runner_1,38.02685677965148,-84.46908959644135,31132.0,runner,4,,,,,,,,,
runner_1,38.02670170360664,-84.46877422174504,31138.0,runner,4,,,,,,,,,
runner_1,38.0265466275618,-84.46845884704874,31144.0,runner,4,,,,,,,,,
runner_1,38.026391551516966,-84.46814347235242,31150.0,runner,4,,,,,,,,,
runner_1,38.02883696025459,-84.46643105747557,31200.0,runner,4,,,,,,,,,
runner_1,38.02854411583699,-84.46643446747252,31205.0,runner,4,,,,,,,,,
runner_1,38.02825331682304,-84.46642533497604,31210.0,runner,4,,,,,,,,,
runner_1,38.027985609657534,-84.46627460238055,31215.0,runner,4,,,,,,,,,
runner_1,38.02771790249202,-84.46612386978506,31220.0,runner,4,,,,,,,,,
runner_1,38.027450195326516,-84.46597313718958,31225.0,runner,4,,,,,,,,,
runner_1,38.02718248816101,-84.46582240459409,31231.0,runner,4,,,,,,,,,
runner_1,38.026914780995504,-84.46567167199859,31236.0,runner,4,,,,,,,,,
runner_1,38.02664707383,-84.4655209394031,31241.0,runner,4,,,,,,,,,
runner_1,38.02637936666449,-84.46537020680762,31246.0,runner,4,,,,,,,,,
runner_1,38.02610513384636,-84.46533031668015,31251.0,runner,4,,,,,,,,,
runner_1,38.02582275130605,-84.46542885490156,31256.0,runner,4,,,,,,,,,
runner_1,38.025540368765746,-84.46552739312297,31261.0,runner,4,,,,,,,,,
runner_1,38.02525798622544,-84.46562593134438,31266.0,runner,4,,,,,,,,,
runner_1,38.02504677511902,-84.46585777512426,31271.0,runner,4,,,,,,,,,
runner_1,38.02487006008501,-84.46615423075679,31277.0,runner,4,,,,,,,,,
runner_1,38.02469334505099,-84.4664506863893,31283.0,runner,4,,,,,,,,,
runner_1,38.024516630016976,-84.46674714202182,31289.0,runner,4,,,,,,,,,
runner_1,38.024329307507884,-84.46703073579559,31294.0,runner,4,,,,,,,,,
runner_1,38.02410413701326,-84.4672684378336,31300.0,runner,4,,,,,,,,,
runner_1,38.02387896651864,-84.4675061398716,31305.0,runner,4,,,,,,,,,
runner_1,38.02365379602401,-84.46774384190961,31311.0,runner,4,,,,,,,,,
runner_1,38.023428625529384,-84.46798154394763,31316.0,runner,4,,,,,,,,,
runner_1,38.02320345503476,-84.46821924598564,31322.0,runner,4,,,,,,,,,
runner_1,38.02297828454014,-84.46845694802364,31327.0,runner,4,,,,,,,,,
runner_1,38.02275311404551,-84.46869465006165,31333.0,runner,4,,,,,,,,,
runner_1,38.022527943550884,-84.46893235209967,31339.0,runner,4,,,,,,,,,
runner_1,38.02250809559787,-84.46912267439926,31342.0,runner,4,,,,,,,,,
runner_1,38.0227847606833,-84.46924457405959,31347.0,runner,4,,,,,,,,,
runner_1,38.02304700074746,-84.46940952107451,31352.0,runner,4,,,,,,,,,
runner_1,38.0233080596632,-84.46957799288944,31357.0,runner,4,,,,,,,,,
runner_1,38.02356911857893,-84.46974646470437,31363.0,runner,4,,,,,,,,,
runner_1,38.023830177494666,-84.46991493651929,31368.0,runner,4,,,,,,,,,
runner_1,38.02408867217915,-84.4700867294791,31373.0,runner,4,,,,,,,,,
runner_1,38.02422659553642,-84.47041468419167,31379.0,runner,4,,,,,,,,,
runner_1,38.02436451889369,-84.47074263890424,31385.0,runner,4,,,,,,,,,
runner_1,38.02422659553642,-84.47041468419167,31391.0,runner,4,,,,,,,,,
runner_1,38.02408867217915,-84.4700867294791,31397.0,runner,4,,,,,,,,,
runner_1,38.023830177494666,-84.46991493651929,31402.0,runner,4,,,,,,,,,
runner_1,38.02356911857893,-84.46974646470437,31408.0,runner,4,,,,,,,,,
runner_1,38.0233080596632,-84.46957799288944,31413.0,runner,4,,,,,,,,,
runner_1,38.02304700074746,-84.46940952107451,31418.0,runner,4,,,,,,,,,
runner_1,38.0227847606833,-84.46924457405959,31423.0,runner,4,,,,,,,,,
runner_1,38.02250809559787,-84.46912267439926,31428.0,runner,4,,,,,,,,,
runner_1,38.022527943550884,-84.46893235209967,31432.0,runner,4,,,,,,,,,
runner_1,38.02275311404551,-84.46869465006165,31437.0,runner,4,,,,,,,,,
runner_1,38.02297828454014,-84.46845694802364,31443.0,runner,4,,,,,,,,,
runner_1,38.02320345503476,-84.46821924598564,31448.0,runner,4,,,,,,,,,
runner_1,38.023428625529384,-84.46798154394763,31454.0,runner,4,,,,,,,,,
runner_1,38.02365379602401,-84.46774384190961,31459.0,runner,4,,,,,,,,,
runner_1,38.02387896651864,-84.4675061398716,31465.0,runner,4,,,,,,,,,
runner_1,38.02410413701326,-84.4672684378336,31470.0,runner,4,,,,,,,,,
runner_1,38.024329307507884,-84.46703073579559,31476.0,runner,4,,,,,,,,,
runner_1,38.024516630016976,-84.46674714202182,31482.0,runner,4,,,,,,,,,
runner_1,38.02469334505099,-84.4664506863893,31488.0,runner,4,,,,,,,,,
runner_1,38.02487006008501,-84.46615423075679,31493.0,runner,4,,,,,,,,,
runner_1,38.02504677511902,-84.46585777512426,31499.0,runner,4,,,,,,,,,
runner_1,38.02525798622544,-84.46562593134438,31505.0,runner,4,,,,,,,,,
runner_1,38.025540368765746,-84.46552739312297,31510.0,runner,4,,,,,,,,,
runner_1,38.02582275130605,-84.46542885490156,31515.0,runner,4,,,,,,,,,
runner_1,38.02610513384636,-84.46533031668015,31520.0,runner,4,,,,,,,,,
runner_1,38.02637936666449,-84.46537020680762,31524.0,runner,4,,,,,,,,,
runner_1,38.02664707383,-84.4655209394031,31530.0,runner,4,,,,,,,,,
runner_1,38.026914780995504,-84.46567167199859,31535.0,runner,4,,,,,,,,,
runner_1,38.02718248816101,-84.46582240459409,31540.0,runner,4,,,,,,,,,
runner_1,38.027450195326516,-84.46597313718958,31545.0,runner,4,,,,,,,,,
runner_1,38.02771790249202,-84.46612386978506,31550.0,runner,4,,,,,,,,,
runner_1,38.027985609657534,-84.46627460238055,31556.0,runner,4,,,,,,,,,
runner_1,38.02825331682304,-84.46642533497604,31561.0,runner,4,,,,,,,,,
runner_1,38.02854411583699,-84.46643446747252,31566.0,runner,4,,,,,,,,,
runner_1,38.02883696025459,-84.46643105747557,31571.0,runner,4,,,,,,,,,
runner_1,38.026391551516966,-84.46814347235242,31621.0,runner,4,,,,,,,,,
runner_1,38.0265466275618,-84.46845884704874,31627.0,runner,4,,,,,,,,,
runner_1,38.02670170360664,-84.46877422174504,31633.0,runner,4,,,,,,,,,
runner_1,38.02685677965148,-84.46908959644135,31639.0,runner,4,,,,,,,,,
runner_1,38.027011855696315,-84.46940497113766,31645.0,runner,4,,,,,,,,,
runner_1,38.027202562026105,-84.46967624119414,31651.0,runner,4,,,,,,,,,
runner_1,38.027447,-84.469881,31656.0,runner,4,,,,,,,,,
runner_1,38.027447,-84.469881,31716.0,runner,clubhouse,,,,,,,,,
runner_1,38.027447,-84.469881,31776.0,runner,clubhouse,,,,,,,,,
runner_1,38.027447,-84.469881,31836.0,runner,clubhouse,,,,,,,,,
runner_1,38.027447,-84.469881,31896.0,runner,clubhouse,,,,,,,,,
runner_1,38.027447,-84.469881,31956.0,runner,clubhouse,,,,,,,,,
runner_1,38.027447,-84.469881,32016.0,runner,clubhouse,,,,,,,,,
runner_1,38.027447,-84.469881,32076.0,runner,clubhouse,,,,,,,,,
runner_1,38.027447,-84.469881,32136.0,runner,clubhouse,,,,,,,,,
runner_1,38.027447,-84.469881,32196.0,runner,clubhouse,,,,,,,,,
runner_1,38.027447,-84.469881,32256.0,runner,clubhouse,,,,,,,,,
runner_1,38.027447,-84.469881,32316.0,runner,clubhouse,,,,,,,,,
runner_1,38.027447,-84.469881,32376.0,runner,clubhouse,,,,,,,,,
runner_1,38.027447,-84.469881,32436.0,runner,clubhouse,,,,,,,,,
runner_1,38.027447,-84.469881,32496.0,runner,clubhouse,,,,,,,,,
runner_1,38.027447,-84.469881,32556.0,runner,clubhouse,,,,,,,,,
runner_1,38.027447,-84.469881,32616.0,runner,clubhouse,,,,,,,,,
runner_1,38.027447,-84.469881,32676.0,runner,clubhouse,,,,,,,,,
runner_1,38.027447,-84.469881,32736.0,runner,clubhouse,,,,,,,,,
runner_1,38.027447,-84.469881,32796.0,runner,clubhouse,,,,,,,,,
runner_1,38.027447,-84.469881,32856.0,runner,clubhouse,,,,,,,,,
runner_1,38.027447,-84.469881,32870.0,runner,4,,,,,,,,,
runner_1,38.02754627606764,-84.46962578282717,32874.0,runner,4,,,,,,,,,
runner_1,38.02744283462056,-84.4692779685763,32880.0,runner,4,,,,,,,,,
runner_1,38.02733939317348,-84.46893015432545,32886.0,runner,4,,,,,,,,,
runner_1,38.0272359517264,-84.46858234007459,32891.0,runner,4,,,,,,,,,
runner_1,38.027132510279316,-84.46823452582373,32897.0,runner,4,,,,,,,,,
runner_1,38.027029068832235,-84.46788671157287,32903.0,runner,4,,,,,,,,,
runner_1,38.026925627385154,-84.46753889732202,32908.0,runner,4,,,,,,,,,
runner_1,38.02682218593807,-84.46719108307117,32914.0,runner,4,,,,,,,,,
runner_1,38.026707885382585,-84.46684997010087,32920.0,runner,4,,,,,,,,,
runner_1,38.0265563489919,-84.46653183579225,32925.0,runner,4,,,,,,,,,
runner_1,38.02640481260122,-84.46621370148365,32931.0,runner,4,,,,,,,,,
runner_1,38.02625327621054,-84.46589556717504,32936.0,runner,4,,,,,,,,,
runner_1,38.026097865476636,-84.4655806681031,32942.0,runner,4,,,,,,,,,
runner_1,38.02592778516153,-84.46527801873756,32947.0,runner,4,,,,,,,,,
runner_1,38.02575770484643,-84.46497536937204,32953.0,runner,4,,,,,,,,,
runner_1,38.02580429978306,-84.46478189846547,32956.0,runner,4,,,,,,,,,
runner_1,38.02609158193444,-84.46470970518055,32960.0,runner,4,,,,,,,,,
runner_1,38.02637886408582,-84.46463751189565,32965.0,runner,4,,,,,,,,,
runner_1,38.0266661462372,-84.46456531861072,32970.0,runner,4,,,,,,,,,
runner_1,38.02695342838857,-84.4644931253258,32974.0,runner,4,,,,,,,,,
runner_1,38.02723262500985,-84.46440936561527,32979.0,runner,4,,,,,,,,,
runner_1,38.02732323296244,-84.46405582806928,32985.0,runner,4,,,,,,,,,
runner_1,38.027413840915024,-84.46370229052329,32990.0,runner,4,,,,,,,,,
runner_1,38.02755613921936,-84.46339199540722,32996.0,runner,4,,,,,,,,,
runner_1,38.02777631020529,-84.46314684598785,33001.0,runner,4,,,,,,,,,
runner_1,38.027996481191224,-84.4629016965685,33006.0,runner,4,,,,,,,,,
runner_1,38.028216652177164,-84.46265654714912,33011.0,runner,4,,,,,,,,,
runner_1,38.0284368231631,-84.46241139772975,33016.0,runner,4,,,,,,,,,
runner_1,38.02865699414903,-84.4621662483104,33021.0,runner,4,,,,,,,,,
runner_1,38.02887716513497,-84.46192109889103,33027.0,runner,4,,,,,,,,,
runner_1,38.029097336120905,-84.46167594947165,33032.0,runner,4,,,,,,,,,
runner_1,38.02932048603734,-84.46143527844885,33037.0,runner,4,,,,,,,,,
runner_1,38.02954781666501,-84.4612008925283,33042.0,runner,4,,,,,,,,,
runner_1,38.029775147292675,-84.46096650660775,33047.0,runner,4,,,,,,,,,
runner_1,38.03000247792034,-84.46073212068718,33052.0,runner,4,,,,,,,,,
runner_1,38.03022980854801,-84.46049773476663,33057.0,runner,4,,,,,,,,,
runner_1,38.03028198771919,-84.46029007968264,33061.0,runner,4,,,,,,,,,
runner_1,38.030017377451664,-84.46013077159431,33065.0,runner,4,,,,,,,,,
runner_1,38.02974997117584,-84.46003134117494,33070.0,runner,4,,,,,,,,,
runner_1,38.027447,-84.469881,33130.0,runner,clubhouse,,,,,,,,,
runner_1,38.03028720182882,-84.46573463791665,33160.0,runner,4,,,,,,,,,
runner_1,38.030554050933496,-84.46588780916554,33164.0,runner,4,,,,,,,,,
runner_1,38.0308144451061,-84.46601508231271,33169.0,runner,4,,,,,,,,,
runner_1,38.030554050933496,-84.46588780916554,33174.0,runner,4,,,,,,,,,
runner_1,38.03028720182882,-84.46573463791665,33178.0,runner,4,,,,,,,,,
runner_1,38.027447,-84.469881,33238.0,runner,clubhouse,,,,,,,,,
runner_1,38.02974997117584,-84.46003134117494,33268.0,runner,4,,,,,,,,,
runner_1,38.030017377451664,-84.46013077159431,33273.0,runner,4,,,,,,,,,
runner_1,38.03028198771919,-84.46029007968264,33278.0,runner,4,,,,,,,,,
runner_1,38.03022980854801,-84.46049773476663,33281.0,runner,4,,,,,,,,,
runner_1,38.03000247792034,-84.46073212068718,33286.0,runner,4,,,,,,,,,
runner_1,38.029775147292675,-84.46096650660775,33291.0,runner,4,,,,,,,,,
runner_1,38.02954781666501,-84.4612008925283,33296.0,runner,4,,,,,,,,,
runner_1,38.02932048603734,-84.46143527844885,33302.0,runner,4,,,,,,,,,
runner_1,38.029097336120905,-84.46167594947165,33307.0,runner,4,,,,,,,,,
runner_1,38.02887716513497,-84.46192109889103,33312.0,runner,4,,,,,,,,,
runner_1,38.02865699414903,-84.4621662483104,33317.0,runner,4,,,,,,,,,
runner_1,38.0284368231631,-84.46241139772975,33322.0,runner,4,,,,,,,,,
runner_1,38.028216652177164,-84.46265654714912,33327.0,runner,4,,,,,,,,,
runner_1,38.027996481191224,-84.4629016965685,33333.0,runner,4,,,,,,,,,
runner_1,38.02777631020529,-84.46314684598785,33338.0,runner,4,,,,,,,,,
runner_1,38.02755613921936,-84.46339199540722,33343.0,runner,4,,,,,,,,,
runner_1,38.027413840915024,-84.46370229052329,33348.0,runner,4,,,,,,,,,
runner_1,38.02732323296244,-84.46405582806928,33354.0,runner,4,,,,,,,,,
runner_1,38.02723262500985,-84.46440936561527,33360.0,runner,4,,,,,,,,,
runner_1,38.02695342838857,-84.4644931253258,33364.0,runner,4,,,,,,,,,
runner_1,38.0266661462372,-84.46456531861072,33369.0,runner,4,,,,,,,,,
runner_1,38.02637886408582,-84.46463751189565,33374.0,runner,4,,,,,,,,,
runner_1,38.02609158193444,-84.46470970518055,33378.0,runner,4,,,,,,,,,
runner_1,38.02580429978306,-84.46478189846547,33383.0,runner,4,,,,,,,,,
runner_1,38.02575770484643,-84.46497536937204,33386.0,runner,4,,,,,,,,,
runner_1,38.02592778516153,-84.46527801873756,33392.0,runner,4,,,,,,,,,
runner_1,38.026097865476636,-84.4655806681031,33397.0,runner,4,,,,,,,,,
runner_1,38.02625327621054,-84.46589556717504,33403.0,runner,4,,,,,,,,,
runner_1,38.02640481260122,-84.46621370148365,33408.0,runner,4,,,,,,,,,
runner_1,38.0265563489919,-84.46653183579225,33414.0,runner,4,,,,,,,,,
runner_1,38.026707885382585,-84.46684997010087,33419.0,runner,4,,,,,,,,,
runner_1,38.02682218593807,-84.46719108307117,33425.0,runner,4,,,,,,,,,
runner_1,38.026925627385154,-84.46753889732202,33430.0,runner,4,,,,,,,,,
runner_1,38.027029068832235,-84.46788671157287,33436.0,runner,4,,,,,,,,,
runner_1,38.027132510279316,-84.46823452582373,33442.0,runner,4,,,,,,,,,
runner_1,38.0272359517264,-84.46858234007459,33448.0,runner,4,,,,,,,,,
runner_1,38.02733939317348,-84.46893015432545,33453.0,runner,4,,,,,,,,,
runner_1,38.02744283462056,-84.4692779685763,33459.0,runner,4,,,,,,,,,
runner_1,38.02754627606764,-84.46962578282717,33465.0,runner,4,,,,,,,,,
runner_1,38.027447,-84.469881,33469.0,runner,4,,,,,,,,,
runner_1,38.027447,-84.469881,33529.0,runner,clubhouse,,,,,,,,,
runner_1,38.027447,-84.469881,33589.0,runner,clubhouse,,,,,,,,,
runner_1,38.027447,-84.469881,34070.0,runner,4,,,,,,,,,
runner_1,38.02754627606764,-84.46962578282717,34074.0,runner,4,,,,,,,,,
runner_1,38.02744283462056,-84.4692779685763,34080.0,runner,4,,,,,,,,,
runner_1,38.02733939317348,-84.46893015432545,34086.0,runner,4,,,,,,,,,
runner_1,38.0272359517264,-84.46858234007459,34091.0,runner,4,,,,,,,,,
runner_1,38.027132510279316,-84.46823452582373,34097.0,runner,4,,,,,,,,,
runner_1,38.027029068832235,-84.46788671157287,34103.0,runner,4,,,,,,,,,
runner_1,38.026925627385154,-84.46753889732202,34109.0,runner,4,,,,,,,,,
runner_1,38.02682218593807,-84.46719108307117,34114.0,runner,4,,,,,,,,,
runner_1,38.026707885382585,-84.46684997010087,34120.0,runner,4,,,,,,,,,
runner_1,38.0265563489919,-84.46653183579225,34125.0,runner,4,,,,,,,,,
runner_1,38.02640481260122,-84.46621370148365,34131.0,runner,4,,,,,,,,,
runner_1,38.02625327621054,-84.46589556717504,34137.0,runner,4,,,,,,,,,
runner_1,38.026097865476636,-84.4655806681031,34142.0,runner,4,,,,,,,,,
runner_1,38.02592778516153,-84.46527801873756,34148.0,runner,4,,,,,,,,,
runner_1,38.02575770484643,-84.46497536937204,34153.0,runner,4,,,,,,,,,
runner_1,38.02580429978306,-84.46478189846547,34156.0,runner,4,,,,,,,,,
runner_1,38.02609158193444,-84.46470970518055,34161.0,runner,4,,,,,,,,,
runner_1,38.02637886408582,-84.46463751189565,34165.0,runner,4,,,,,,,,,
runner_1,38.0266661462372,-84.46456531861072,34170.0,runner,4,,,,,,,,,
runner_1,38.02695342838857,-84.4644931253258,34175.0,runner,4,,,,,,,,,
runner_1,38.02723262500985,-84.46440936561527,34179.0,runner,4,,,,,,,,,
runner_1,38.02732323296244,-84.46405582806928,34185.0,runner,4,,,,,,,,,
runner_1,38.027413840915024,-84.46370229052329,34191.0,runner,4,,,,,,,,,
runner_1,38.02755613921936,-84.46339199540722,34196.0,runner,4,,,,,,,,,
runner_1,38.02777631020529,-84.46314684598785,34201.0,runner,4,,,,,,,,,
runner_1,38.027996481191224,-84.4629016965685,34207.0,runner,4,,,,,,,,,
runner_1,38.028216652177164,-84.46265654714912,34212.0,runner,4,,,,,,,,,
runner_1,38.0284368231631,-84.46241139772975,34217.0,runner,4,,,,,,,,,
runner_1,38.02865699414903,-84.4621662483104,34222.0,runner,4,,,,,,,,,
runner_1,38.02887716513497,-84.46192109889103,34227.0,runner,4,,,,,,,,,
runner_1,38.029097336120905,-84.46167594947165,34233.0,runner,4,,,,,,,,,
runner_1,38.02932048603734,-84.46143527844885,34238.0,runner,4,,,,,,,,,
runner_1,38.02954781666501,-84.4612008925283,34243.0,runner,4,,,,,,,,,
runner_1,38.029775147292675,-84.46096650660775,34248.0,runner,4,,,,,,,,,
runner_1,38.03000247792034,-84.46073212068718,34253.0,runner,4,,,,,,,,,
runner_1,38.03022980854801,-84.46049773476663,34258.0,runner,4,,,,,,,,,
runner_1,38.03028198771919,-84.46029007968264,34262.0,runner,4,,,,,,,,,
runner_1,38.030017377451664,-84.46013077159431,34266.0,runner,4,,,,,,,,,
runner_1,38.02974997117584,-84.46003134117494,34271.0,runner,4,,,,,,,,,
runner_1,38.029472388508275,-84.46014984237516,34276.0,runner,4,,,,,,,,,
runner_1,38.02975350361947,-84.4654282954189,34359.0,runner,4,,,,,,,,,
runner_1,38.02950622564737,-84.46523355113113,34364.0,runner,4,,,,,,,,,
runner_1,38.02927356766263,-84.46500775103704,34369.0,runner,4,,,,,,,,,
runner_1,38.029040909677896,-84.46478195094294,34374.0,runner,4,,,,,,,,,
runner_1,38.02927356766263,-84.46500775103704,34379.0,runner,4,,,,,,,,,
runner_1,38.02950622564737,-84.46523355113113,34384.0,runner,4,,,,,,,,,
runner_1,38.02975350361947,-84.4654282954189,34389.0,runner,4,,,,,,,,,
runner_1,38.029472388508275,-84.46014984237516,34472.0,runner,4,,,,,,,,,
runner_1,38.02974997117584,-84.46003134117494,34477.0,runner,4,,,,,,,,,
runner_1,38.030017377451664,-84.46013077159431,34482.0,runner,4,,,,,,,,,
runner_1,38.03028198771919,-84.46029007968264,34486.0,runner,4,,,,,,,,,
runner_1,38.03022980854801,-84.46049773476663,34490.0,runner,4,,,,,,,,,
runner_1,38.03000247792034,-84.46073212068718,34495.0,runner,4,,,,,,,,,
runner_1,38.029775147292675,-84.46096650660775,34500.0,runner,4,,,,,,,,,
runner_1,38.02954781666501,-84.4612008925283,34505.0,runner,4,,,,,,,,,
runner_1,38.02932048603734,-84.46143527844885,34510.0,runner,4,,,,,,,,,
runner_1,38.029097336120905,-84.46167594947165,34515.0,runner,4,,,,,,,,,
runner_1,38.02887716513497,-84.46192109889103,34521.0,runner,4,,,,,,,,,
runner_1,38.02865699414903,-84.4621662483104,34526.0,runner,4,,,,,,,,,
runner_1,38.0284368231631,-84.46241139772975,34531.0,runner,4,,,,,,,,,
runner_1,38.028216652177164,-84.46265654714912,34536.0,runner,4,,,,,,,,,
runner_1,38.027996481191224,-84.4629016965685,34541.0,runner,4,,,,,,,,,
runner_1,38.02777631020529,-84.46314684598785,34547.0,runner,4,,,,,,,,,
runner_1,38.02755613921936,-84.46339199540722,34552.0,runner,4,,,,,,,,,
runner_1,38.027413840915024,-84.46370229052329,34557.0,runner,4,,,,,,,,,
runner_1,38.02732323296244,-84.46405582806928,34563.0,runner,4,,,,,,,,,
runner_1,38.02723262500985,-84.46440936561527,34569.0,runner,4,,,,,,,,,
runner_1,38.02695342838857,-84.4644931253258,34573.0,runner,4,,,,,,,,,
runner_1,38.0266661462372,-84.46456531861072,34578.0,runner,4,,,,,,,,,
runner_1,38.02637886408582,-84.46463751189565,34583.0,runner,4,,,,,,,,,
runner_1,38.02609158193444,-84.46470970518055,34587.0,runner,4,,,,,,,,,
runner_1,38.02580429978306,-84.46478189846547,34592.0,runner,4,,,,,,,,,
runner_1,38.02575770484643,-84.46497536937204,34595.0,runner,4,,,,,,,,,
runner_1,38.02592778516153,-84.46527801873756,34600.0,runner,4,,,,,,,,,
runner_1,38.026097865476636,-84.4655806681031,34606.0,runner,4,,,,,,,,,
runner_1,38.02625327621054,-84.46589556717504,34611.0,runner,4,,,,,,,,,
runner_1,38.02640481260122,-84.46621370148365,34617.0,runner,4,,,,,,,,,
runner_1,38.0265563489919,-84.46653183579225,34623.0,runner,4,,,,,,,,,
runner_1,38.026707885382585,-84.46684997010087,34628.0,runner,4,,,,,,,,,
runner_1,38.02682218593807,-84.46719108307117,34634.0,runner,4,,,,,,,,,
runner_1,38.026925627385154,-84.46753889732202,34639.0,runner,4,,,,,,,,,
runner_1,38.027029068832235,-84.46788671157287,34645.0,runner,4,,,,,,,,,
runner_1,38.027132510279316,-84.46823452582373,34651.0,runner,4,,,,,,,,,
runner_1,38.0272359517264,-84.46858234007459,34657.0,runner,4,,,,,,,,,
runner_1,38.02733939317348,-84.46893015432545,34662.0,runner,4,,,,,,,,,
runner_1,38.02744283462056,-84.4692779685763,34668.0,runner,4,,,,,,,,,
runner_1,38.02754627606764,-84.46962578282717,34674.0,runner,4,,,,,,,,,
runner_1,38.027447,-84.469881,34678.0,runner,4,,,,,,,,,
runner_1,38.027447,-84.469881,34738.0,runner,clubhouse,,,,,,,,,
runner_1,38.027447,-84.469881,34798.0,runner,clubhouse,,,,,,,,,
runner_1,38.027447,-84.469881,34858.0,runner,clubhouse,,,,,,,,,
runner_1,38.027447,-84.469881,34918.0,runner,clubhouse,,,,,,,,,
runner_1,38.027447,-84.469881,34978.0,runner,clubhouse,,,,,,,,,
runner_1,38.027447,-84.469881,35038.0,runner,clubhouse,,,,,,,,,
runner_1,38.027447,-84.469881,35098.0,runner,clubhouse,,,,,,,,,
runner_1,38.027447,-84.469881,37240.0,runner,4,,,,,,,,,
runner_1,38.027202562026105,-84.46967624119414,37245.0,runner,4,,,,,,,,,
runner_1,38.027011855696315,-84.46940497113766,37251.0,runner,4,,,,,,,,,
runner_1,38.02685677965148,-84.46908959644135,37257.0,runner,4,,,,,,,,,
runner_1,38.02670170360664,-84.46877422174504,37263.0,runner,4,,,,,,,,,
runner_1,38.0265466275618,-84.46845884704874,37269.0,runner,4,,,,,,,,,
runner_1,38.026391551516966,-84.46814347235242,37275.0,runner,4,,,,,,,,,
runner_1,38.02883696025459,-84.46643105747557,37326.0,runner,4,,,,,,,,,
runner_1,38.02854411583699,-84.46643446747252,37331.0,runner,4,,,,,,,,,
runner_1,38.02825331682304,-84.46642533497604,37336.0,runner,4,,,,,,,,,
runner_1,38.027985609657534,-84.46627460238055,37341.0,runner,4,,,,,,,,,
runner_1,38.02771790249202,-84.46612386978506,37347.0,runner,4,,,,,,,,,
runner_1,38.027450195326516,-84.46597313718958,37352.0,runner,4,,,,,,,,,
runner_1,38.02718248816101,-84.46582240459409,37357.0,runner,4,,,,,,,,,
runner_1,38.026914780995504,-84.46567167199859,37362.0,runner,4,,,,,,,,,
runner_1,38.02664707383,-84.4655209394031,37368.0,runner,4,,,,,,,,,
runner_1,38.02637936666449,-84.46537020680762,37373.0,runner,4,,,,,,,,,
runner_1,38.02610513384636,-84.46533031668015,37378.0,runner,4,,,,,,,,,
runner_1,38.02582275130605,-84.46542885490156,37383.0,runner,4,,,,,,,,,
runner_1,38.025540368765746,-84.46552739312297,37388.0,runner,4,,,,,,,,,
runner_1,38.02525798622544,-84.46562593134438,37393.0,runner,4,,,,,,,,,
runner_1,38.02504677511902,-84.46585777512426,37398.0,runner,4,,,,,,,,,
runner_1,38.02487006008501,-84.46615423075679,37404.0,runner,4,,,,,,,,,
runner_1,38.02469334505099,-84.4664506863893,37410.0,runner,4,,,,,,,,,
runner_1,38.02487006008501,-84.46615423075679,37416.0,runner,4,,,,,,,,,
runner_1,38.02504677511902,-84.46585777512426,37422.0,runner,4,,,,,,,,,
runner_1,38.02525798622544,-84.46562593134438,37427.0,runner,4,,,,,,,,,
runner_1,38.025540368765746,-84.46552739312297,37432.0,runner,4,,,,,,,,,
runner_1,38.02582275130605,-84.46542885490156,37437.0,runner,4,,,,,,,,,
runner_1,38.02610513384636,-84.46533031668015,37442.0,runner,4,,,,,,,,,
runner_1,38.02637936666449,-84.46537020680762,37447.0,runner,4,,,,,,,,,
runner_1,38.02664707383,-84.4655209394031,37452.0,runner,4,,,,,,,,,
runner_1,38.026914780995504,-84.46567167199859,37458.0,runner,4,,,,,,,,,
runner_1,38.02718248816101,-84.46582240459409,37463.0,runner,4,,,,,,,,,
runner_1,38.027450195326516,-84.46597313718958,37468.0,runner,4,,,,,,,,,
runner_1,38.02771790249202,-84.46612386978506,37473.0,runner,4,,,,,,,,,
runner_1,38.027985609657534,-84.46627460238055,37479.0,runner,4,,,,,,,,,
runner_1,38.02825331682304,-84.46642533497604,37484.0,runner,4,,,,,,,,,
runner_1,38.02854411583699,-84.46643446747252,37489.0,runner,4,,,,,,,,,
runner_1,38.02883696025459,-84.46643105747557,37494.0,runner,4,,,,,,,,,
runner_1,38.026391551516966,-84.46814347235242,37545.0,runner,4,,,,,,,,,
runner_1,38.0265466275618,-84.46845884704874,37551.0,runner,4,,,,,,,,,
runner_1,38.02670170360664,-84.46877422174504,37557.0,runner,4,,,,,,,,,
runner_1,38.02685677965148,-84.46908959644135,37563.0,runner,4,,,,,,,,,
runner_1,38.027011855696315,-84.46940497113766,37569.0,runner,4,,,,,,,,,
runner_1,38.027202562026105,-84.46967624119414,37575.0,runner,4,,,,,,,,,
runner_1,38.027447,-84.469881,37580.0,runner,4,,,,,,,,,
runner_1,38.027447,-84.469881,37640.0,runner,clubhouse,,,,,,,,,
runner_1,38.027447,-84.469881,37700.0,runner,clubhouse,,,,,,,,,
runner_1,38.027447,-84.469881,37760.0,runner,clubhouse,,,,,,,,,
runner_1,38.027447,-84.469881,37820.0,runner,clubhouse,,,,,,,,,
runner_1,38.027447,-84.469881,37880.0,runner,clubhouse,,,,,,,,,
runner_1,38.027447,-84.469881,37940.0,runner,clubhouse,,,,,,,,,
runner_1,38.027447,-84.469881,38000.0,runner,clubhouse,,,,,,,,,
runner_1,38.027447,-84.469881,38060.0,runner,clubhouse,,,,,,,,,
runner_1,38.027447,-84.469881,38120.0,runner,clubhouse,,,,,,,,,
runner_1,38.027447,-84.469881,38380.0,runner,4,,,,,,,,,
runner_1,38.027202562026105,-84.46967624119414,38385.0,runner,4,,,,,,,,,
runner_1,38.027011855696315,-84.46940497113766,38391.0,runner,4,,,,,,,,,
runner_1,38.02685677965148,-84.46908959644135,38397.0,runner,4,,,,,,,,,
runner_1,38.02670170360664,-84.46877422174504,38403.0,runner,4,,,,,,,,,
runner_1,38.0265466275618,-84.46845884704874,38409.0,runner,4,,,,,,,,,
runner_1,38.026391551516966,-84.46814347235242,38415.0,runner,4,,,,,,,,,
runner_1,38.02883696025459,-84.46643105747557,38465.0,runner,4,,,,,,,,,
runner_1,38.02854411583699,-84.46643446747252,38470.0,runner,4,,,,,,,,,
runner_1,38.02825331682304,-84.46642533497604,38475.0,runner,4,,,,,,,,,
runner_1,38.027985609657534,-84.46627460238055,38481.0,runner,4,,,,,,,,,
runner_1,38.02771790249202,-84.46612386978506,38486.0,runner,4,,,,,,,,,
runner_1,38.027450195326516,-84.46597313718958,38491.0,runner,4,,,,,,,,,
runner_1,38.02718248816101,-84.46582240459409,38496.0,runner,4,,,,,,,,,
runner_1,38.026914780995504,-84.46567167199859,38501.0,runner,4,,,,,,,,,
runner_1,38.02664707383,-84.4655209394031,38507.0,runner,4,,,,,,,,,
runner_1,38.02637936666449,-84.46537020680762,38512.0,runner,4,,,,,,,,,
runner_1,38.02610513384636,-84.46533031668015,38516.0,runner,4,,,,,,,,,
runner_1,38.02582275130605,-84.46542885490156,38522.0,runner,4,,,,,,,,,
runner_1,38.025540368765746,-84.46552739312297,38527.0,runner,4,,,,,,,,,
runner_1,38.02525798622544,-84.46562593134438,38532.0,runner,4,,,,,,,,,
runner_1,38.02504677511902,-84.46585777512426,38537.0,runner,4,,,,,,,,,
runner_1,38.02487006008501,-84.46615423075679,38543.0,runner,4,,,,,,,,,
runner_1,38.02469334505099,-84.4664506863893,38549.0,runner,4,,,,,,,,,
runner_1,38.024516630016976,-84.46674714202182,38555.0,runner,4,,,,,,,,,
runner_1,38.024329307507884,-84.46703073579559,38560.0,runner,4,,,,,,,,,
runner_1,38.02410413701326,-84.4672684378336,38566.0,runner,4,,,,,,,,,
runner_1,38.02387896651864,-84.4675061398716,38571.0,runner,4,,,,,,,,,
runner_1,38.02365379602401,-84.46774384190961,38577.0,runner,4,,,,,,,,,
runner_1,38.023428625529384,-84.46798154394763,38582.0,runner,4,,,,,,,,,
runner_1,38.02320345503476,-84.46821924598564,38588.0,runner,4,,,,,,,,,
runner_1,38.023428625529384,-84.46798154394763,38594.0,runner,4,,,,,,,,,
runner_1,38.02365379602401,-84.46774384190961,38599.0,runner,4,,,,,,,,,
runner_1,38.02387896651864,-84.4675061398716,38605.0,runner,4,,,,,,,,,
runner_1,38.02410413701326,-84.4672684378336,38610.0,runner,4,,,,,,,,,
runner_1,38.024329307507884,-84.46703073579559,38616.0,runner,4,,,,,,,,,
runner_1,38.024516630016976,-84.46674714202182,38621.0,runner,4,,,,,,,,,
runner_1,38.02469334505099,-84.4664506863893,38627.0,runner,4,,,,,,,,,
runner_1,38.02487006008501,-84.46615423075679,38633.0,runner,4,,,,,,,,,
runner_1,38.02504677511902,-84.46585777512426,38639.0,runner,4,,,,,,,,,
runner_1,38.02525798622544,-84.46562593134438,38644.0,runner,4,,,,,,,,,
runner_1,38.025540368765746,-84.46552739312297,38649.0,runner,4,,,,,,,,,
runner_1,38.02582275130605,-84.46542885490156,38654.0,runner,4,,,,,,,,,
runner_1,38.02610513384636,-84.46533031668015,38660.0,runner,4,,,,,,,,,
runner_1,38.02637936666449,-84.46537020680762,38664.0,runner,4,,,,,,,,,
runner_1,38.02664707383,-84.4655209394031,38669.0,runner,4,,,,,,,,,
runner_1,38.026914780995504,-84.46567167199859,38675.0,runner,4,,,,,,,,,
runner_1,38.02718248816101,-84.46582240459409,38680.0,runner,4,,,,,,,,,
runner_1,38.027450195326516,-84.46597313718958,38685.0,runner,4,,,,,,,,,
runner_1,38.02771790249202,-84.46612386978506,38690.0,runner,4,,,,,,,,,
runner_1,38.027985609657534,-84.46627460238055,38695.0,runner,4,,,,,,,,,
runner_1,38.02825331682304,-84.46642533497604,38701.0,runner,4,,,,,,,,,
runner_1,38.02854411583699,-84.46643446747252,38706.0,runner,4,,,,,,,,,
runner_1,38.02883696025459,-84.46643105747557,38711.0,runner,4,,,,,,,,,
runner_1,38.026391551516966,-84.46814347235242,38761.0,runner,4,,,,,,,,,
runner_1,38.0265466275618,-84.46845884704874,38767.0,runner,4,,,,,,,,,
runner_1,38.02670170360664,-84.46877422174504,38773.0,runner,4,,,,,,,,,
runner_1,38.02685677965148,-84.46908959644135,38779.0,runner,4,,,,,,,,,
runner_1,38.027011855696315,-84.46940497113766,38785.0,runner,4,,,,,,,,,
runner_1,38.027202562026105,-84.46967624119414,38791.0,runner,4,,,,,,,,,
runner_1,38.027447,-84.469881,38796.0,runner,4,,,,,,,,,
runner_1,38.027447,-84.469881,38856.0,runner,clubhouse,,,,,,,,,
runner_2,38.027447,-84.469881,13775.0,runner,4,,,,,,,,,
runner_2,38.02754627606764,-84.46962578282717,13779.0,runner,4,,,,,,,,,
runner_2,38.02744283462056,-84.4692779685763,13785.0,runner,4,,,,,,,,,
runner_2,38.02733939317348,-84.46893015432545,13791.0,runner,4,,,,,,,,,
runner_2,38.0272359517264,-84.46858234007459,13796.0,runner,4,,,,,,,,,
runner_2,38.027132510279316,-84.46823452582373,13802.0,runner,4,,,,,,,,,
runner_2,38.027029068832235,-84.46788671157287,13808.0,runner,4,,,,,,,,,
runner_2,38.026925627385154,-84.46753889732202,13813.0,runner,4,,,,,,,,,
runner_2,38.02682218593807,-84.46719108307117,13819.0,runner,4,,,,,,,,,
runner_2,38.026707885382585,-84.46684997010087,13825.0,runner,4,,,,,,,,,
runner_2,38.0265563489919,-84.46653183579225,13830.0,runner,4,,,,,,,,,
runner_2,38.02640481260122,-84.46621370148365,13836.0,runner,4,,,,,,,,,
runner_2,38.02625327621054,-84.46589556717504,13841.0,runner,4,,,,,,,,,
runner_2,38.026097865476636,-84.4655806681031,13847.0,runner,4,,,,,,,,,
runner_2,38.02592778516153,-84.46527801873756,13852.0,runner,4,,,,,,,,,
runner_2,38.02575770484643,-84.46497536937204,13858.0,runner,4,,,,,,,,,
runner_2,38.02580429978306,-84.46478189846547,13861.0,runner,4,,,,,,,,,
runner_2,38.02609158193444,-84.46470970518055,13866.0,runner,4,,,,,,,,,
runner_2,38.02637886408582,-84.46463751189565,13870.0,runner,4,,,,,,,,,
runner_2,38.0266661462372,-84.46456531861072,13875.0,runner,4,,,,,,,,,
runner_2,38.02695342838857,-84.4644931253258,13880.0,runner,4,,,,,,,,,
runner_2,38.02723262500985,-84.46440936561527,13884.0,runner,4,,,,,,,,,
runner_2,38.02732323296244,-84.46405582806928,13890.0,runner,4,,,,,,,,,
runner_2,38.027413840915024,-84.46370229052329,13896.0,runner,4,,,,,,,,,
runner_2,38.02755613921936,-84.46339199540722,13901.0,runner,4,,,,,,,,,
runner_2,38.02777631020529,-84.46314684598785,13906.0,runner,4,,,,,,,,,
runner_2,38.027996481191224,-84.4629016965685,13911.0,runner,4,,,,,,,,,
runner_2,38.028216652177164,-84.46265654714912,13916.0,runner,4,,,,,,,,,
runner_2,38.0284368231631,-84.46241139772975,13922.0,runner,4,,,,,,,,,
runner_2,38.02865699414903,-84.4621662483104,13927.0,runner,4,,,,,,,,,
runner_2,38.02887716513497,-84.46192109889103,13932.0,runner,4,,,,,,,,,
runner_2,38.029097336120905,-84.46167594947165,13937.0,runner,4,,,,,,,,,
runner_2,38.02932048603734,-84.46143527844885,13942.0,runner,4,,,,,,,,,
runner_2,38.02954781666501,-84.4612008925283,13947.0,runner,4,,,,,,,,,
runner_2,38.029775147292675,-84.46096650660775,13953.0,runner,4,,,,,,,,,
runner_2,38.03000247792034,-84.46073212068718,13958.0,runner,4,,,,,,,,,
runner_2,38.03022980854801,-84.46049773476663,13963.0,runner,4,,,,,,,,,
runner_2,38.03028198771919,-84.46029007968264,13966.0,runner,4,,,,,,,,,
runner_2,38.030017377451664,-84.46013077159431,13971.0,runner,4,,,,,,,,,
runner_2,38.02974997117584,-84.46003134117494,13975.0,runner,4,,,,,,,,,
runner_2,38.029472388508275,-84.46014984237516,13980.0,runner,4,,,,,,,,,
runner_2,38.027447,-84.469881,14040.0,runner,clubhouse,,,,,,,,,
runner_2,38.02975350361947,-84.4654282954189,14063.0,runner,4,,,,,,,,,
runner_2,38.030020352724144,-84.46558146666777,14068.0,runner,4,,,,,,,,,
runner_2,38.02975350361947,-84.4654282954189,14073.0,runner,4,,,,,,,,,
runner_2,38.027447,-84.469881,14133.0,runner,clubhouse,,,,,,,,,
runner_2,38.029472388508275,-84.46014984237516,14156.0,runner,4,,,,,,,,,
runner_2,38.02974997117584,-84.46003134117494,14161.0,runner,4,,,,,,,,,
runner_2,38.030017377451664,-84.46013077159431,14165.0,runner,4,,,,,,,,,
runner_2,38.03028198771919,-84.46029007968264,14170.0,runner,4,,,,,,,,,
runner_2,38.03022980854801,-84.46049773476663,14173.0,runner,4,,,,,,,,,
runner_2,38.03000247792034,-84.46073212068718,14178.0,runner,4,,,,,,,,,
runner_2,38.029775147292675,-84.46096650660775,14183.0,runner,4,,,,,,,,,
runner_2,38.02954781666501,-84.4612008925283,14189.0,runner,4,,,,,,,,,
runner_2,38.02932048603734,-84.46143527844885,14194.0,runner,4,,,,,,,,,
runner_2,38.029097336120905,-84.46167594947165,14199.0,runner,4,,,,,,,,,
runner_2,38.02887716513497,-84.46192109889103,14204.0,runner,4,,,,,,,,,
runner_2,38.02865699414903,-84.4621662483104,14209.0,runner,4,,,,,,,,,
runner_2,38.0284368231631,-84.46241139772975,14214.0,runner,4,,,,,,,,,
runner_2,38.028216652177164,-84.46265654714912,14220.0,runner,4,,,,,,,,,
runner_2,38.027996481191224,-84.4629016965685,14225.0,runner,4,,,,,,,,,
runner_2,38.02777631020529,-84.46314684598785,14230.0,runner,4,,,,,,,,,
runner_2,38.02755613921936,-84.46339199540722,14235.0,runner,4,,,,,,,,,
runner_2,38.027413840915024,-84.46370229052329,14240.0,runner,4,,,,,,,,,
runner_2,38.02732323296244,-84.46405582806928,14246.0,runner,4,,,,,,,,,
runner_2,38.02723262500985,-84.46440936561527,14252.0,runner,4,,,,,,,,,
runner_2,38.02695342838857,-84.4644931253258,14256.0,runner,4,,,,,,,,,
runner_2,38.0266661462372,-84.46456531861072,14261.0,runner,4,,,,,,,,,
runner_2,38.02637886408582,-84.46463751189565,14266.0,runner,4,,,,,,,,,
runner_2,38.02609158193444,-84.46470970518055,14270.0,runner,4,,,,,,,,,
runner_2,38.02580429978306,-84.46478189846547,14275.0,runner,4,,,,,,,,,
runner_2,38.02575770484643,-84.46497536937204,14278.0,runner,4,,,,,,,,,
runner_2,38.02592778516153,-84.46527801873756,14284.0,runner,4,,,,,,,,,
runner_2,38.026097865476636,-84.4655806681031,14289.0,runner,4,,,,,,,,,
runner_2,38.02625327621054,-84.46589556717504,14295.0,runner,4,,,,,,,,,
runner_2,38.02640481260122,-84.46621370148365,14300.0,runner,4,,,,,,,,,
runner_2,38.0265563489919,-84.46653183579225,14306.0,runner,4,,,,,,,,,
runner_2,38.026707885382585,-84.46684997010087,14311.0,runner,4,,,,,,,,,
runner_2,38.02682218593807,-84.46719108307117,14317.0,runner,4,,,,,,,,,
runner_2,38.026925627385154,-84.46753889732202,14323.0,runner,4,,,,,,,,,
runner_2,38.027029068832235,-84.46788671157287,14328.0,runner,4,,,,,,,,,
runner_2,38.027132510279316,-84.46823452582373,14334.0,runner,4,,,,,,,,,
runner_2,38.0272359517264,-84.46858234007459,14340.0,runner,4,,,,,,,,,
runner_2,38.02733939317348,-84.46893015432545,14345.0,runner,4,,,,,,,,,
runner_2,38.02744283462056,-84.4692779685763,14351.0,runner,4,,,,,,,,,
runner_2,38.02754627606764,-84.46962578282717,14357.0,runner,4,,,,,,,,,
runner_2,38.027447,-84.469881,14361.0,runner,4,,,,,,,,,
runner_2,38.027447,-84.469881,14421.0,runner,clubhouse,,,,,,,,,
runner_2,38.027447,-84.469881,14481.0,runner,clubhouse,,,,,,,,,
runner_2,38.027447,-84.469881,14541.0,runner,clubhouse,,,,,,,,,
runner_2,38.027447,-84.469881,15345.0,runner,4,,,,,,,,,
runner_2,38.027202562026105,-84.46967624119414,15350.0,runner,4,,,,,,,,,
runner_2,38.027011855696315,-84.46940497113766,15356.0,runner,4,,,,,,,,,
runner_2,38.02685677965148,-84.46908959644135,15362.0,runner,4,,,,,,,,,
runner_2,38.02670170360664,-84.46877422174504,15368.0,runner,4,,,,,,,,,
runner_2,38.0265466275618,-84.46845884704874,15374.0,runner,4,,,,,,,,,
runner_2,38.026391551516966,-84.46814347235242,15379.0,runner,4,,,,,,,,,
runner_2,38.02883696025459,-84.46643105747557,15429.0,runner,4,,,,,,,,,
runner_2,38.02854411583699,-84.46643446747252,15434.0,runner,4,,,,,,,,,
runner_2,38.02825331682304,-84.46642533497604,15439.0,runner,4,,,,,,,,,
runner_2,38.027985609657534,-84.46627460238055,15444.0,runner,4,,,,,,,,,
runner_2,38.02771790249202,-84.46612386978506,15450.0,runner,4,,,,,,,,,
runner_2,38.027450195326516,-84.46597313718958,15455.0,runner,4,,,,,,,,,
runner_2,38.02718248816101,-84.46582240459409,15460.0,runner,4,,,,,,,,,
runner_2,38.026914780995504,-84.46567167199859,15465.0,runner,4,,,,,,,,,
runner_2,38.02664707383,-84.4655209394031,15470.0,runner,4,,,,,,,,,
runner_2,38.02637936666449,-84.46537020680762,15475.0,runner,4,,,,,,,,,
runner_2,38.02610513384636,-84.46533031668015,15480.0,runner,4,,,,,,,,,
runner_2,38.02582275130605,-84.46542885490156,15485.0,runner,4,,,,,,,,,
runner_2,38.025540368765746,-84.46552739312297,15490.0,runner,4,,,,,,,,,
runner_2,38.02525798622544,-84.46562593134438,15495.0,runner,4,,,,,,,,,
runner_2,38.02504677511902,-84.46585777512426,15500.0,runner,4,,,,,,,,,
runner_2,38.02487006008501,-84.46615423075679,15506.0,runner,4,,,,,,,,,
runner_2,38.02469334505099,-84.4664506863893,15512.0,runner,4,,,,,,,,,
runner_2,38.024516630016976,-84.46674714202182,15518.0,runner,4,,,,,,,,,
runner_2,38.024329307507884,-84.46703073579559,15523.0,runner,4,,,,,,,,,
runner_2,38.02410413701326,-84.4672684378336,15529.0,runner,4,,,,,,,,,
runner_2,38.02387896651864,-84.4675061398716,15534.0,runner,4,,,,,,,,,
runner_2,38.02365379602401,-84.46774384190961,15540.0,runner,4,,,,,,,,,
runner_2,38.023428625529384,-84.46798154394763,15545.0,runner,4,,,,,,,,,
runner_2,38.02320345503476,-84.46821924598564,15551.0,runner,4,,,,,,,,,
runner_2,38.02297828454014,-84.46845694802364,15556.0,runner,4,,,,,,,,,
runner_2,38.02275311404551,-84.46869465006165,15562.0,runner,4,,,,,,,,,
runner_2,38.022527943550884,-84.46893235209967,15567.0,runner,4,,,,,,,,,
runner_2,38.02250809559787,-84.46912267439926,15570.0,runner,4,,,,,,,,,
runner_2,38.0227847606833,-84.46924457405959,15575.0,runner,4,,,,,,,,,
runner_2,38.02304700074746,-84.46940952107451,15581.0,runner,4,,,,,,,,,
runner_2,38.0233080596632,-84.46957799288944,15586.0,runner,4,,,,,,,,,
runner_2,38.02356911857893,-84.46974646470437,15591.0,runner,4,,,,,,,,,
runner_2,38.023830177494666,-84.46991493651929,15596.0,runner,4,,,,,,,,,
runner_2,38.02408867217915,-84.4700867294791,15601.0,runner,4,,,,,,,,,
runner_2,38.02422659553642,-84.47041468419167,15607.0,runner,4,,,,,,,,,
runner_2,38.02436451889369,-84.47074263890424,15613.0,runner,4,,,,,,,,,
runner_2,38.02450244225096,-84.4710705936168,15619.0,runner,4,,,,,,,,,
runner_2,38.024640365608235,-84.47139854832938,15625.0,runner,4,,,,,,,,,
runner_2,38.02477828896551,-84.47172650304194,15631.0,runner,4,,,,,,,,,
runner_2,38.02491621232278,-84.47205445775451,15637.0,runner,4,,,,,,,,,
runner_2,38.02505413568005,-84.47238241246707,15643.0,runner,4,,,,,,,,,
runner_2,38.025278899056985,-84.47258808504574,15648.0,runner,4,,,,,,,,,
runner_2,38.02555709154953,-84.47257705401765,15653.0,runner,4,,,,,,,,,
runner_2,38.025278899056985,-84.47258808504574,15658.0,runner,4,,,,,,,,,
runner_2,38.02505413568005,-84.47238241246707,15663.0,runner,4,,,,,,,,,
runner_2,38.02491621232278,-84.47205445775451,15669.0,runner,4,,,,,,,,,
runner_2,38.02477828896551,-84.47172650304194,15675.0,runner,4,,,,,,,,,
runner_2,38.024640365608235,-84.47139854832938,15681.0,runner,4,,,,,,,,,
runner_2,38.02450244225096,-84.4710705936168,15687.0,runner,4,,,,,,,,,
runner_2,38.02436451889369,-84.47074263890424,15693.0,runner,4,,,,,,,,,
runner_2,38.02422659553642,-84.47041468419167,15699.0,runner,4,,,,,,,,,
runner_2,38.02408867217915,-84.4700867294791,15705.0,runner,4,,,,,,,,,
runner_2,38.023830177494666,-84.46991493651929,15710.0,runner,4,,,,,,,,,
runner_2,38.02356911857893,-84.46974646470437,15715.0,runner,4,,,,,,,,,
runner_2,38.0233080596632,-84.46957799288944,15720.0,runner,4,,,,,,,,,
runner_2,38.02304700074746,-84.46940952107451,15725.0,runner,4,,,,,,,,,
runner_2,38.0227847606833,-84.46924457405959,15731.0,runner,4,,,,,,,,,
runner_2,38.02250809559787,-84.46912267439926,15736.0,runner,4,,,,,,,,,
runner_2,38.022527943550884,-84.46893235209967,15739.0,runner,4,,,,,,,,,
runner_2,38.02275311404551,-84.46869465006165,15744.0,runner,4,,,,,,,,,
runner_2,38.02297828454014,-84.46845694802364,15750.0,runner,4,,,,,,,,,
runner_2,38.02320345503476,-84.46821924598564,15755.0,runner,4,,,,,,,,,
runner_2,38.023428625529384,-84.46798154394763,15761.0,runner,4,,,,,,,,,
runner_2,38.02365379602401,-84.46774384190961,15766.0,runner,4,,,,,,,,,
runner_2,38.02387896651864,-84.4675061398716,15772.0,runner,4,,,,,,,,,
runner_2,38.02410413701326,-84.4672684378336,15777.0,runner,4,,,,,,,,,
runner_2,38.024329307507884,-84.46703073579559,15783.0,runner,4,,,,,,,,,
runner_2,38.024516630016976,-84.46674714202182,15788.0,runner,4,,,,,,,,,
runner_2,38.02469334505099,-84.4664506863893,15794.0,runner,4,,,,,,,,,
runner_2,38.02487006008501,-84.46615423075679,15800.0,runner,4,,,,,,,,,
runner_2,38.02504677511902,-84.46585777512426,15806.0,runner,4,,,,,,,,,
runner_2,38.02525798622544,-84.46562593134438,15811.0,runner,4,,,,,,,,,
runner_2,38.025540368765746,-84.46552739312297,15816.0,runner,4,,,,,,,,,
runner_2,38.02582275130605,-84.46542885490156,15821.0,runner,4,,,,,,,,,
runner_2,38.02610513384636,-84.46533031668015,15826.0,runner,4,,,,,,,,,
runner_2,38.02637936666449,-84.46537020680762,15831.0,runner,4,,,,,,,,,
runner_2,38.02664707383,-84.4655209394031,15836.0,runner,4,,,,,,,,,
runner_2,38.026914780995504,-84.46567167199859,15841.0,runner,4,,,,,,,,,
runner_2,38.02718248816101,-84.46582240459409,15846.0,runner,4,,,,,,,,,
runner_2,38.027450195326516,-84.46597313718958,15851.0,runner,4,,,,,,,,,
runner_2,38.02771790249202,-84.46612386978506,15856.0,runner,4,,,,,,,,,
runner_2,38.027985609657534,-84.46627460238055,15862.0,runner,4,,,,,,,,,
runner_2,38.02825331682304,-84.46642533497604,15867.0,runner,4,,,,,,,,,
runner_2,38.02854411583699,-84.46643446747252,15872.0,runner,4,,,,,,,,,
runner_2,38.02883696025459,-84.46643105747557,15877.0,runner,4,,,,,,,,,
runner_2,38.026391551516966,-84.46814347235242,15927.0,runner,4,,,,,,,,,
runner_2,38.0265466275618,-84.46845884704874,15932.0,runner,4,,,,,,,,,
runner_2,38.02670170360664,-84.46877422174504,15938.0,runner,4,,,,,,,,,
runner_2,38.02685677965148,-84.46908959644135,15944.0,runner,4,,,,,,,,,
runner_2,38.027011855696315,-84.46940497113766,15950.0,runner,4,,,,,,,,,
runner_2,38.027202562026105,-84.46967624119414,15956.0,runner,4,,,,,,,,,
runner_2,38.027447,-84.469881,15961.0,runner,4,,,,,,,,,
runner_2,38.027447,-84.469881,16021.0,runner,clubhouse,,,,,,,,,
runner_2,38.027447,-84.469881,16081.0,runner,clubhouse,,,,,,,,,
runner_2,38.027447,-84.469881,16141.0,runner,clubhouse,,,,,,,,,
runner_2,38.027447,-84.469881,16201.0,runner,clubhouse,,,,,,,,,
runner_2,38.027447,-84.469881,16261.0,runner,clubhouse,,,,,,,,,
runner_2,38.027447,-84.469881,16321.0,runner,clubhouse,,,,,,,,,
runner_2,38.027447,-84.469881,16381.0,runner,clubhouse,,,,,,,,,
runner_2,38.027447,-84.469881,16441.0,runner,clubhouse,,,,,,,,,
runner_2,38.027447,-84.469881,16501.0,runner,clubhouse,,,,,,,,,
runner_2,38.027447,-84.469881,16670.0,runner,4,,,,,,,,,
runner_2,38.027202562026105,-84.46967624119414,16675.0,runner,4,,,,,,,,,
runner_2,38.027011855696315,-84.46940497113766,16681.0,runner,4,,,,,,,,,
runner_2,38.02685677965148,-84.46908959644135,16687.0,runner,4,,,,,,,,,
runner_2,38.02670170360664,-84.46877422174504,16693.0,runner,4,,,,,,,,,
runner_2,38.0265466275618,-84.46845884704874,16699.0,runner,4,,,,,,,,,
runner_2,38.026391551516966,-84.46814347235242,16705.0,runner,4,,,,,,,,,
runner_2,38.02883696025459,-84.46643105747557,16755.0,runner,4,,,,,,,,,
runner_2,38.02854411583699,-84.46643446747252,16760.0,runner,4,,,,,,,,,
runner_2,38.02825331682304,-84.46642533497604,16765.0,runner,4,,,,,,,,,
runner_2,38.027985609657534,-84.46627460238055,16770.0,runner,4,,,,,,,,,
runner_2,38.02771790249202,-84.46612386978506,16776.0,runner,4,,,,,,,,,
runner_2,38.027450195326516,-84.46597313718958,16781.0,runner,4,,,,,,,,,
runner_2,38.02718248816101,-84.46582240459409,16786.0,runner,4,,,,,,,,,
runner_2,38.026914780995504,-84.46567167199859,16791.0,runner,4,,,,,,,,,
runner_2,38.02664707383,-84.4655209394031,16796.0,runner,4,,,,,,,,,
runner_2,38.02637936666449,-84.46537020680762,16802.0,runner,4,,,,,,,,,
runner_2,38.02610513384636,-84.46533031668015,16806.0,runner,4,,,,,,,,,
runner_2,38.02582275130605,-84.46542885490156,16811.0,runner,4,,,,,,,,,
runner_2,38.025540368765746,-84.46552739312297,16816.0,runner,4,,,,,,,,,
runner_2,38.02525798622544,-84.46562593134438,16822.0,runner,4,,,,,,,,,
runner_2,38.02504677511902,-84.46585777512426,16827.0,runner,4,,,,,,,,,
runner_2,38.02487006008501,-84.46615423075679,16833.0,runner,4,,,,,,,,,
runner_2,38.02469334505099,-84.4664506863893,16839.0,runner,4,,,,,,,,,
runner_2,38.024516630016976,-84.46674714202182,16844.0,runner,4,,,,,,,,,
runner_2,38.024329307507884,-84.46703073579559,16850.0,runner,4,,,,,,,,,
runner_2,38.02410413701326,-84.4672684378336,16856.0,runner,4,,,,,,,,,
runner_2,38.02387896651864,-84.4675061398716,16861.0,runner,4,,,,,,,,,
runner_2,38.02365379602401,-84.46774384190961,16867.0,runner,4,,,,,,,,,
runner_2,38.023428625529384,-84.46798154394763,16872.0,runner,4,,,,,,,,,
runner_2,38.02320345503476,-84.46821924598564,16878.0,runner,4,,,,,,,,,
runner_2,38.02297828454014,-84.46845694802364,16883.0,runner,4,,,,,,,,,
runner_2,38.02275311404551,-84.46869465006165,16889.0,runner,4,,,,,,,,,
runner_2,38.022527943550884,-84.46893235209967,16894.0,runner,4,,,,,,,,,
runner_2,38.02250809559787,-84.46912267439926,16898.0,runner,4,,,,,,,,,
runner_2,38.0227847606833,-84.46924457405959,16903.0,runner,4,,,,,,,,,
runner_2,38.02304700074746,-84.46940952107451,16908.0,runner,4,,,,,,,,,
runner_2,38.0233080596632,-84.46957799288944,16913.0,runner,4,,,,,,,,,
runner_2,38.02356911857893,-84.46974646470437,16919.0,runner,4,,,,,,,,,
runner_2,38.023830177494666,-84.46991493651929,16924.0,runner,4,,,,,,,,,
runner_2,38.02408867217915,-84.4700867294791,16929.0,runner,4,,,,,,,,,
runner_2,38.02422659553642,-84.47041468419167,16935.0,runner,4,,,,,,,,,
runner_2,38.02436451889369,-84.47074263890424,16941.0,runner,4,,,,,,,,,
runner_2,38.02450244225096,-84.4710705936168,16947.0,runner,4,,,,,,,,,
runner_2,38.024640365608235,-84.47139854832938,16953.0,runner,4,,,,,,,,,
runner_2,38.02477828896551,-84.47172650304194,16959.0,runner,4,,,,,,,,,
runner_2,38.02491621232278,-84.47205445775451,16965.0,runner,4,,,,,,,,,
runner_2,38.02505413568005,-84.47238241246707,16971.0,runner,4,,,,,,,,,
runner_2,38.025278899056985,-84.47258808504574,16976.0,runner,4,,,,,,,,,
runner_2,38.02555709154953,-84.47257705401765,16981.0,runner,4,,,,,,,,,
runner_2,38.02583934778024,-84.47247793374599,16986.0,runner,4,,,,,,,,,
runner_2,38.02612160401096,-84.47237881347434,16991.0,runner,4,,,,,,,,,
runner_2,38.02640386024167,-84.4722796932027,16996.0,runner,4,,,,,,,,,
runner_2,38.02668611647238,-84.47218057293104,17001.0,runner,4,,,,,,,,,
runner_2,38.02678243981026,-84.47202860408251,17004.0,runner,4,,,,,,,,,
runner_2,38.026563435644626,-84.4717818802997,17010.0,runner,4,,,,,,,,,
runner_2,38.02634885610211,-84.4715288746527,17016.0,runner,4,,,,,,,,,
runner_2,38.02613427655959,-84.4712758690057,17021.0,runner,4,,,,,,,,,
runner_2,38.025919697017066,-84.4710228633587,17027.0,runner,4,,,,,,,,,
runner_2,38.02570511747455,-84.47076985771169,17032.0,runner,4,,,,,,,,,
runner_2,38.02549053793203,-84.47051685206469,17038.0,runner,4,,,,,,,,,
runner_2,38.02526317920933,-84.4702884887633,17044.0,runner,4,,,,,,,,,
runner_2,38.0249952935862,-84.47013827428472,17049.0,runner,4,,,,,,,,,
runner_2,38.02472740796308,-84.46998805980614,17054.0,runner,4,,,,,,,,,
runner_2,38.024459522339946,-84.46983784532756,17059.0,runner,4,,,,,,,,,
runner_2,38.024191636716814,-84.46968763084898,17064.0,runner,4,,,,,,,,,
runner_2,38.02392375109368,-84.4695374163704,17070.0,runner,4,,,,,,,,,
runner_2,38.02365586547056,-84.46938720189182,17075.0,runner,4,,,,,,,,,
runner_2,38.02338797984743,-84.46923698741324,17080.0,runner,4,,,,,,,,,
runner_2,38.023120094224296,-84.46908677293466,17085.0,runner,4,,,,,,,,,
runner_2,38.02325287292604,-84.46895459002404,17088.0,runner,4,,,,,,,,,
runner_2,38.023533488405725,-84.46885431220558,17093.0,runner,4,,,,,,,,,
runner_2,38.02382325517176,-84.46880045015152,17098.0,runner,4,,,,,,,,,
runner_2,38.0241130219378,-84.46874658809746,17103.0,runner,4,,,,,,,,,
runner_2,38.02440278870384,-84.4686927260434,17108.0,runner,4,,,,,,,,,
runner_2,38.024692555469876,-84.46863886398934,17113.0,runner,4,,,,,,,,,
runner_2,38.02498232223591,-84.46858500193528,17118.0,runner,4,,,,,,,,,
runner_2,38.025073532373966,-84.46844706466678,17121.0,runner,4,,,,,,,,,
runner_2,38.0248672597656,-84.46818316370741,17127.0,runner,4,,,,,,,,,
runner_2,38.02466098715723,-84.46791926274804,17132.0,runner,4,,,,,,,,,
runner_2,38.02482238831767,-84.46790083513027,17135.0,runner,4,,,,,,,,,
runner_2,38.02511056304286,-84.46796704648648,17140.0,runner,4,,,,,,,,,
runner_2,38.02539873776804,-84.4680332578427,17145.0,runner,4,,,,,,,,,
runner_2,38.02564105472762,-84.46819992052676,17150.0,runner,4,,,,,,,,,
runner_2,38.0258295778387,-84.4684844185096,17156.0,runner,4,,,,,,,,,
runner_2,38.02601810094978,-84.46876891649245,17162.0,runner,4,,,,,,,,,
runner_2,38.026206624060855,-84.4690534144753,17167.0,runner,4,,,,,,,,,
runner_2,38.02639514717193,-84.46933791245814,17173.0,runner,4,,,,,,,,,
runner_2,38.026583670283,-84.46962241044099,17179.0,runner,4,,,,,,,,,
runner_2,38.02677219339408,-84.46990690842384,17185.0,runner,4,,,,,,,,,
runner_2,38.027014917084486,-84.46995095495774,17189.0,runner,4,,,,,,,,,
runner_2,38.02677219339408,-84.46990690842384,17193.0,runner,4,,,,,,,,,
runner_2,38.026583670283,-84.46962241044099,17199.0,runner,4,,,,,,,,,
runner_2,38.02639514717193,-84.46933791245814,17205.0,runner,4,,,,,,,,,
runner_2,38.026206624060855,-84.4690534144753,17211.0,runner,4,,,,,,,,,
runner_2,38.02601810094978,-84.46876891649245,17216.0,runner,4,,,,,,,,,
runner_2,38.0258295778387,-84.4684844185096,17222.0,runner,4,,,,,,,,,
runner_2,38.02564105472762,-84.46819992052676,17228.0,runner,4,,,,,,,,,
runner_2,38.02539873776804,-84.4680332578427,17233.0,runner,4,,,,,,,,,
runner_2,38.02511056304286,-84.46796704648648,17238.0,runner,4,,,,,,,,,
runner_2,38.02482238831767,-84.46790083513027,17243.0,runner,4,,,,,,,,,
runner_2,38.02466098715723,-84.46791926274804,17246.0,runner,4,,,,,,,,,
runner_2,38.0248672597656,-84.46818316370741,17251.0,runner,4,,,,,,,,,
runner_2,38.025073532373966,-84.46844706466678,17257.0,runner,4,,,,,,,,,
runner_2,38.02498232223591,-84.46858500193528,17260.0,runner,4,,,,,,,,,
runner_2,38.024692555469876,-84.46863886398934,17265.0,runner,4,,,,,,,,,
runner_2,38.02440278870384,-84.4686927260434,17270.0,runner,4,,,,,,,,,
runner_2,38.0241130219378,-84.46874658809746,17275.0,runner,4,,,,,,,,,
runner_2,38.02382325517176,-84.46880045015152,17280.0,runner,4,,,,,,,,,
runner_2,38.023533488405725,-84.46885431220558,17285.0,runner,4,,,,,,,,,
runner_2,38.02325287292604,-84.46895459002404,17290.0,runner,4,,,,,,,,,
runner_2,38.023120094224296,-84.46908677293466,17293.0,runner,4,,,,,,,,,
runner_2,38.02338797984743,-84.46923698741324,17298.0,runner,4,,,,,,,,,
runner_2,38.02365586547056,-84.46938720189182,17303.0,runner,4,,,,,,,,,
runner_2,38.02392375109368,-84.4695374163704,17308.0,runner,4,,,,,,,,,
runner_2,38.024191636716814,-84.46968763084898,17314.0,runner,4,,,,,,,,,
runner_2,38.024459522339946,-84.46983784532756,17319.0,runner,4,,,,,,,,,
runner_2,38.02472740796308,-84.46998805980614,17324.0,runner,4,,,,,,,,,
runner_2,38.0249952935862,-84.47013827428472,17329.0,runner,4,,,,,,,,,
runner_2,38.02526317920933,-84.4702884887633,17334.0,runner,4,,,,,,,,,
runner_2,38.02549053793203,-84.47051685206469,17340.0,runner,4,,,,,,,,,
runner_2,38.02570511747455,-84.47076985771169,17346.0,runner,4,,,,,,,,,
runner_2,38.025919697017066,-84.4710228633587,17351.0,runner,4,,,,,,,,,
runner_2,38.02613427655959,-84.4712758690057,17357.0,runner,4,,,,,,,,,
runner_2,38.02634885610211,-84.4715288746527,17362.0,runner,4,,,,,,,,,
runner_2,38.026563435644626,-84.4717818802997,17368.0,runner,4,,,,,,,,,
runner_2,38.02678243981026,-84.47202860408251,17374.0,runner,4,,,,,,,,,
runner_2,38.02668611647238,-84.47218057293104,17377.0,runner,4,,,,,,,,,
runner_2,38.02640386024167,-84.4722796932027,17382.0,runner,4,,,,,,,,,
runner_2,38.02612160401096,-84.47237881347434,17387.0,runner,4,,,,,,,,,
runner_2,38.02583934778024,-84.47247793374599,17392.0,runner,4,,,,,,,,,
runner_2,38.02555709154953,-84.47257705401765,17397.0,runner,4,,,,,,,,,
runner_2,38.025278899056985,-84.47258808504574,17402.0,runner,4,,,,,,,,,
runner_2,38.02505413568005,-84.47238241246707,17407.0,runner,4,,,,,,,,,
runner_2,38.02491621232278,-84.47205445775451,17413.0,runner,4,,,,,,,,,
runner_2,38.02477828896551,-84.47172650304194,17419.0,runner,4,,,,,,,,,
runner_2,38.024640365608235,-84.47139854832938,17425.0,runner,4,,,,,,,,,
runner_2,38.02450244225096,-84.4710705936168,17431.0,runner,4,,,,,,,,,
runner_2,38.02436451889369,-84.47074263890424,17437.0,runner,4,,,,,,,,,
runner_2,38.02422659553642,-84.47041468419167,17443.0,runner,4,,,,,,,,,
runner_2,38.02408867217915,-84.4700867294791,17449.0,runner,4,,,,,,,,,
runner_2,38.023830177494666,-84.46991493651929,17454.0,runner,4,,,,,,,,,
runner_2,38.02356911857893,-84.46974646470437,17459.0,runner,4,,,,,,,,,
runner_2,38.0233080596632,-84.46957799288944,17465.0,runner,4,,,,,,,,,
runner_2,38.02304700074746,-84.46940952107451,17470.0,runner,4,,,,,,,,,
runner_2,38.0227847606833,-84.46924457405959,17475.0,runner,4,,,,,,,,,
runner_2,38.02250809559787,-84.46912267439926,17480.0,runner,4,,,,,,,,,
runner_2,38.022527943550884,-84.46893235209967,17484.0,runner,4,,,,,,,,,
runner_2,38.02275311404551,-84.46869465006165,17489.0,runner,4,,,,,,,,,
runner_2,38.02297828454014,-84.46845694802364,17495.0,runner,4,,,,,,,,,
runner_2,38.02320345503476,-84.46821924598564,17500.0,runner,4,,,,,,,,,
runner_2,38.023428625529384,-84.46798154394763,17506.0,runner,4,,,,,,,,,
runner_2,38.02365379602401,-84.46774384190961,17511.0,runner,4,,,,,,,,,
runner_2,38.02387896651864,-84.4675061398716,17517.0,runner,4,,,,,,,,,
runner_2,38.02410413701326,-84.4672684378336,17522.0,runner,4,,,,,,,,,
runner_2,38.024329307507884,-84.46703073579559,17528.0,runner,4,,,,,,,,,
runner_2,38.024516630016976,-84.46674714202182,17534.0,runner,4,,,,,,,,,
runner_2,38.02469334505099,-84.4664506863893,17539.0,runner,4,,,,,,,,,
runner_2,38.02487006008501,-84.46615423075679,17545.0,runner,4,,,,,,,,,
runner_2,38.02504677511902,-84.46585777512426,17551.0,runner,4,,,,,,,,,
runner_2,38.02525798622544,-84.46562593134438,17556.0,runner,4,,,,,,,,,
runner_2,38.025540368765746,-84.46552739312297,17562.0,runner,4,,,,,,,,,
runner_2,38.02582275130605,-84.46542885490156,17567.0,runner,4,,,,,,,,,
runner_2,38.02610513384636,-84.46533031668015,17572.0,runner,4,,,,,,,,,
runner_2,38.02637936666449,-84.46537020680762,17576.0,runner,4,,,,,,,,,
runner_2,38.02664707383,-84.4655209394031,17582.0,runner,4,,,,,,,,,
runner_2,38.026914780995504,-84.46567167199859,17587.0,runner,4,,,,,,,,,
runner_2,38.02718248816101,-84.46582240459409,17592.0,runner,4,,,,,,,,,
runner_2,38.027450195326516,-84.46597313718958,17597.0,runner,4,,,,,,,,,
runner_2,38.02771790249202,-84.46612386978506,17602.0,runner,4,,,,,,,,,
runner_2,38.027985609657534,-84.46627460238055,17608.0,runner,4,,,,,,,,,
runner_2,38.02825331682304,-84.46642533497604,17613.0,runner,4,,,,,,,,,
runner_2,38.02854411583699,-84.46643446747252,17618.0,runner,4,,,,,,,,,
runner_2,38.02883696025459,-84.46643105747557,17623.0,runner,4,,,,,,,,,
runner_2,38.026391551516966,-84.46814347235242,17673.0,runner,4,,,,,,,,,
runner_2,38.0265466275618,-84.46845884704874,17679.0,runner,4,,,,,,,,,
runner_2,38.02670170360664,-84.46877422174504,17685.0,runner,4,,,,,,,,,
runner_2,38.02685677965148,-84.46908959644135,17691.0,runner,4,,,,,,,,,
runner_2,38.027011855696315,-84.46940497113766,17697.0,runner,4,,,,,,,,,
runner_2,38.027202562026105,-84.46967624119414,17703.0,runner,4,,,,,,,,,
runner_2,38.027447,-84.469881,17708.0,runner,4,,,,,,,,,
runner_2,38.027447,-84.469881,18310.0,runner,4,,,,,,,,,
runner_2,38.027202562026105,-84.46967624119414,18315.0,runner,4,,,,,,,,,
runner_2,38.027011855696315,-84.46940497113766,18320.0,runner,4,,,,,,,,,
runner_2,38.02685677965148,-84.46908959644135,18325.0,runner,4,,,,,,,,,
runner_2,38.02670170360664,-84.46877422174504,18331.0,runner,4,,,,,,,,,
runner_2,38.0265466275618,-84.46845884704874,18336.0,runner,4,,,,,,,,,
runner_2,38.026391551516966,-84.46814347235242,18342.0,runner,4,,,,,,,,,
runner_2,38.02627861556047,-84.4678017921503,18347.0,runner,4,,,,,,,,,
runner_2,38.026176529122345,-84.46745333925074,18353.0,runner,4,,,,,,,,,
runner_2,38.02607444268422,-84.46710488635118,18358.0,runner,4,,,,,,,,,
runner_2,38.02597235624609,-84.46675643345164,18364.0,runner,4,,,,,,,,,
runner_2,38.02607444268422,-84.46710488635118,18370.0,runner,4,,,,,,,,,
runner_2,38.026176529122345,-84.46745333925074,18375.0,runner,4,,,,,,,,,
runner_2,38.02627861556047,-84.4678017921503,18381.0,runner,4,,,,,,,,,
runner_2,38.026391551516966,-84.46814347235242,18386.0,runner,4,,,,,,,,,
runner_2,38.0265466275618,-84.46845884704874,18392.0,runner,4,,,,,,,,,
runner_2,38.02670170360664,-84.46877422174504,18397.0,runner,4,,,,,,,,,
runner_2,38.02685677965148,-84.46908959644135,18403.0,runner,4,,,,,,,,,
runner_2,38.027011855696315,-84.46940497113766,18408.0,runner,4,,,,,,,,,
runner_2,38.027202562026105,-84.46967624119414,18413.0,runner,4,,,,,,,,,
runner_2,38.027447,-84.469881,18418.0,runner,4,,,,,,,,,
runner_2,38.027447,-84.469881,18478.0,runner,clubhouse,,,,,,,,,
runner_2,38.027447,-84.469881,18538.0,runner,clubhouse,,,,,,,,,
runner_2,38.027447,-84.469881,18598.0,runner,clubhouse,,,,,,,,,
runner_2,38.027447,-84.469881,18658.0,runner,clubhouse,,,,,,,,,
runner_2,38.027447,-84.469881,18718.0,runner,clubhouse,,,,,,,,,
runner_2,38.027447,-84.469881,18778.0,runner,clubhouse,,,,,,,,,
runner_2,38.027447,-84.469881,19100.0,runner,4,,,,,,,,,
runner_2,38.027202562026105,-84.46967624119414,19105.0,runner,4,,,,,,,,,
runner_2,38.027011855696315,-84.46940497113766,19111.0,runner,4,,,,,,,,,
runner_2,38.02685677965148,-84.46908959644135,19117.0,runner,4,,,,,,,,,
runner_2,38.02670170360664,-84.46877422174504,19123.0,runner,4,,,,,,,,,
runner_2,38.0265466275618,-84.46845884704874,19129.0,runner,4,,,,,,,,,
runner_2,38.026391551516966,-84.46814347235242,19135.0,runner,4,,,,,,,,,
runner_2,38.02883696025459,-84.46643105747557,19185.0,runner,4,,,,,,,,,
runner_2,38.02854411583699,-84.46643446747252,19190.0,runner,4,,,,,,,,,
runner_2,38.02825331682304,-84.46642533497604,19195.0,runner,4,,,,,,,,,
runner_2,38.027985609657534,-84.46627460238055,19201.0,runner,4,,,,,,,,,
runner_2,38.02771790249202,-84.46612386978506,19206.0,runner,4,,,,,,,,,
runner_2,38.027450195326516,-84.46597313718958,19211.0,runner,4,,,,,,,,,
runner_2,38.02718248816101,-84.46582240459409,19216.0,runner,4,,,,,,,,,
runner_2,38.026914780995504,-84.46567167199859,19221.0,runner,4,,,,,,,,,
runner_2,38.02664707383,-84.4655209394031,19227.0,runner,4,,,,,,,,,
runner_2,38.02637936666449,-84.46537020680762,19232.0,runner,4,,,,,,,,,
runner_2,38.02610513384636,-84.46533031668015,19236.0,runner,4,,,,,,,,,
runner_2,38.02582275130605,-84.46542885490156,19242.0,runner,4,,,,,,,,,
runner_2,38.025540368765746,-84.46552739312297,19247.0,runner,4,,,,,,,,,
runner_2,38.02525798622544,-84.46562593134438,19252.0,runner,4,,,,,,,,,
runner_2,38.02504677511902,-84.46585777512426,19257.0,runner,4,,,,,,,,,
runner_2,38.02487006008501,-84.46615423075679,19263.0,runner,4,,,,,,,,,
runner_2,38.02469334505099,-84.4664506863893,19269.0,runner,4,,,,,,,,,
runner_2,38.024516630016976,-84.46674714202182,19275.0,runner,4,,,,,,,,,
runner_2,38.024329307507884,-84.46703073579559,19280.0,runner,4,,,,,,,,,
runner_2,38.02410413701326,-84.4672684378336,19286.0,runner,4,,,,,,,,,
runner_2,38.02387896651864,-84.4675061398716,19291.0,runner,4,,,,,,,,,
runner_2,38.02365379602401,-84.46774384190961,19297.0,runner,4,,,,,,,,,
runner_2,38.023428625529384,-84.46798154394763,19302.0,runner,4,,,,,,,,,
runner_2,38.02320345503476,-84.46821924598564,19308.0,runner,4,,,,,,,,,
runner_2,38.02297828454014,-84.46845694802364,19314.0,runner,4,,,,,,,,,
runner_2,38.02275311404551,-84.46869465006165,19319.0,runner,4,,,,,,,,,
runner_2,38.022527943550884,-84.46893235209967,19325.0,runner,4,,,,,,,,,
runner_2,38.02250809559787,-84.46912267439926,19328.0,runner,4,,,,,,,,,
runner_2,38.0227847606833,-84.46924457405959,19333.0,runner,4,,,,,,,,,
runner_2,38.02304700074746,-84.46940952107451,19338.0,runner,4,,,,,,,,,
runner_2,38.0233080596632,-84.46957799288944,19344.0,runner,4,,,,,,,,,
runner_2,38.02356911857893,-84.46974646470437,19349.0,runner,4,,,,,,,,,
runner_2,38.023830177494666,-84.46991493651929,19354.0,runner,4,,,,,,,,,
runner_2,38.02408867217915,-84.4700867294791,19359.0,runner,4,,,,,,,,,
runner_2,38.02422659553642,-84.47041468419167,19365.0,runner,4,,,,,,,,,
runner_2,38.02436451889369,-84.47074263890424,19371.0,runner,4,,,,,,,,,
runner_2,38.02450244225096,-84.4710705936168,19377.0,runner,4,,,,,,,,,
runner_2,38.024640365608235,-84.47139854832938,19383.0,runner,4,,,,,,,,,
runner_2,38.02477828896551,-84.47172650304194,19389.0,runner,4,,,,,,,,,
runner_2,38.02491621232278,-84.47205445775451,19396.0,runner,4,,,,,,,,,
runner_2,38.02505413568005,-84.47238241246707,19402.0,runner,4,,,,,,,,,
runner_2,38.025278899056985,-84.47258808504574,19407.0,runner,4,,,,,,,,,
runner_2,38.02555709154953,-84.47257705401765,19411.0,runner,4,,,,,,,,,
runner_2,38.02583934778024,-84.47247793374599,19416.0,runner,4,,,,,,,,,
runner_2,38.02612160401096,-84.47237881347434,19422.0,runner,4,,,,,,,,,
runner_2,38.02640386024167,-84.4722796932027,19427.0,runner,4,,,,,,,,,
runner_2,38.02668611647238,-84.47218057293104,19432.0,runner,4,,,,,,,,,
runner_2,38.02678243981026,-84.47202860408251,19435.0,runner,4,,,,,,,,,
runner_2,38.026563435644626,-84.4717818802997,19440.0,runner,4,,,,,,,,,
runner_2,38.02634885610211,-84.4715288746527,19446.0,runner,4,,,,,,,,,
runner_2,38.02613427655959,-84.4712758690057,19452.0,runner,4,,,,,,,,,
runner_2,38.025919697017066,-84.4710228633587,19457.0,runner,4,,,,,,,,,
runner_2,38.02570511747455,-84.47076985771169,19463.0,runner,4,,,,,,,,,
runner_2,38.02549053793203,-84.47051685206469,19468.0,runner,4,,,,,,,,,
runner_2,38.02526317920933,-84.4702884887633,19474.0,runner,4,,,,,,,,,
runner_2,38.0249952935862,-84.47013827428472,19479.0,runner,4,,,,,,,,,
runner_2,38.02472740796308,-84.46998805980614,19484.0,runner,4,,,,,,,,,
runner_2,38.024459522339946,-84.46983784532756,19490.0,runner,4,,,,,,,,,
runner_2,38.024191636716814,-84.46968763084898,19495.0,runner,4,,,,,,,,,
runner_2,38.02392375109368,-84.4695374163704,19500.0,runner,4,,,,,,,,,
runner_2,38.02365586547056,-84.46938720189182,19505.0,runner,4,,,,,,,,,
runner_2,38.02338797984743,-84.46923698741324,19510.0,runner,4,,,,,,,,,
runner_2,38.023120094224296,-84.46908677293466,19516.0,runner,4,,,,,,,,,
runner_2,38.02325287292604,-84.46895459002404,19519.0,runner,4,,,,,,,,,
runner_2,38.023533488405725,-84.46885431220558,19524.0,runner,4,,,,,,,,,
runner_2,38.02382325517176,-84.46880045015152,19529.0,runner,4,,,,,,,,,
runner_2,38.0241130219378,-84.46874658809746,19534.0,runner,4,,,,,,,,,
runner_2,38.02440278870384,-84.4686927260434,19539.0,runner,4,,,,,,,,,
runner_2,38.024692555469876,-84.46863886398934,19544.0,runner,4,,,,,,,,,
runner_2,38.02498232223591,-84.46858500193528,19549.0,runner,4,,,,,,,,,
runner_2,38.025073532373966,-84.46844706466678,19552.0,runner,4,,,,,,,,,
runner_2,38.0248672597656,-84.46818316370741,19557.0,runner,4,,,,,,,,,
runner_2,38.02466098715723,-84.46791926274804,19563.0,runner,4,,,,,,,,,
runner_2,38.02482238831767,-84.46790083513027,19566.0,runner,4,,,,,,,,,
runner_2,38.02511056304286,-84.46796704648648,19571.0,runner,4,,,,,,,,,
runner_2,38.02539873776804,-84.4680332578427,19576.0,runner,4,,,,,,,,,
runner_2,38.02564105472762,-84.46819992052676,19581.0,runner,4,,,,,,,,,
runner_2,38.0258295778387,-84.4684844185096,19586.0,runner,4,,,,,,,,,
runner_2,38.02601810094978,-84.46876891649245,19592.0,runner,4,,,,,,,,,
runner_2,38.026206624060855,-84.4690534144753,19598.0,runner,4,,,,,,,,,
runner_2,38.02601810094978,-84.46876891649245,19604.0,runner,4,,,,,,,,,
runner_2,38.0258295778387,-84.4684844185096,19610.0,runner,4,,,,,,,,,
runner_2,38.02564105472762,-84.46819992052676,19615.0,runner,4,,,,,,,,,
runner_2,38.02539873776804,-84.4680332578427,19620.0,runner,4,,,,,,,,,
runner_2,38.02511056304286,-84.46796704648648,19625.0,runner,4,,,,,,,,,
runner_2,38.02482238831767,-84.46790083513027,19630.0,runner,4,,,,,,,,,
runner_2,38.02466098715723,-84.46791926274804,19633.0,runner,4,,,,,,,,,
runner_2,38.0248672597656,-84.46818316370741,19639.0,runner,4,,,,,,,,,
runner_2,38.025073532373966,-84.46844706466678,19645.0,runner,4,,,,,,,,,
runner_2,38.02498232223591,-84.46858500193528,19647.0,runner,4,,,,,,,,,
runner_2,38.024692555469876,-84.46863886398934,19652.0,runner,4,,,,,,,,,
runner_2,38.02440278870384,-84.4686927260434,19657.0,runner,4,,,,,,,,,
runner_2,38.0241130219378,-84.46874658809746,19662.0,runner,4,,,,,,,,,
runner_2,38.02382325517176,-84.46880045015152,19667.0,runner,4,,,,,,,,,
runner_2,38.023533488405725,-84.46885431220558,19672.0,runner,4,,,,,,,,,
runner_2,38.02325287292604,-84.46895459002404,19677.0,runner,4,,,,,,,,,
runner_2,38.023120094224296,-84.46908677293466,19681.0,runner,4,,,,,,,,,
runner_2,38.02338797984743,-84.46923698741324,19686.0,runner,4,,,,,,,,,
runner_2,38.02365586547056,-84.46938720189182,19691.0,runner,4,,,,,,,,,
runner_2,38.02392375109368,-84.4695374163704,19696.0,runner,4,,,,,,,,,
runner_2,38.024191636716814,-84.46968763084898,19701.0,runner,4,,,,,,,,,
runner_2,38.024459522339946,-84.46983784532756,19707.0,runner,4,,,,,,,,,
runner_2,38.02472740796308,-84.46998805980614,19712.0,runner,4,,,,,,,,,
runner_2,38.0249952935862,-84.47013827428472,19717.0,runner,4,,,,,,,,,
runner_2,38.02526317920933,-84.4702884887633,19722.0,runner,4,,,,,,,,,
runner_2,38.02549053793203,-84.47051685206469,19728.0,runner,4,,,,,,,,,
runner_2,38.02570511747455,-84.47076985771169,19733.0,runner,4,,,,,,,,,
runner_2,38.025919697017066,-84.4710228633587,19739.0,runner,4,,,,,,,,,
runner_2,38.02613427655959,-84.4712758690057,19745.0,runner,4,,,,,,,,,
runner_2,38.02634885610211,-84.4715288746527,19750.0,runner,4,,,,,,,,,
runner_2,38.026563435644626,-84.4717818802997,19756.0,runner,4,,,,,,,,,
runner_2,38.02678243981026,-84.47202860408251,19762.0,runner,4,,,,,,,,,
runner_2,38.02668611647238,-84.47218057293104,19765.0,runner,4,,,,,,,,,
runner_2,38.02640386024167,-84.4722796932027,19770.0,runner,4,,,,,,,,,
runner_2,38.02612160401096,-84.47237881347434,19775.0,runner,4,,,,,,,,,
runner_2,38.02583934778024,-84.47247793374599,19780.0,runner,4,,,,,,,,,
runner_2,38.02555709154953,-84.47257705401765,19785.0,runner,4,,,,,,,,,
runner_2,38.025278899056985,-84.47258808504574,19790.0,runner,4,,,,,,,,,
runner_2,38.02505413568005,-84.47238241246707,19795.0,runner,4,,,,,,,,,
runner_2,38.02491621232278,-84.47205445775451,19801.0,runner,4,,,,,,,,,
runner_2,38.02477828896551,-84.47172650304194,19807.0,runner,4,,,,,,,,,
runner_2,38.024640365608235,-84.47139854832938,19813.0,runner,4,,,,,,,,,
runner_2,38.02450244225096,-84.4710705936168,19819.0,runner,4,,,,,,,,,
runner_2,38.02436451889369,-84.47074263890424,19825.0,runner,4,,,,,,,,,
runner_2,38.02422659553642,-84.47041468419167,19831.0,runner,4,,,,,,,,,
runner_2,38.02408867217915,-84.4700867294791,19837.0,runner,4,,,,,,,,,
runner_2,38.023830177494666,-84.46991493651929,19842.0,runner,4,,,,,,,,,
runner_2,38.02356911857893,-84.46974646470437,19848.0,runner,4,,,,,,,,,
runner_2,38.0233080596632,-84.46957799288944,19853.0,runner,4,,,,,,,,,
runner_2,38.02304700074746,-84.46940952107451,19858.0,runner,4,,,,,,,,,
runner_2,38.0227847606833,-84.46924457405959,19863.0,runner,4,,,,,,,,,
runner_2,38.02250809559787,-84.46912267439926,19869.0,runner,4,,,,,,,,,
runner_2,38.022527943550884,-84.46893235209967,19872.0,runner,4,,,,,,,,,
runner_2,38.02275311404551,-84.46869465006165,19877.0,runner,4,,,,,,,,,
runner_2,38.02297828454014,-84.46845694802364,19883.0,runner,4,,,,,,,,,
runner_2,38.02320345503476,-84.46821924598564,19889.0,runner,4,,,,,,,,,
runner_2,38.023428625529384,-84.46798154394763,19894.0,runner,4,,,,,,,,,
runner_2,38.02365379602401,-84.46774384190961,19900.0,runner,4,,,,,,,,,
runner_2,38.02387896651864,-84.4675061398716,19905.0,runner,4,,,,,,,,,
runner_2,38.02410413701326,-84.4672684378336,19911.0,runner,4,,,,,,,,,
runner_2,38.024329307507884,-84.46703073579559,19916.0,runner,4,,,,,,,,,
runner_2,38.024516630016976,-84.46674714202182,19922.0,runner,4,,,,,,,,,
runner_2,38.02469334505099,-84.4664506863893,19928.0,runner,4,,,,,,,,,
runner_2,38.02487006008501,-84.46615423075679,19934.0,runner,4,,,,,,,,,
runner_2,38.02504677511902,-84.46585777512426,19940.0,runner,4,,,,,,,,,
runner_2,38.02525798622544,-84.46562593134438,19945.0,runner,4,,,,,,,,,
runner_2,38.025540368765746,-84.46552739312297,19950.0,runner,4,,,,,,,,,
runner_2,38.02582275130605,-84.46542885490156,19955.0,runner,4,,,,,,,,,
runner_2,38.02610513384636,-84.46533031668015,19960.0,runner,4,,,,,,,,,
runner_2,38.02637936666449,-84.46537020680762,19965.0,runner,4,,,,,,,,,
runner_2,38.02664707383,-84.4655209394031,19970.0,runner,4,,,,,,,,,
runner_2,38.026914780995504,-84.46567167199859,19975.0,runner,4,,,,,,,,,
runner_2,38.02718248816101,-84.46582240459409,19981.0,runner,4,,,,,,,,,
runner_2,38.027450195326516,-84.46597313718958,19986.0,runner,4,,,,,,,,,
runner_2,38.02771790249202,-84.46612386978506,19991.0,runner,4,,,,,,,,,
runner_2,38.027985609657534,-84.46627460238055,19996.0,runner,4,,,,,,,,,
runner_2,38.02825331682304,-84.46642533497604,20001.0,runner,4,,,,,,,,,
runner_2,38.02854411583699,-84.46643446747252,20006.0,runner,4,,,,,,,,,
runner_2,38.02883696025459,-84.46643105747557,20011.0,runner,4,,,,,,,,,
runner_2,38.026391551516966,-84.46814347235242,20062.0,runner,4,,,,,,,,,
runner_2,38.0265466275618,-84.46845884704874,20068.0,runner,4,,,,,,,,,
runner_2,38.02670170360664,-84.46877422174504,20074.0,runner,4,,,,,,,,,
runner_2,38.02685677965148,-84.46908959644135,20080.0,runner,4,,,,,,,,,
runner_2,38.027011855696315,-84.46940497113766,20086.0,runner,4,,,,,,,,,
runner_2,38.027202562026105,-84.46967624119414,20092.0,runner,4,,,,,,,,,
runner_2,38.027447,-84.469881,20097.0,runner,4,,,,,,,,,
runner_2,38.027447,-84.469881,20157.0,runner,clubhouse,,,,,,,,,
runner_2,38.027447,-84.469881,20217.0,runner,clubhouse,,,,,,,,,
runner_2,38.027447,-84.469881,21070.0,runner,4,,,,,,,,,
runner_2,38.027202562026105,-84.46967624119414,21075.0,runner,4,,,,,,,,,
runner_2,38.027011855696315,-84.46940497113766,21080.0,runner,4,,,,,,,,,
runner_2,38.02685677965148,-84.46908959644135,21086.0,runner,4,,,,,,,,,
runner_2,38.02670170360664,-84.46877422174504,21091.0,runner,4,,,,,,,,,
runner_2,38.0265466275618,-84.46845884704874,21097.0,runner,4,,,,,,,,,
runner_2,38.02670170360664,-84.46877422174504,21103.0,runner,4,,,,,,,,,
runner_2,38.02685677965148,-84.46908959644135,21108.0,runner,4,,,,,,,,,
runner_2,38.027011855696315,-84.46940497113766,21114.0,runner,4,,,,,,,,,
runner_2,38.027202562026105,-84.46967624119414,21119.0,runner,4,,,,,,,,,
runner_2,38.027447,-84.469881,21124.0,runner,4,,,,,,,,,
runner_2,38.027447,-84.469881,23995.0,runner,18,,,,,,,,,
runner_2,38.027202562026105,-84.46967624119414,24000.0,runner,18,,,,,,,,,
runner_2,38.027011855696315,-84.46940497113766,24005.0,runner,18,,,,,,,,,
runner_2,38.02685677965148,-84.46908959644135,24011.0,runner,18,,,,,,,,,
runner_2,38.02670170360664,-84.46877422174504,24016.0,runner,18,,,,,,,,,
runner_2,38.0265466275618,-84.46845884704874,24021.0,runner,18,,,,,,,,,
runner_2,38.026391551516966,-84.46814347235242,24027.0,runner,18,,,,,,,,,
runner_2,38.02627861556047,-84.4678017921503,24032.0,runner,18,,,,,,,,,
runner_2,38.026176529122345,-84.46745333925074,24038.0,runner,18,,,,,,,,,
runner_2,38.02627861556047,-84.4678017921503,24045.0,runner,18,,,,,,,,,
runner_2,38.026391551516966,-84.46814347235242,24051.0,runner,18,,,,,,,,,
runner_2,38.0265466275618,-84.46845884704874,24058.0,runner,18,,,,,,,,,
runner_2,38.02670170360664,-84.46877422174504,24064.0,runner,18,,,,,,,,,
runner_2,38.02685677965148,-84.46908959644135,24071.0,runner,18,,,,,,,,,
runner_2,38.027011855696315,-84.46940497113766,24077.0,runner,18,,,,,,,,,
runner_2,38.027202562026105,-84.46967624119414,24084.0,runner,18,,,,,,,,,
runner_2,38.027447,-84.469881,24089.0,runner,18,,,,,,,,,
runner_2,38.027447,-84.469881,24149.0,runner,clubhouse,,,,,,,,,
runner_2,38.027447,-84.469881,24209.0,runner,clubhouse,,,,,,,,,
runner_2,38.027447,-84.469881,24269.0,runner,clubhouse,,,,,,,,,
runner_2,38.027447,-84.469881,24329.0,runner,clubhouse,,,,,,,,,
runner_2,38.027447,-84.469881,24389.0,runner,clubhouse,,,,,,,,,
runner_2,38.027447,-84.469881,24449.0,runner,clubhouse,,,,,,,,,
runner_2,38.027447,-84.469881,24509.0,runner,clubhouse,,,,,,,,,
runner_2,38.027447,-84.469881,24853.0,runner,4,,,,,,,,,
runner_2,38.027202562026105,-84.46967624119414,24858.0,runner,4,,,,,,,,,
runner_2,38.027011855696315,-84.46940497113766,24864.0,runner,4,,,,,,,,,
runner_2,38.02685677965148,-84.46908959644135,24870.0,runner,4,,,,,,,,,
runner_2,38.02670170360664,-84.46877422174504,24876.0,runner,4,,,,,,,,,
runner_2,38.0265466275618,-84.46845884704874,24882.0,runner,4,,,,,,,,,
runner_2,38.026391551516966,-84.46814347235242,24888.0,runner,4,,,,,,,,,
runner_2,38.02883696025459,-84.46643105747557,24938.0,runner,4,,,,,,,,,
runner_2,38.02854411583699,-84.46643446747252,24943.0,runner,4,,,,,,,,,
runner_2,38.02825331682304,-84.46642533497604,24948.0,runner,4,,,,,,,,,
runner_2,38.027985609657534,-84.46627460238055,24953.0,runner,4,,,,,,,,,
runner_2,38.02771790249202,-84.46612386978506,24958.0,runner,4,,,,,,,,,
runner_2,38.027450195326516,-84.46597313718958,24963.0,runner,4,,,,,,,,,
runner_2,38.02718248816101,-84.46582240459409,24968.0,runner,4,,,,,,,,,
runner_2,38.026914780995504,-84.46567167199859,24974.0,runner,4,,,,,,,,,
runner_2,38.02664707383,-84.4655209394031,24979.0,runner,4,,,,,,,,,
runner_2,38.02637936666449,-84.46537020680762,24984.0,runner,4,,,,,,,,,
runner_2,38.02610513384636,-84.46533031668015,24989.0,runner,4,,,,,,,,,
runner_2,38.02582275130605,-84.46542885490156,24994.0,runner,4,,,,,,,,,
runner_2,38.025540368765746,-84.46552739312297,24999.0,runner,4,,,,,,,,,
runner_2,38.02525798622544,-84.46562593134438,25004.0,runner,4,,,,,,,,,
runner_2,38.02504677511902,-84.46585777512426,25009.0,runner,4,,,,,,,,,
runner_2,38.02487006008501,-84.46615423075679,25015.0,runner,4,,,,,,,,,
runner_2,38.02469334505099,-84.4664506863893,25021.0,runner,4,,,,,,,,,
runner_2,38.024516630016976,-84.46674714202182,25027.0,runner,4,,,,,,,,,
runner_2,38.024329307507884,-84.46703073579559,25032.0,runner,4,,,,,,,,,
runner_2,38.02410413701326,-84.4672684378336,25038.0,runner,4,,,,,,,,,
runner_2,38.02387896651864,-84.4675061398716,25043.0,runner,4,,,,,,,,,
runner_2,38.02365379602401,-84.46774384190961,25049.0,runner,4,,,,,,,,,
runner_2,38.023428625529384,-84.46798154394763,25054.0,runner,4,,,,,,,,,
runner_2,38.02320345503476,-84.46821924598564,25060.0,runner,4,,,,,,,,,
runner_2,38.02297828454014,-84.46845694802364,25065.0,runner,4,,,,,,,,,
runner_2,38.02275311404551,-84.46869465006165,25071.0,runner,4,,,,,,,,,
runner_2,38.022527943550884,-84.46893235209967,25076.0,runner,4,,,,,,,,,
runner_2,38.02250809559787,-84.46912267439926,25080.0,runner,4,,,,,,,,,
runner_2,38.0227847606833,-84.46924457405959,25085.0,runner,4,,,,,,,,,
runner_2,38.02304700074746,-84.46940952107451,25090.0,runner,4,,,,,,,,,
runner_2,38.0233080596632,-84.46957799288944,25095.0,runner,4,,,,,,,,,
runner_2,38.02356911857893,-84.46974646470437,25100.0,runner,4,,,,,,,,,
runner_2,38.023830177494666,-84.46991493651929,25106.0,runner,4,,,,,,,,,
runner_2,38.02408867217915,-84.4700867294791,25111.0,runner,4,,,,,,,,,
runner_2,38.02422659553642,-84.47041468419167,25117.0,runner,4,,,,,,,,,
runner_2,38.02436451889369,-84.47074263890424,25123.0,runner,4,,,,,,,,,
runner_2,38.02450244225096,-84.4710705936168,25129.0,runner,4,,,,,,,,,
runner_2,38.024640365608235,-84.47139854832938,25135.0,runner,4,,,,,,,,,
runner_2,38.02477828896551,-84.47172650304194,25141.0,runner,4,,,,,,,,,
runner_2,38.02491621232278,-84.47205445775451,25147.0,runner,4,,,,,,,,,
runner_2,38.02505413568005,-84.47238241246707,25153.0,runner,4,,,,,,,,,
runner_2,38.025278899056985,-84.47258808504574,25158.0,runner,4,,,,,,,,,
runner_2,38.02555709154953,-84.47257705401765,25163.0,runner,4,,,,,,,,,
runner_2,38.02583934778024,-84.47247793374599,25168.0,runner,4,,,,,,,,,
runner_2,38.02612160401096,-84.47237881347434,25173.0,runner,4,,,,,,,,,
runner_2,38.02640386024167,-84.4722796932027,25178.0,runner,4,,,,,,,,,
runner_2,38.02668611647238,-84.47218057293104,25183.0,runner,4,,,,,,,,,
runner_2,38.02678243981026,-84.47202860408251,25186.0,runner,4,,,,,,,,,
runner_2,38.026563435644626,-84.4717818802997,25191.0,runner,4,,,,,,,,,
runner_2,38.02634885610211,-84.4715288746527,25197.0,runner,4,,,,,,,,,
runner_2,38.026563435644626,-84.4717818802997,25203.0,runner,4,,,,,,,,,
runner_2,38.02678243981026,-84.47202860408251,25208.0,runner,4,,,,,,,,,
runner_2,38.02668611647238,-84.47218057293104,25211.0,runner,4,,,,,,,,,
runner_2,38.02640386024167,-84.4722796932027,25216.0,runner,4,,,,,,,,,
runner_2,38.02612160401096,-84.47237881347434,25221.0,runner,4,,,,,,,,,
runner_2,38.02583934778024,-84.47247793374599,25226.0,runner,4,,,,,,,,,
runner_2,38.02555709154953,-84.47257705401765,25231.0,runner,4,,,,,,,,,
runner_2,38.025278899056985,-84.47258808504574,25236.0,runner,4,,,,,,,,,
runner_2,38.02505413568005,-84.47238241246707,25241.0,runner,4,,,,,,,,,
runner_2,38.02491621232278,-84.47205445775451,25247.0,runner,4,,,,,,,,,
runner_2,38.02477828896551,-84.47172650304194,25253.0,runner,4,,,,,,,,,
runner_2,38.024640365608235,-84.47139854832938,25259.0,runner,4,,,,,,,,,
runner_2,38.02450244225096,-84.4710705936168,25265.0,runner,4,,,,,,,,,
runner_2,38.02436451889369,-84.47074263890424,25271.0,runner,4,,,,,,,,,
runner_2,38.02422659553642,-84.47041468419167,25277.0,runner,4,,,,,,,,,
runner_2,38.02408867217915,-84.4700867294791,25283.0,runner,4,,,,,,,,,
runner_2,38.023830177494666,-84.46991493651929,25288.0,runner,4,,,,,,,,,
runner_2,38.02356911857893,-84.46974646470437,25293.0,runner,4,,,,,,,,,
runner_2,38.0233080596632,-84.46957799288944,25299.0,runner,4,,,,,,,,,
runner_2,38.02304700074746,-84.46940952107451,25304.0,runner,4,,,,,,,,,
runner_2,38.0227847606833,-84.46924457405959,25309.0,runner,4,,,,,,,,,
runner_2,38.02250809559787,-84.46912267439926,25314.0,runner,4,,,,,,,,,
runner_2,38.022527943550884,-84.46893235209967,25317.0,runner,4,,,,,,,,,
runner_2,38.02275311404551,-84.46869465006165,25323.0,runner,4,,,,,,,,,
runner_2,38.02297828454014,-84.46845694802364,25328.0,runner,4,,,,,,,,,
runner_2,38.02320345503476,-84.46821924598564,25334.0,runner,4,,,,,,,,,
runner_2,38.023428625529384,-84.46798154394763,25339.0,runner,4,,,,,,,,,
runner_2,38.02365379602401,-84.46774384190961,25345.0,runner,4,,,,,,,,,
runner_2,38.02387896651864,-84.4675061398716,25350.0,runner,4,,,,,,,,,
runner_2,38.02410413701326,-84.4672684378336,25356.0,runner,4,,,,,,,,,
runner_2,38.024329307507884,-84.46703073579559,25361.0,runner,4,,,,,,,,,
runner_2,38.024516630016976,-84.46674714202182,25367.0,runner,4,,,,,,,,,
runner_2,38.02469334505099,-84.4664506863893,25373.0,runner,4,,,,,,,,,
runner_2,38.02487006008501,-84.46615423075679,25379.0,runner,4,,,,,,,,,
runner_2,38.02504677511902,-84.46585777512426,25384.0,runner,4,,,,,,,,,
runner_2,38.02525798622544,-84.46562593134438,25390.0,runner,4,,,,,,,,,
runner_2,38.025540368765746,-84.46552739312297,25395.0,runner,4,,,,,,,,,
runner_2,38.02582275130605,-84.46542885490156,25400.0,runner,4,,,,,,,,,
runner_2,38.02610513384636,-84.46533031668015,25405.0,runner,4,,,,,,,,,
runner_2,38.02637936666449,-84.46537020680762,25409.0,runner,4,,,,,,,,,
runner_2,38.02664707383,-84.4655209394031,25415.0,runner,4,,,,,,,,,
runner_2,38.026914780995504,-84.46567167199859,25420.0,runner,4,,,,,,,,,
runner_2,38.02718248816101,-84.46582240459409,25425.0,runner,4,,,,,,,,,
runner_2,38.027450195326516,-84.46597313718958,25430.0,runner,4,,,,,,,,,
runner_2,38.02771790249202,-84.46612386978506,25435.0,runner,4,,,,,,,,,
runner_2,38.027985609657534,-84.46627460238055,25440.0,runner,4,,,,,,,,,
runner_2,38.02825331682304,-84.46642533497604,25445.0,runner,4,,,,,,,,,
runner_2,38.02854411583699,-84.46643446747252,25450.0,runner,4,,,,,,,,,
runner_2,38.02883696025459,-84.46643105747557,25455.0,runner,4,,,,,,,,,
runner_2,38.026391551516966,-84.46814347235242,25505.0,runner,4,,,,,,,,,
runner_2,38.0265466275618,-84.46845884704874,25511.0,runner,4,,,,,,,,,
runner_2,38.02670170360664,-84.46877422174504,25517.0,runner,4,,,,,,,,,
runner_2,38.02685677965148,-84.46908959644135,25523.0,runner,4,,,,,,,,,
runner_2,38.027011855696315,-84.46940497113766,25529.0,runner,4,,,,,,,,,
runner_2,38.027202562026105,-84.46967624119414,25535.0,runner,4,,,,,,,,,
runner_2,38.027447,-84.469881,25540.0,runner,4,,,,,,,,,
runner_2,38.027447,-84.469881,25600.0,runner,clubhouse,,,,,,,,,
runner_2,38.027447,-84.469881,25660.0,runner,clubhouse,,,,,,,,,
runner_2,38.027447,-84.469881,25720.0,runner,clubhouse,,,,,,,,,
runner_2,38.027447,-84.469881,25780.0,runner,clubhouse,,,,,,,,,
runner_2,38.027447,-84.469881,25840.0,runner,clubhouse,,,,,,,,,
runner_2,38.027447,-84.469881,25900.0,runner,clubhouse,,,,,,,,,
runner_2,38.027447,-84.469881,26145.0,runner,4,,,,,,,,,
runner_2,38.027202562026105,-84.46967624119414,26150.0,runner,4,,,,,,,,,
runner_2,38.027011855696315,-84.46940497113766,26156.0,runner,4,,,,,,,,,
runner_2,38.02685677965148,-84.46908959644135,26162.0,runner,4,,,,,,,,,
runner_2,38.02670170360664,-84.46877422174504,26168.0,runner,4,,,,,,,,,
runner_2,38.0265466275618,-84.46845884704874,26174.0,runner,4,,,,,,,,,
runner_2,38.026391551516966,-84.46814347235242,26180.0,runner,4,,,,,,,,,
runner_2,38.02883696025459,-84.46643105747557,26231.0,runner,4,,,,,,,,,
runner_2,38.02912980467218,-84.46642764747862,26236.0,runner,4,,,,,,,,,
runner_2,38.029422649089774,-84.46642423748168,26241.0,runner,4,,,,,,,,,
runner_2,38.029714660100595,-84.46640554510962,26246.0,runner,4,,,,,,,,,
runner_2,38.03000508074206,-84.46635768976212,26251.0,runner,4,,,,,,,,,
runner_2,38.03029550138352,-84.46630983441462,26256.0,runner,4,,,,,,,,,
runner_2,38.03000508074206,-84.46635768976212,26261.0,runner,4,,,,,,,,,
runner_2,38.029714660100595,-84.46640554510962,26266.0,runner,4,,,,,,,,,
runner_2,38.029422649089774,-84.46642423748168,26271.0,runner,4,,,,,,,,,
runner_2,38.02912980467218,-84.46642764747862,26276.0,runner,4,,,,,,,,,
runner_2,38.02883696025459,-84.46643105747557,26281.0,runner,4,,,,,,,,,
runner_2,38.026391551516966,-84.46814347235242,26332.0,runner,4,,,,,,,,,
runner_2,38.0265466275618,-84.46845884704874,26338.0,runner,4,,,,,,,,,
runner_2,38.02670170360664,-84.46877422174504,26344.0,runner,4,,,,,,,,,
runner_2,38.02685677965148,-84.46908959644135,26350.0,runner,4,,,,,,,,,
runner_2,38.027011855696315,-84.46940497113766,26356.0,runner,4,,,,,,,,,
runner_2,38.027202562026105,-84.46967624119414,26362.0,runner,4,,,,,,,,,
runner_2,38.027447,-84.469881,26367.0,runner,4,,,,,,,,,
runner_2,38.027447,-84.469881,26427.0,runner,clubhouse,,,,,,,,,
runner_2,38.027447,-84.469881,26487.0,runner,clubhouse,,,,,,,,,
runner_2,38.027447,-84.469881,26547.0,runner,clubhouse,,,,,,,,,
runner_2,38.027447,-84.469881,26607.0,runner,clubhouse,,,,,,,,,
runner_2,38.027447,-84.469881,26667.0,runner,clubhouse,,,,,,,,,
runner_2,38.027447,-84.469881,26727.0,runner,clubhouse,,,,,,,,,
runner_2,38.027447,-84.469881,26787.0,runner,clubhouse,,,,,,,,,
runner_2,38.027447,-84.469881,26847.0,runner,clubhouse,,,,,,,,,
runner_2,38.027447,-84.469881,26907.0,runner,clubhouse,,,,,,,,,
runner_2,38.027447,-84.469881,27830.0,runner,4,,,,,,,,,
runner_2,38.027202562026105,-84.46967624119414,27835.0,runner,4,,,,,,,,,
runner_2,38.027011855696315,-84.46940497113766,27841.0,runner,4,,,,,,,,,
runner_2,38.02685677965148,-84.46908959644135,27847.0,runner,4,,,,,,,,,
runner_2,38.02670170360664,-84.46877422174504,27853.0,runner,4,,,,,,,,,
runner_2,38.0265466275618,-84.46845884704874,27859.0,runner,4,,,,,,,,,
runner_2,38.026391551516966,-84.46814347235242,27865.0,runner,4,,,,,,,,,
runner_2,38.02883696025459,-84.46643105747557,27915.0,runner,4,,,,,,,,,
runner_2,38.02854411583699,-84.46643446747252,27920.0,runner,4,,,,,,,,,
runner_2,38.02825331682304,-84.46642533497604,27925.0,runner,4,,,,,,,,,
runner_2,38.027985609657534,-84.46627460238055,27930.0,runner,4,,,,,,,,,
runner_2,38.02771790249202,-84.46612386978506,27935.0,runner,4,,,,,,,,,
runner_2,38.027450195326516,-84.46597313718958,27940.0,runner,4,,,,,,,,,
runner_2,38.02718248816101,-84.46582240459409,27946.0,runner,4,,,,,,,,,
runner_2,38.026914780995504,-84.46567167199859,27951.0,runner,4,,,,,,,,,
runner_2,38.02664707383,-84.4655209394031,27956.0,runner,4,,,,,,,,,
runner_2,38.02637936666449,-84.46537020680762,27961.0,runner,4,,,,,,,,,
runner_2,38.02610513384636,-84.46533031668015,27966.0,runner,4,,,,,,,,,
runner_2,38.02582275130605,-84.46542885490156,27971.0,runner,4,,,,,,,,,
runner_2,38.025540368765746,-84.46552739312297,27976.0,runner,4,,,,,,,,,
runner_2,38.02525798622544,-84.46562593134438,27981.0,runner,4,,,,,,,,,
runner_2,38.02504677511902,-84.46585777512426,27986.0,runner,4,,,,,,,,,
runner_2,38.02487006008501,-84.46615423075679,27992.0,runner,4,,,,,,,,,
runner_2,38.02469334505099,-84.4664506863893,27998.0,runner,4,,,,,,,,,
runner_2,38.024516630016976,-84.46674714202182,28004.0,runner,4,,,,,,,,,
runner_2,38.024329307507884,-84.46703073579559,28009.0,runner,4,,,,,,,,,
runner_2,38.02410413701326,-84.4672684378336,28015.0,runner,4,,,,,,,,,
runner_2,38.02387896651864,-84.4675061398716,28020.0,runner,4,,,,,,,,,
runner_2,38.02365379602401,-84.46774384190961,28026.0,runner,4,,,,,,,,,
runner_2,38.023428625529384,-84.46798154394763,28031.0,runner,4,,,,,,,,,
runner_2,38.02320345503476,-84.46821924598564,28037.0,runner,4,,,,,,,,,
runner_2,38.02297828454014,-84.46845694802364,28042.0,runner,4,,,,,,,,,
runner_2,38.02275311404551,-84.46869465006165,28048.0,runner,4,,,,,,,,,
runner_2,38.022527943550884,-84.46893235209967,28054.0,runner,4,,,,,,,,,
runner_2,38.02250809559787,-84.46912267439926,28057.0,runner,4,,,,,,,,,
runner_2,38.0227847606833,-84.46924457405959,28062.0,runner,4,,,,,,,,,
runner_2,38.02304700074746,-84.46940952107451,28067.0,runner,4,,,,,,,,,
runner_2,38.0233080596632,-84.46957799288944,28072.0,runner,4,,,,,,,,,
runner_2,38.02356911857893,-84.46974646470437,28078.0,runner,4,,,,,,,,,
runner_2,38.023830177494666,-84.46991493651929,28083.0,runner,4,,,,,,,,,
runner_2,38.02408867217915,-84.4700867294791,28088.0,runner,4,,,,,,,,,
runner_2,38.02422659553642,-84.47041468419167,28094.0,runner,4,,,,,,,,,
runner_2,38.02436451889369,-84.47074263890424,28100.0,runner,4,,,,,,,,,
runner_2,38.02450244225096,-84.4710705936168,28106.0,runner,4,,,,,,,,,
runner_2,38.02436451889369,-84.47074263890424,28112.0,runner,4,,,,,,,,,
runner_2,38.02422659553642,-84.47041468419167,28118.0,runner,4,,,,,,,,,
runner_2,38.02408867217915,-84.4700867294791,28124.0,runner,4,,,,,,,,,
runner_2,38.023830177494666,-84.46991493651929,28129.0,runner,4,,,,,,,,,
runner_2,38.02356911857893,-84.46974646470437,28134.0,runner,4,,,,,,,,,
runner_2,38.0233080596632,-84.46957799288944,28140.0,runner,4,,,,,,,,,
runner_2,38.02304700074746,-84.46940952107451,28145.0,runner,4,,,,,,,,,
runner_2,38.0227847606833,-84.46924457405959,28150.0,runner,4,,,,,,,,,
runner_2,38.02250809559787,-84.46912267439926,28155.0,runner,4,,,,,,,,,
runner_2,38.022527943550884,-84.46893235209967,28158.0,runner,4,,,,,,,,,
runner_2,38.02275311404551,-84.46869465006165,28164.0,runner,4,,,,,,,,,
runner_2,38.02297828454014,-84.46845694802364,28170.0,runner,4,,,,,,,,,
runner_2,38.02320345503476,-84.46821924598564,28175.0,runner,4,,,,,,,,,
runner_2,38.023428625529384,-84.46798154394763,28181.0,runner,4,,,,,,,,,
runner_2,38.02365379602401,-84.46774384190961,28186.0,runner,4,,,,,,,,,
runner_2,38.02387896651864,-84.4675061398716,28192.0,runner,4,,,,,,,,,
runner_2,38.02410413701326,-84.4672684378336,28197.0,runner,4,,,,,,,,,
runner_2,38.024329307507884,-84.46703073579559,28203.0,runner,4,,,,,,,,,
runner_2,38.024516630016976,-84.46674714202182,28208.0,runner,4,,,,,,,,,
runner_2,38.02469334505099,-84.4664506863893,28214.0,runner,4,,,,,,,,,
runner_2,38.02487006008501,-84.46615423075679,28220.0,runner,4,,,,,,,,,
runner_2,38.02504677511902,-84.46585777512426,28226.0,runner,4,,,,,,,,,
runner_2,38.02525798622544,-84.46562593134438,28231.0,runner,4,,,,,,,,,
runner_2,38.025540368765746,-84.46552739312297,28236.0,runner,4,,,,,,,,,
runner_2,38.02582275130605,-84.46542885490156,28241.0,runner,4,,,,,,,,,
runner_2,38.02610513384636,-84.46533031668015,28246.0,runner,4,,,,,,,,,
runner_2,38.02637936666449,-84.46537020680762,28251.0,runner,4,,,,,,,,,
runner_2,38.02664707383,-84.4655209394031,28256.0,runner,4,,,,,,,,,
runner_2,38.026914780995504,-84.46567167199859,28261.0,runner,4,,,,,,,,,
runner_2,38.02718248816101,-84.46582240459409,28266.0,runner,4,,,,,,,,,
runner_2,38.027450195326516,-84.46597313718958,28272.0,runner,4,,,,,,,,,
runner_2,38.02771790249202,-84.46612386978506,28277.0,runner,4,,,,,,,,,
runner_2,38.027985609657534,-84.46627460238055,28282.0,runner,4,,,,,,,,,
runner_2,38.02825331682304,-84.46642533497604,28287.0,runner,4,,,,,,,,,
runner_2,38.02854411583699,-84.46643446747252,28292.0,runner,4,,,,,,,,,
runner_2,38.02883696025459,-84.46643105747557,28297.0,runner,4,,,,,,,,,
runner_2,38.026391551516966,-84.46814347235242,28347.0,runner,4,,,,,,,,,
runner_2,38.0265466275618,-84.46845884704874,28353.0,runner,4,,,,,,,,,
runner_2,38.02670170360664,-84.46877422174504,28359.0,runner,4,,,,,,,,,
runner_2,38.02685677965148,-84.46908959644135,28365.0,runner,4,,,,,,,,,
runner_2,38.027011855696315,-84.46940497113766,28371.0,runner,4,,,,,,,,,
runner_2,38.027202562026105,-84.46967624119414,28377.0,runner,4,,,,,,,,,
runner_2,38.027447,-84.469881,28382.0,runner,4,,,,,,,,,
runner_2,38.027447,-84.469881,28442.0,runner,clubhouse,,,,,,,,,
runner_2,38.027447,-84.469881,28502.0,runner,clubhouse,,,,,,,,,
runner_2,38.027447,-84.469881,28562.0,runner,clubhouse,,,,,,,,,
runner_2,38.027447,-84.469881,28622.0,runner,clubhouse,,,,,,,,,
runner_2,38.027447,-84.469881,28682.0,runner,clubhouse,,,,,,,,,
runner_2,38.027447,-84.469881,28742.0,runner,clubhouse,,,,,,,,,
runner_2,38.027447,-84.469881,28802.0,runner,clubhouse,,,,,,,,,
runner_2,38.027447,-84.469881,28862.0,runner,clubhouse,,,,,,,,,
runner_2,38.027447,-84.469881,28922.0,runner,clubhouse,,,,,,,,,
runner_2,38.027447,-84.469881,28982.0,runner,clubhouse,,,,,,,,,
runner_2,38.027447,-84.469881,29042.0,runner,clubhouse,,,,,,,,,
runner_2,38.027447,-84.469881,29102.0,runner,clubhouse,,,,,,,,,
runner_2,38.027447,-84.469881,29162.0,runner,clubhouse,,,,,,,,,
runner_2,38.027447,-84.469881,29222.0,runner,clubhouse,,,,,,,,,
runner_2,38.027447,-84.469881,29282.0,runner,clubhouse,,,,,,,,,
runner_2,38.027447,-84.469881,29342.0,runner,clubhouse,,,,,,,,,
runner_2,38.027447,-84.469881,29402.0,runner,clubhouse,,,,,,,,,
runner_2,38.027447,-84.469881,29462.0,runner,clubhouse,,,,,,,,,
runner_2,38.027447,-84.469881,29522.0,runner,clubhouse,,,,,,,,,
runner_2,38.027447,-84.469881,29582.0,runner,clubhouse,,,,,,,,,
runner_2,38.027447,-84.469881,29642.0,runner,clubhouse,,,,,,,,,
runner_2,38.027447,-84.469881,29702.0,runner,clubhouse,,,,,,,,,
runner_2,38.027447,-84.469881,29762.0,runner,clubhouse,,,,,,,,,
runner_2,38.027447,-84.469881,29822.0,runner,clubhouse,,,,,,,,,
runner_2,38.027447,-84.469881,29882.0,runner,clubhouse,,,,,,,,,
runner_2,38.027447,-84.469881,29942.0,runner,clubhouse,,,,,,,,,
runner_2,38.027447,-84.469881,30002.0,runner,clubhouse,,,,,,,,,
runner_2,38.027447,-84.469881,30062.0,runner,clubhouse,,,,,,,,,
runner_2,38.027447,-84.469881,30122.0,runner,clubhouse,,,,,,,,,
runner_2,38.027447,-84.469881,30182.0,runner,clubhouse,,,,,,,,,
runner_2,38.027447,-84.469881,30242.0,runner,clubhouse,,,,,,,,,
runner_2,38.027447,-84.469881,30302.0,runner,clubhouse,,,,,,,,,
runner_2,38.027447,-84.469881,30362.0,runner,clubhouse,,,,,,,,,
runner_2,38.027447,-84.469881,30422.0,runner,clubhouse,,,,,,,,,
runner_2,38.027447,-84.469881,30482.0,runner,clubhouse,,,,,,,,,
runner_2,38.027447,-84.469881,30542.0,runner,clubhouse,,,,,,,,,
runner_2,38.027447,-84.469881,30602.0,runner,clubhouse,,,,,,,,,
runner_2,38.027447,-84.469881,30662.0,runner,clubhouse,,,,,,,,,
runner_2,38.027447,-84.469881,30722.0,runner,clubhouse,,,,,,,,,
runner_2,38.027447,-84.469881,30782.0,runner,clubhouse,,,,,,,,,
runner_2,38.027447,-84.469881,30842.0,runner,clubhouse,,,,,,,,,
runner_2,38.027447,-84.469881,30902.0,runner,clubhouse,,,,,,,,,
runner_2,38.027447,-84.469881,30962.0,runner,clubhouse,,,,,,,,,
runner_2,38.027447,-84.469881,31022.0,runner,clubhouse,,,,,,,,,
runner_2,38.027447,-84.469881,31082.0,runner,clubhouse,,,,,,,,,
runner_2,38.027447,-84.469881,33610.0,runner,4,,,,,,,,,
runner_2,38.027202562026105,-84.46967624119414,33615.0,runner,4,,,,,,,,,
runner_2,38.027011855696315,-84.46940497113766,33621.0,runner,4,,,,,,,,,
runner_2,38.02685677965148,-84.46908959644135,33627.0,runner,4,,,,,,,,,
runner_2,38.02670170360664,-84.46877422174504,33633.0,runner,4,,,,,,,,,
runner_2,38.0265466275618,-84.46845884704874,33639.0,runner,4,,,,,,,,,
runner_2,38.026391551516966,-84.46814347235242,33645.0,runner,4,,,,,,,,,
runner_2,38.02883696025459,-84.46643105747557,33695.0,runner,4,,,,,,,,,
runner_2,38.02854411583699,-84.46643446747252,33700.0,runner,4,,,,,,,,,
runner_2,38.02825331682304,-84.46642533497604,33705.0,runner,4,,,,,,,,,
runner_2,38.027985609657534,-84.46627460238055,33711.0,runner,4,,,,,,,,,
runner_2,38.02771790249202,-84.46612386978506,33716.0,runner,4,,,,,,,,,
runner_2,38.027450195326516,-84.46597313718958,33721.0,runner,4,,,,,,,,,
runner_2,38.02718248816101,-84.46582240459409,33726.0,runner,4,,,,,,,,,
runner_2,38.026914780995504,-84.46567167199859,33731.0,runner,4,,,,,,,,,
runner_2,38.02664707383,-84.4655209394031,33737.0,runner,4,,,,,,,,,
runner_2,38.02637936666449,-84.46537020680762,33742.0,runner,4,,,,,,,,,
runner_2,38.02610513384636,-84.46533031668015,33746.0,runner,4,,,,,,,,,
runner_2,38.02582275130605,-84.46542885490156,33752.0,runner,4,,,,,,,,,
runner_2,38.025540368765746,-84.46552739312297,33757.0,runner,4,,,,,,,,,
runner_2,38.02525798622544,-84.46562593134438,33762.0,runner,4,,,,,,,,,
runner_2,38.02504677511902,-84.46585777512426,33767.0,runner,4,,,,,,,,,
runner_2,38.02487006008501,-84.46615423075679,33773.0,runner,4,,,,,,,,,
runner_2,38.02469334505099,-84.4664506863893,33779.0,runner,4,,,,,,,,,
runner_2,38.024516630016976,-84.46674714202182,33785.0,runner,4,,,,,,,,,
runner_2,38.024329307507884,-84.46703073579559,33790.0,runner,4,,,,,,,,,
runner_2,38.02410413701326,-84.4672684378336,33796.0,runner,4,,,,,,,,,
runner_2,38.02387896651864,-84.4675061398716,33801.0,runner,4,,,,,,,,,
runner_2,38.02365379602401,-84.46774384190961,33807.0,runner,4,,,,,,,,,
runner_2,38.023428625529384,-84.46798154394763,33813.0,runner,4,,,,,,,,,
runner_2,38.02320345503476,-84.46821924598564,33818.0,runner,4,,,,,,,,,
runner_2,38.02297828454014,-84.46845694802364,33824.0,runner,4,,,,,,,,,
runner_2,38.02275311404551,-84.46869465006165,33829.0,runner,4,,,,,,,,,
runner_2,38.022527943550884,-84.46893235209967,33835.0,runner,4,,,,,,,,,
runner_2,38.02250809559787,-84.46912267439926,33838.0,runner,4,,,,,,,,,
runner_2,38.0227847606833,-84.46924457405959,33843.0,runner,4,,,,,,,,,
runner_2,38.02304700074746,-84.46940952107451,33848.0,runner,4,,,,,,,,,
runner_2,38.0233080596632,-84.46957799288944,33854.0,runner,4,,,,,,,,,
runner_2,38.02356911857893,-84.46974646470437,33859.0,runner,4,,,,,,,,,
runner_2,38.023830177494666,-84.46991493651929,33864.0,runner,4,,,,,,,,,
runner_2,38.02408867217915,-84.4700867294791,33869.0,runner,4,,,,,,,,,
runner_2,38.02422659553642,-84.47041468419167,33875.0,runner,4,,,,,,,,,
runner_2,38.02436451889369,-84.47074263890424,33881.0,runner,4,,,,,,,,,
runner_2,38.02450244225096,-84.4710705936168,33887.0,runner,4,,,,,,,,,
runner_2,38.024640365608235,-84.47139854832938,33894.0,runner,4,,,,,,,,,
runner_2,38.02477828896551,-84.47172650304194,33900.0,runner,4,,,,,,,,,
runner_2,38.02491621232278,-84.47205445775451,33906.0,runner,4,,,,,,,,,
runner_2,38.02505413568005,-84.47238241246707,33912.0,runner,4,,,,,,,,,
runner_2,38.025278899056985,-84.47258808504574,33917.0,runner,4,,,,,,,,,
runner_2,38.02555709154953,-84.47257705401765,33921.0,runner,4,,,,,,,,,
runner_2,38.02583934778024,-84.47247793374599,33927.0,runner,4,,,,,,,,,
runner_2,38.02612160401096,-84.47237881347434,33932.0,runner,4,,,,,,,,,
runner_2,38.02640386024167,-84.4722796932027,33937.0,runner,4,,,,,,,,,
runner_2,38.02668611647238,-84.47218057293104,33942.0,runner,4,,,,,,,,,
runner_2,38.02678243981026,-84.47202860408251,33945.0,runner,4,,,,,,,,,
runner_2,38.026563435644626,-84.4717818802997,33950.0,runner,4,,,,,,,,,
runner_2,38.02634885610211,-84.4715288746527,33956.0,runner,4,,,,,,,,,
runner_2,38.02613427655959,-84.4712758690057,33962.0,runner,4,,,,,,,,,
runner_2,38.025919697017066,-84.4710228633587,33967.0,runner,4,,,,,,,,,
runner_2,38.02570511747455,-84.47076985771169,33973.0,runner,4,,,,,,,,,
runner_2,38.02549053793203,-84.47051685206469,33979.0,runner,4,,,,,,,,,
runner_2,38.02526317920933,-84.4702884887633,33984.0,runner,4,,,,,,,,,
runner_2,38.0249952935862,-84.47013827428472,33989.0,runner,4,,,,,,,,,
runner_2,38.02472740796308,-84.46998805980614,33994.0,runner,4,,,,,,,,,
runner_2,38.024459522339946,-84.46983784532756,34000.0,runner,4,,,,,,,,,
runner_2,38.024191636716814,-84.46968763084898,34005.0,runner,4,,,,,,,,,
runner_2,38.02392375109368,-84.4695374163704,34010.0,runner,4,,,,,,,,,
runner_2,38.02365586547056,-84.46938720189182,34015.0,runner,4,,,,,,,,,
runner_2,38.02338797984743,-84.46923698741324,34020.0,runner,4,,,,,,,,,
runner_2,38.023120094224296,-84.46908677293466,34026.0,runner,4,,,,,,,,,
runner_2,38.02325287292604,-84.46895459002404,34029.0,runner,4,,,,,,,,,
runner_2,38.023533488405725,-84.46885431220558,34034.0,runner,4,,,,,,,,,
runner_2,38.02382325517176,-84.46880045015152,34039.0,runner,4,,,,,,,,,
runner_2,38.0241130219378,-84.46874658809746,34044.0,runner,4,,,,,,,,,
runner_2,38.02440278870384,-84.4686927260434,34049.0,runner,4,,,,,,,,,
runner_2,38.024692555469876,-84.46863886398934,34054.0,runner,4,,,,,,,,,
runner_2,38.02498232223591,-84.46858500193528,34059.0,runner,4,,,,,,,,,
runner_2,38.025073532373966,-84.46844706466678,34062.0,runner,4,,,,,,,,,
runner_2,38.0248672597656,-84.46818316370741,34067.0,runner,4,,,,,,,,,
runner_2,38.02466098715723,-84.46791926274804,34073.0,runner,4,,,,,,,,,
runner_2,38.0248672597656,-84.46818316370741,34079.0,runner,4,,,,,,,,,
runner_2,38.025073532373966,-84.46844706466678,34084.0,runner,4,,,,,,,,,
runner_2,38.02498232223591,-84.46858500193528,34087.0,runner,4,,,,,,,,,
runner_2,38.024692555469876,-84.46863886398934,34092.0,runner,4,,,,,,,,,
runner_2,38.02440278870384,-84.4686927260434,34097.0,runner,4,,,,,,,,,
runner_2,38.0241130219378,-84.46874658809746,34102.0,runner,4,,,,,,,,,
runner_2,38.02382325517176,-84.46880045015152,34107.0,runner,4,,,,,,,,,
runner_2,38.023533488405725,-84.46885431220558,34112.0,runner,4,,,,,,,,,
runner_2,38.02325287292604,-84.46895459002404,34117.0,runner,4,,,,,,,,,
runner_2,38.023120094224296,-84.46908677293466,34120.0,runner,4,,,,,,,,,
runner_2,38.02338797984743,-84.46923698741324,34126.0,runner,4,,,,,,,,,
runner_2,38.02365586547056,-84.46938720189182,34131.0,runner,4,,,,,,,,,
runner_2,38.02392375109368,-84.4695374163704,34136.0,runner,4,,,,,,,,,
runner_2,38.024191636716814,-84.46968763084898,34141.0,runner,4,,,,,,,,,
runner_2,38.024459522339946,-84.46983784532756,34146.0,runner,4,,,,,,,,,
runner_2,38.02472740796308,-84.46998805980614,34152.0,runner,4,,,,,,,,,
runner_2,38.0249952935862,-84.47013827428472,34157.0,runner,4,,,,,,,,,
runner_2,38.02526317920933,-84.4702884887633,34162.0,runner,4,,,,,,,,,
runner_2,38.02549053793203,-84.47051685206469,34167.0,runner,4,,,,,,,,,
runner_2,38.02570511747455,-84.47076985771169,34173.0,runner,4,,,,,,,,,
runner_2,38.025919697017066,-84.4710228633587,34179.0,runner,4,,,,,,,,,
runner_2,38.02613427655959,-84.4712758690057,34184.0,runner,4,,,,,,,,,
runner_2,38.02634885610211,-84.4715288746527,34190.0,runner,4,,,,,,,,,
runner_2,38.026563435644626,-84.4717818802997,34196.0,runner,4,,,,,,,,,
runner_2,38.02678243981026,-84.47202860408251,34201.0,runner,4,,,,,,,,,
runner_2,38.02668611647238,-84.47218057293104,34204.0,runner,4,,,,,,,,,
runner_2,38.02640386024167,-84.4722796932027,34209.0,runner,4,,,,,,,,,
runner_2,38.02612160401096,-84.47237881347434,34214.0,runner,4,,,,,,,,,
runner_2,38.02583934778024,-84.47247793374599,34219.0,runner,4,,,,,,,,,
runner_2,38.02555709154953,-84.47257705401765,34225.0,runner,4,,,,,,,,,
runner_2,38.025278899056985,-84.47258808504574,34229.0,runner,4,,,,,,,,,
runner_2,38.02505413568005,-84.47238241246707,34234.0,runner,4,,,,,,,,,
runner_2,38.02491621232278,-84.47205445775451,34240.0,runner,4,,,,,,,,,
runner_2,38.02477828896551,-84.47172650304194,34246.0,runner,4,,,,,,,,,
runner_2,38.024640365608235,-84.47139854832938,34252.0,runner,4,,,,,,,,,
runner_2,38.02450244225096,-84.4710705936168,34259.0,runner,4,,,,,,,,,
runner_2,38.02436451889369,-84.47074263890424,34265.0,runner,4,,,,,,,,,
runner_2,38.02422659553642,-84.47041468419167,34271.0,runner,4,,,,,,,,,
runner_2,38.02408867217915,-84.4700867294791,34277.0,runner,4,,,,,,,,,
runner_2,38.023830177494666,-84.46991493651929,34282.0,runner,4,,,,,,,,,
runner_2,38.02356911857893,-84.46974646470437,34287.0,runner,4,,,,,,,,,
runner_2,38.0233080596632,-84.46957799288944,34292.0,runner,4,,,,,,,,,
runner_2,38.02304700074746,-84.46940952107451,34298.0,runner,4,,,,,,,,,
runner_2,38.0227847606833,-84.46924457405959,34303.0,runner,4,,,,,,,,,
runner_2,38.02250809559787,-84.46912267439926,34308.0,runner,4,,,,,,,,,
runner_2,38.022527943550884,-84.46893235209967,34311.0,runner,4,,,,,,,,,
runner_2,38.02275311404551,-84.46869465006165,34317.0,runner,4,,,,,,,,,
runner_2,38.02297828454014,-84.46845694802364,34322.0,runner,4,,,,,,,,,
runner_2,38.02320345503476,-84.46821924598564,34328.0,runner,4,,,,,,,,,
runner_2,38.023428625529384,-84.46798154394763,34333.0,runner,4,,,,,,,,,
runner_2,38.02365379602401,-84.46774384190961,34339.0,runner,4,,,,,,,,,
runner_2,38.02387896651864,-84.4675061398716,34345.0,runner,4,,,,,,,,,
runner_2,38.02410413701326,-84.4672684378336,34350.0,runner,4,,,,,,,,,
runner_2,38.024329307507884,-84.46703073579559,34356.0,runner,4,,,,,,,,,
runner_2,38.024516630016976,-84.46674714202182,34361.0,runner,4,,,,,,,,,
runner_2,38.02469334505099,-84.4664506863893,34367.0,runner,4,,,,,,,,,
runner_2,38.02487006008501,-84.46615423075679,34373.0,runner,4,,,,,,,,,
runner_2,38.02504677511902,-84.46585777512426,34379.0,runner,4,,,,,,,,,
runner_2,38.02525798622544,-84.46562593134438,34384.0,runner,4,,,,,,,,,
runner_2,38.025540368765746,-84.46552739312297,34389.0,runner,4,,,,,,,,,
runner_2,38.02582275130605,-84.46542885490156,34394.0,runner,4,,,,,,,,,
runner_2,38.02610513384636,-84.46533031668015,34400.0,runner,4,,,,,,,,,
runner_2,38.02637936666449,-84.46537020680762,34404.0,runner,4,,,,,,,,,
runner_2,38.02664707383,-84.4655209394031,34409.0,runner,4,,,,,,,,,
runner_2,38.026914780995504,-84.46567167199859,34415.0,runner,4,,,,,,,,,
runner_2,38.02718248816101,-84.46582240459409,34420.0,runner,4,,,,,,,,,
runner_2,38.027450195326516,-84.46597313718958,34425.0,runner,4,,,,,,,,,
runner_2,38.02771790249202,-84.46612386978506,34430.0,runner,4,,,,,,,,,
runner_2,38.027985609657534,-84.46627460238055,34435.0,runner,4,,,,,,,,,
runner_2,38.02825331682304,-84.46642533497604,34441.0,runner,4,,,,,,,,,
runner_2,38.02854411583699,-84.46643446747252,34446.0,runner,4,,,,,,,,,
runner_2,38.02883696025459,-84.46643105747557,34451.0,runner,4,,,,,,,,,
runner_2,38.026391551516966,-84.46814347235242,34501.0,runner,4,,,,,,,,,
runner_2,38.0265466275618,-84.46845884704874,34507.0,runner,4,,,,,,,,,
runner_2,38.02670170360664,-84.46877422174504,34513.0,runner,4,,,,,,,,,
runner_2,38.02685677965148,-84.46908959644135,34519.0,runner,4,,,,,,,,,
runner_2,38.027011855696315,-84.46940497113766,34525.0,runner,4,,,,,,,,,
runner_2,38.027202562026105,-84.46967624119414,34531.0,runner,4,,,,,,,,,
runner_2,38.027447,-84.469881,34536.0,runner,4,,,,,,,,,
runner_2,38.027447,-84.469881,35140.0,runner,4,,,,,,,,,
runner_2,38.027202562026105,-84.46967624119414,35145.0,runner,4,,,,,,,,,
runner_2,38.027011855696315,-84.46940497113766,35151.0,runner,4,,,,,,,,,
runner_2,38.02685677965148,-84.46908959644135,35157.0,runner,4,,,,,,,,,
runner_2,38.02670170360664,-84.46877422174504,35163.0,runner,4,,,,,,,,,
runner_2,38.0265466275618,-84.46845884704874,35169.0,runner,4,,,,,,,,,
runner_2,38.026391551516966,-84.46814347235242,35174.0,runner,4,,,,,,,,,
runner_2,38.02883696025459,-84.46643105747557,35224.0,runner,4,,,,,,,,,
runner_2,38.02854411583699,-84.46643446747252,35229.0,runner,4,,,,,,,,,
runner_2,38.02825331682304,-84.46642533497604,35234.0,runner,4,,,,,,,,,
runner_2,38.027985609657534,-84.46627460238055,35239.0,runner,4,,,,,,,,,
runner_2,38.02771790249202,-84.46612386978506,35244.0,runner,4,,,,,,,,,
runner_2,38.027450195326516,-84.46597313718958,35250.0,runner,4,,,,,,,,,
runner_2,38.02718248816101,-84.46582240459409,35255.0,runner,4,,,,,,,,,
runner_2,38.026914780995504,-84.46567167199859,35260.0,runner,4,,,,,,,,,
runner_2,38.02664707383,-84.4655209394031,35265.0,runner,4,,,,,,,,,
runner_2,38.02637936666449,-84.46537020680762,35270.0,runner,4,,,,,,,,,
runner_2,38.02610513384636,-84.46533031668015,35275.0,runner,4,,,,,,,,,
runner_2,38.02582275130605,-84.46542885490156,35280.0,runner,4,,,,,,,,,
runner_2,38.025540368765746,-84.46552739312297,35285.0,runner,4,,,,,,,,,
runner_2,38.02525798622544,-84.46562593134438,35290.0,runner,4,,,,,,,,,
runner_2,38.02504677511902,-84.46585777512426,35295.0,runner,4,,,,,,,,,
runner_2,38.02487006008501,-84.46615423075679,35301.0,runner,4,,,,,,,,,
runner_2,38.02469334505099,-84.4664506863893,35307.0,runner,4,,,,,,,,,
runner_2,38.024516630016976,-84.46674714202182,35312.0,runner,4,,,,,,,,,
runner_2,38.024329307507884,-84.46703073579559,35318.0,runner,4,,,,,,,,,
runner_2,38.02410413701326,-84.4672684378336,35324.0,runner,4,,,,,,,,,
runner_2,38.02387896651864,-84.4675061398716,35329.0,runner,4,,,,,,,,,
runner_2,38.02365379602401,-84.46774384190961,35335.0,runner,4,,,,,,,,,
runner_2,38.023428625529384,-84.46798154394763,35340.0,runner,4,,,,,,,,,
runner_2,38.02320345503476,-84.46821924598564,35346.0,runner,4,,,,,,,,,
runner_2,38.02297828454014,-84.46845694802364,35351.0,runner,4,,,,,,,,,
runner_2,38.02275311404551,-84.46869465006165,35357.0,runner,4,,,,,,,,,
runner_2,38.022527943550884,-84.46893235209967,35362.0,runner,4,,,,,,,,,
runner_2,38.02250809559787,-84.46912267439926,35365.0,runner,4,,,,,,,,,
runner_2,38.0227847606833,-84.46924457405959,35370.0,runner,4,,,,,,,,,
runner_2,38.02304700074746,-84.46940952107451,35375.0,runner,4,,,,,,,,,
runner_2,38.0233080596632,-84.46957799288944,35381.0,runner,4,,,,,,,,,
runner_2,38.02356911857893,-84.46974646470437,35386.0,runner,4,,,,,,,,,
runner_2,38.023830177494666,-84.46991493651929,35391.0,runner,4,,,,,,,,,
runner_2,38.02408867217915,-84.4700867294791,35396.0,runner,4,,,,,,,,,
runner_2,38.02422659553642,-84.47041468419167,35402.0,runner,4,,,,,,,,,
runner_2,38.02436451889369,-84.47074263890424,35408.0,runner,4,,,,,,,,,
runner_2,38.02450244225096,-84.4710705936168,35414.0,runner,4,,,,,,,,,
runner_2,38.024640365608235,-84.47139854832938,35420.0,runner,4,,,,,,,,,
runner_2,38.02477828896551,-84.47172650304194,35426.0,runner,4,,,,,,,,,
runner_2,38.02491621232278,-84.47205445775451,35432.0,runner,4,,,,,,,,,
runner_2,38.02505413568005,-84.47238241246707,35438.0,runner,4,,,,,,,,,
runner_2,38.02491621232278,-84.47205445775451,35444.0,runner,4,,,,,,,,,
runner_2,38.02477828896551,-84.47172650304194,35450.0,runner,4,,,,,,,,,
runner_2,38.024640365608235,-84.47139854832938,35456.0,runner,4,,,,,,,,,
runner_2,38.02450244225096,-84.4710705936168,35462.0,runner,4,,,,,,,,,
runner_2,38.02436451889369,-84.47074263890424,35468.0,runner,4,,,,,,,,,
runner_2,38.02422659553642,-84.47041468419167,35474.0,runner,4,,,,,,,,,
runner_2,38.02408867217915,-84.4700867294791,35480.0,runner,4,,,,,,,,,
runner_2,38.023830177494666,-84.46991493651929,35485.0,runner,4,,,,,,,,,
runner_2,38.02356911857893,-84.46974646470437,35490.0,runner,4,,,,,,,,,
runner_2,38.0233080596632,-84.46957799288944,35495.0,runner,4,,,,,,,,,
runner_2,38.02304700074746,-84.46940952107451,35501.0,runner,4,,,,,,,,,
runner_2,38.0227847606833,-84.46924457405959,35506.0,runner,4,,,,,,,,,
runner_2,38.02250809559787,-84.46912267439926,35511.0,runner,4,,,,,,,,,
runner_2,38.022527943550884,-84.46893235209967,35514.0,runner,4,,,,,,,,,
runner_2,38.02275311404551,-84.46869465006165,35519.0,runner,4,,,,,,,,,
runner_2,38.02297828454014,-84.46845694802364,35525.0,runner,4,,,,,,,,,
runner_2,38.02320345503476,-84.46821924598564,35530.0,runner,4,,,,,,,,,
runner_2,38.023428625529384,-84.46798154394763,35536.0,runner,4,,,,,,,,,
runner_2,38.02365379602401,-84.46774384190961,35541.0,runner,4,,,,,,,,,
runner_2,38.02387896651864,-84.4675061398716,35547.0,runner,4,,,,,,,,,
runner_2,38.02410413701326,-84.4672684378336,35552.0,runner,4,,,,,,,,,
runner_2,38.024329307507884,-84.46703073579559,35558.0,runner,4,,,,,,,,,
runner_2,38.024516630016976,-84.46674714202182,35564.0,runner,4,,,,,,,,,
runner_2,38.02469334505099,-84.4664506863893,35569.0,runner,4,,,,,,,,,
runner_2,38.02487006008501,-84.46615423075679,35575.0,runner,4,,,,,,,,,
runner_2,38.02504677511902,-84.46585777512426,35581.0,runner,4,,,,,,,,,
runner_2,38.02525798622544,-84.46562593134438,35586.0,runner,4,,,,,,,,,
runner_2,38.025540368765746,-84.46552739312297,35591.0,runner,4,,,,,,,,,
runner_2,38.02582275130605,-84.46542885490156,35596.0,runner,4,,,,,,,,,
runner_2,38.02610513384636,-84.46533031668015,35601.0,runner,4,,,,,,,,,
runner_2,38.02637936666449,-84.46537020680762,35606.0,runner,4,,,,,,,,,
runner_2,38.02664707383,-84.4655209394031,35611.0,runner,4,,,,,,,,,
runner_2,38.026914780995504,-84.46567167199859,35616.0,runner,4,,,,,,,,,
runner_2,38.02718248816101,-84.46582240459409,35621.0,runner,4,,,,,,,,,
runner_2,38.027450195326516,-84.46597313718958,35626.0,runner,4,,,,,,,,,
runner_2,38.02771790249202,-84.46612386978506,35632.0,runner,4,,,,,,,,,
runner_2,38.027985609657534,-84.46627460238055,35637.0,runner,4,,,,,,,,,
runner_2,38.02825331682304,-84.46642533497604,35642.0,runner,4,,,,,,,,,
runner_2,38.02854411583699,-84.46643446747252,35647.0,runner,4,,,,,,,,,
runner_2,38.02883696025459,-84.46643105747557,35652.0,runner,4,,,,,,,,,
runner_2,38.026391551516966,-84.46814347235242,35702.0,runner,4,,,,,,,,,
runner_2,38.0265466275618,-84.46845884704874,35707.0,runner,4,,,,,,,,,
runner_2,38.02670170360664,-84.46877422174504,35713.0,runner,4,,,,,,,,,
runner_2,38.02685677965148,-84.46908959644135,35719.0,runner,4,,,,,,,,,
runner_2,38.027011855696315,-84.46940497113766,35725.0,runner,4,,,,,,,,,
runner_2,38.027202562026105,-84.46967624119414,35731.0,runner,4,,,,,,,,,
runner_2,38.027447,-84.469881,35736.0,runner,4,,,,,,,,,
runner_2,38.027447,-84.469881,35796.0,runner,clubhouse,,,,,,,,,
runner_2,38.027447,-84.469881,35856.0,runner,clubhouse,,,,,,,,,
runner_2,38.027447,-84.469881,35916.0,runner,clubhouse,,,,,,,,,
runner_2,38.027447,-84.469881,35976.0,runner,clubhouse,,,,,,,,,
runner_2,38.027447,-84.469881,36036.0,runner,clubhouse,,,,,,,,,
runner_2,38.027447,-84.469881,36096.0,runner,clubhouse,,,,,,,,,
runner_2,38.027447,-84.469881,36156.0,runner,clubhouse,,,,,,,,,
runner_2,38.027447,-84.469881,36216.0,runner,clubhouse,,,,,,,,,
runner_2,38.027447,-84.469881,36276.0,runner,clubhouse,,,,,,,,,
runner_2,38.027447,-84.469881,36336.0,runner,clubhouse,,,,,,,,,
runner_2,38.027447,-84.469881,36396.0,runner,clubhouse,,,,,,,,,
runner_2,38.027447,-84.469881,36456.0,runner,clubhouse,,,,,,,,,
runner_2,38.027447,-84.469881,36516.0,runner,clubhouse,,,,,,,,,
runner_2,38.027447,-84.469881,36576.0,runner,clubhouse,,,,,,,,,
runner_2,38.027447,-84.469881,36636.0,runner,clubhouse,,,,,,,,,
runner_2,38.027447,-84.469881,36696.0,runner,clubhouse,,,,,,,,,
runner_2,38.027447,-84.469881,36756.0,runner,clubhouse,,,,,,,,,
runner_2,38.027447,-84.469881,36816.0,runner,clubhouse,,,,,,,,,
runner_2,38.027447,-84.469881,36876.0,runner,clubhouse,,,,,,,,,
runner_2,38.027447,-84.469881,36936.0,runner,clubhouse,,,,,,,,,
runner_2,38.027447,-84.469881,36996.0,runner,clubhouse,,,,,,,,,
runner_2,38.027447,-84.469881,37056.0,runner,clubhouse,,,,,,,,,
runner_2,38.027447,-84.469881,37116.0,runner,clubhouse,,,,,,,,,
runner_2,38.027447,-84.469881,37176.0,runner,clubhouse,,,,,,,,,
runner_2,38.027447,-84.469881,37236.0,runner,clubhouse,,,,,,,,,
runner_2,38.027447,-84.469881,37395.0,runner,4,,,,,,,,,
runner_2,38.027202562026105,-84.46967624119414,37400.0,runner,4,,,,,,,,,
runner_2,38.027011855696315,-84.46940497113766,37405.0,runner,4,,,,,,,,,
runner_2,38.02685677965148,-84.46908959644135,37411.0,runner,4,,,,,,,,,
runner_2,38.02670170360664,-84.46877422174504,37416.0,runner,4,,,,,,,,,
runner_2,38.0265466275618,-84.46845884704874,37421.0,runner,4,,,,,,,,,
runner_2,38.026391551516966,-84.46814347235242,37427.0,runner,4,,,,,,,,,
runner_2,38.02627861556047,-84.4678017921503,37432.0,runner,4,,,,,,,,,
runner_2,38.026176529122345,-84.46745333925074,37438.0,runner,4,,,,,,,,,
runner_2,38.02607444268422,-84.46710488635118,37444.0,runner,4,,,,,,,,,
runner_2,38.02597235624609,-84.46675643345164,37449.0,runner,4,,,,,,,,,
runner_2,38.02587026980797,-84.46640798055208,37455.0,runner,4,,,,,,,,,
runner_2,38.02576818336984,-84.46605952765252,37461.0,runner,4,,,,,,,,,
runner_2,38.025666096931715,-84.46571107475296,37466.0,runner,4,,,,,,,,,
runner_2,38.02556401049359,-84.4653626218534,37472.0,runner,4,,,,,,,,,
runner_2,38.025494714392714,-84.46504287201797,37477.0,runner,4,,,,,,,,,
runner_2,38.025787563140675,-84.46504012614442,37481.0,runner,4,,,,,,,,,
runner_2,38.02608041188864,-84.46503738027086,37486.0,runner,4,,,,,,,,,
runner_2,38.025787563140675,-84.46504012614442,37491.0,runner,4,,,,,,,,,
runner_2,38.025494714392714,-84.46504287201797,37495.0,runner,4,,,,,,,,,
runner_2,38.02556401049359,-84.4653626218534,37500.0,runner,4,,,,,,,,,
runner_2,38.025666096931715,-84.46571107475296,37506.0,runner,4,,,,,,,,,
runner_2,38.02576818336984,-84.46605952765252,37512.0,runner,4,,,,,,,,,
runner_2,38.02587026980797,-84.46640798055208,37517.0,runner,4,,,,,,,,,
runner_2,38.02597235624609,-84.46675643345164,37523.0,runner,4,,,,,,,,,
runner_2,38.02607444268422,-84.46710488635118,37529.0,runner,4,,,,,,,,,
runner_2,38.026176529122345,-84.46745333925074,37534.0,runner,4,,,,,,,,,
runner_2,38.02627861556047,-84.4678017921503,37540.0,runner,4,,,,,,,,,
runner_2,38.026391551516966,-84.46814347235242,37546.0,runner,4,,,,,,,,,
runner_2,38.0265466275618,-84.46845884704874,37551.0,runner,4,,,,,,,,,
runner_2,38.02670170360664,-84.46877422174504,37557.0,runner,4,,,,,,,,,
runner_2,38.02685677965148,-84.46908959644135,37562.0,runner,4,,,,,,,,,
runner_2,38.027011855696315,-84.46940497113766,37568.0,runner,4,,,,,,,,,
runner_2,38.027202562026105,-84.46967624119414,37573.0,runner,4,,,,,,,,,
runner_2,38.027447,-84.469881,37578.0,runner,4,,,,,,,,,
runner_2,38.027447,-84.469881,38180.0,runner,4,,,,,,,,,
runner_2,38.02754627606764,-84.46962578282717,38184.0,runner,4,,,,,,,,,
runner_2,38.02744283462056,-84.4692779685763,38190.0,runner,4,,,,,,,,,
runner_2,38.02733939317348,-84.46893015432545,38195.0,runner,4,,,,,,,,,
runner_2,38.0272359517264,-84.46858234007459,38201.0,runner,4,,,,,,,,,
runner_2,38.027132510279316,-84.46823452582373,38207.0,runner,4,,,,,,,,,
runner_2,38.027029068832235,-84.46788671157287,38212.0,runner,4,,,,,,,,,
runner_2,38.026925627385154,-84.46753889732202,38218.0,runner,4,,,,,,,,,
runner_2,38.02682218593807,-84.46719108307117,38223.0,runner,4,,,,,,,,,
runner_2,38.026707885382585,-84.46684997010087,38229.0,runner,4,,,,,,,,,
runner_2,38.0265563489919,-84.46653183579225,38235.0,runner,4,,,,,,,,,
runner_2,38.02640481260122,-84.46621370148365,38240.0,runner,4,,,,,,,,,
runner_2,38.02625327621054,-84.46589556717504,38245.0,runner,4,,,,,,,,,
runner_2,38.026097865476636,-84.4655806681031,38251.0,runner,4,,,,,,,,,
runner_2,38.02592778516153,-84.46527801873756,38256.0,runner,4,,,,,,,,,
runner_2,38.02575770484643,-84.46497536937204,38262.0,runner,4,,,,,,,,,
runner_2,38.02580429978306,-84.46478189846547,38265.0,runner,4,,,,,,,,,
runner_2,38.02609158193444,-84.46470970518055,38269.0,runner,4,,,,,,,,,
runner_2,38.02637886408582,-84.46463751189565,38274.0,runner,4,,,,,,,,,
runner_2,38.0266661462372,-84.46456531861072,38278.0,runner,4,,,,,,,,,
runner_2,38.02695342838857,-84.4644931253258,38283.0,runner,4,,,,,,,,,
runner_2,38.02723262500985,-84.46440936561527,38287.0,runner,4,,,,,,,,,
runner_2,38.02732323296244,-84.46405582806928,38293.0,runner,4,,,,,,,,,
runner_2,38.027413840915024,-84.46370229052329,38299.0,runner,4,,,,,,,,,
runner_2,38.02755613921936,-84.46339199540722,38304.0,runner,4,,,,,,,,,
runner_2,38.02777631020529,-84.46314684598785,38309.0,runner,4,,,,,,,,,
runner_2,38.027996481191224,-84.4629016965685,38314.0,runner,4,,,,,,,,,
runner_2,38.028216652177164,-84.46265654714912,38319.0,runner,4,,,,,,,,,
runner_2,38.0284368231631,-84.46241139772975,38324.0,runner,4,,,,,,,,,
runner_2,38.02865699414903,-84.4621662483104,38329.0,runner,4,,,,,,,,,
runner_2,38.02887716513497,-84.46192109889103,38335.0,runner,4,,,,,,,,,
runner_2,38.029097336120905,-84.46167594947165,38340.0,runner,4,,,,,,,,,
runner_2,38.02932048603734,-84.46143527844885,38345.0,runner,4,,,,,,,,,
runner_2,38.02954781666501,-84.4612008925283,38350.0,runner,4,,,,,,,,,
runner_2,38.029775147292675,-84.46096650660775,38355.0,runner,4,,,,,,,,,
runner_2,38.03000247792034,-84.46073212068718,38360.0,runner,4,,,,,,,,,
runner_2,38.03022980854801,-84.46049773476663,38365.0,runner,4,,,,,,,,,
runner_2,38.03028198771919,-84.46029007968264,38368.0,runner,4,,,,,,,,,
runner_2,38.030017377451664,-84.46013077159431,38373.0,runner,4,,,,,,,,,
runner_2,38.02974997117584,-84.46003134117494,38377.0,runner,4,,,,,,,,,
runner_2,38.03028720182882,-84.46573463791665,38466.0,runner,4,,,,,,,,,
runner_2,38.030554050933496,-84.46588780916554,38471.0,runner,4,,,,,,,,,
runner_2,38.0308144451061,-84.46601508231271,38475.0,runner,4,,,,,,,,,
runner_2,38.03096331555731,-84.46569490649415,38481.0,runner,4,,,,,,,,,
runner_2,38.03100160851583,-84.46532942233877,38486.0,runner,4,,,,,,,,,
runner_2,38.03102825601745,-84.4649591665407,38492.0,runner,4,,,,,,,,,
runner_2,38.03105490351906,-84.46458891074262,38498.0,runner,4,,,,,,,,,
runner_2,38.031081551020684,-84.46421865494455,38504.0,runner,4,,,,,,,,,
runner_2,38.031108198522304,-84.46384839914647,38509.0,runner,4,,,,,,,,,
runner_2,38.03113484602392,-84.4634781433484,38515.0,runner,4,,,,,,,,,
runner_2,38.03116149352554,-84.46310788755032,38521.0,runner,4,,,,,,,,,
runner_2,38.031127268705696,-84.46274982308951,38526.0,runner,4,,,,,,,,,
runner_2,38.031012137391194,-84.4624079623538,38532.0,runner,4,,,,,,,,,
runner_2,38.03089700607669,-84.46206610161808,38537.0,runner,4,,,,,,,,,
runner_2,38.0307818747622,-84.46172424088235,38543.0,runner,4,,,,,,,,,
runner_2,38.030666743447696,-84.46138238014663,38549.0,runner,4,,,,,,,,,
runner_2,38.030551612133195,-84.46104051941091,38554.0,runner,4,,,,,,,,,
runner_2,38.03081531898336,-84.46091137688049,38559.0,runner,4,,,,,,,,,
runner_2,38.0310279411826,-84.46098091912485,38562.0,runner,4,,,,,,,,,
runner_2,38.03115090321037,-84.46131835889211,38568.0,runner,4,,,,,,,,,
runner_2,38.031273865238134,-84.46165579865938,38573.0,runner,4,,,,,,,,,
runner_2,38.03139682726591,-84.46199323842663,38579.0,runner,4,,,,,,,,,
runner_2,38.031519789293675,-84.4623306781939,38584.0,runner,4,,,,,,,,,
runner_2,38.03164275132144,-84.46266811796116,38590.0,runner,4,,,,,,,,,
runner_2,38.03176571334921,-84.46300555772842,38596.0,runner,4,,,,,,,,,
runner_2,38.031888675376976,-84.46334299749569,38601.0,runner,4,,,,,,,,,
runner_2,38.031909837946635,-84.46368872876327,38606.0,runner,4,,,,,,,,,
runner_2,38.03182184589159,-84.46404335060477,38612.0,runner,4,,,,,,,,,
runner_2,38.03173385383655,-84.46439797244628,38618.0,runner,4,,,,,,,,,
runner_2,38.031645861781506,-84.46475259428779,38623.0,runner,4,,,,,,,,,
runner_2,38.03155786972646,-84.46510721612928,38629.0,runner,4,,,,,,,,,
runner_2,38.031645861781506,-84.46475259428779,38635.0,runner,4,,,,,,,,,
runner_2,38.03173385383655,-84.46439797244628,38640.0,runner,4,,,,,,,,,
runner_2,38.03182184589159,-84.46404335060477,38646.0,runner,4,,,,,,,,,
runner_2,38.031909837946635,-84.46368872876327,38652.0,runner,4,,,,,,,,,
runner_2,38.031888675376976,-84.46334299749569,38657.0,runner,4,,,,,,,,,
runner_2,38.03176571334921,-84.46300555772842,38662.0,runner,4,,,,,,,,,
runner_2,38.03164275132144,-84.46266811796116,38668.0,runner,4,,,,,,,,,
runner_2,38.031519789293675,-84.4623306781939,38674.0,runner,4,,,,,,,,,
runner_2,38.03139682726591,-84.46199323842663,38679.0,runner,4,,,,,,,,,
runner_2,38.031273865238134,-84.46165579865938,38685.0,runner,4,,,,,,,,,
runner_2,38.03115090321037,-84.46131835889211,38690.0,runner,4,,,,,,,,,
runner_2,38.0310279411826,-84.46098091912485,38696.0,runner,4,,,,,,,,,
runner_2,38.03081531898336,-84.46091137688049,38699.0,runner,4,,,,,,,,,
runner_2,38.030551612133195,-84.46104051941091,38704.0,runner,4,,,,,,,,,
runner_2,38.030666743447696,-84.46138238014663,38709.0,runner,4,,,,,,,,,
runner_2,38.0307818747622,-84.46172424088235,38715.0,runner,4,,,,,,,,,
runner_2,38.03089700607669,-84.46206610161808,38721.0,runner,4,,,,,,,,,
runner_2,38.031012137391194,-84.4624079623538,38726.0,runner,4,,,,,,,,,
runner_2,38.031127268705696,-84.46274982308951,38732.0,runner,4,,,,,,,,,
runner_2,38.03116149352554,-84.46310788755032,38737.0,runner,4,,,,,,,,,
runner_2,38.03113484602392,-84.4634781433484,38743.0,runner,4,,,,,,,,,
runner_2,38.031108198522304,-84.46384839914647,38749.0,runner,4,,,,,,,,,
runner_2,38.031081551020684,-84.46421865494455,38754.0,runner,4,,,,,,,,,
runner_2,38.03105490351906,-84.46458891074262,38760.0,runner,4,,,,,,,,,
runner_2,38.03102825601745,-84.4649591665407,38766.0,runner,4,,,,,,,,,
runner_2,38.03100160851583,-84.46532942233877,38772.0,runner,4,,,,,,,,,
runner_2,38.03096331555731,-84.46569490649415,38777.0,runner,4,,,,,,,,,
runner_2,38.0308144451061,-84.46601508231271,38783.0,runner,4,,,,,,,,,
runner_2,38.030554050933496,-84.46588780916554,38787.0,runner,4,,,,,,,,,
runner_2,38.03028720182882,-84.46573463791665,38792.0,runner,4,,,,,,,,,
runner_2,38.02974997117584,-84.46003134117494,38881.0,runner,4,,,,,,,,,
runner_2,38.030017377451664,-84.46013077159431,38885.0,runner,4,,,,,,,,,
runner_2,38.03028198771919,-84.46029007968264,38890.0,runner,4,,,,,,,,,
runner_2,38.03022980854801,-84.46049773476663,38893.0,runner,4,,,,,,,,,
runner_2,38.03000247792034,-84.46073212068718,38898.0,runner,4,,,,,,,,,
runner_2,38.029775147292675,-84.46096650660775,38903.0,runner,4,,,,,,,,,
runner_2,38.02954781666501,-84.4612008925283,38908.0,runner,4,,,,,,,,,
runner_2,38.02932048603734,-84.46143527844885,38913.0,runner,4,,,,,,,,,
runner_2,38.029097336120905,-84.46167594947165,38918.0,runner,4,,,,,,,,,
runner_2,38.02887716513497,-84.46192109889103,38923.0,runner,4,,,,,,,,,
runner_2,38.02865699414903,-84.4621662483104,38929.0,runner,4,,,,,,,,,
runner_2,38.0284368231631,-84.46241139772975,38934.0,runner,4,,,,,,,,,
runner_2,38.028216652177164,-84.46265654714912,38939.0,runner,4,,,,,,,,,
runner_2,38.027996481191224,-84.4629016965685,38944.0,runner,4,,,,,,,,,
runner_2,38.02777631020529,-84.46314684598785,38949.0,runner,4,,,,,,,,,
runner_2,38.02755613921936,-84.46339199540722,38954.0,runner,4,,,,,,,,,
runner_2,38.027413840915024,-84.46370229052329,38959.0,runner,4,,,,,,,,,
runner_2,38.02732323296244,-84.46405582806928,38965.0,runner,4,,,,,,,,,
runner_2,38.02723262500985,-84.46440936561527,38971.0,runner,4,,,,,,,,,
runner_2,38.02695342838857,-84.4644931253258,38975.0,runner,4,,,,,,,,,
runner_2,38.0266661462372,-84.46456531861072,38980.0,runner,4,,,,,,,,,
runner_2,38.02637886408582,-84.46463751189565,38984.0,runner,4,,,,,,,,,
runner_2,38.02609158193444,-84.46470970518055,38989.0,runner,4,,,,,,,,,
runner_2,38.02580429978306,-84.46478189846547,38993.0,runner,4,,,,,,,,,
runner_2,38.02575770484643,-84.46497536937204,38996.0,runner,4,,,,,,,,,
runner_2,38.02592778516153,-84.46527801873756,39002.0,runner,4,,,,,,,,,
runner_2,38.026097865476636,-84.4655806681031,39007.0,runner,4,,,,,,,,,
runner_2,38.02625327621054,-84.46589556717504,39013.0,runner,4,,,,,,,,,
runner_2,38.02640481260122,-84.46621370148365,39018.0,runner,4,,,,,,,,,
runner_2,38.0265563489919,-84.46653183579225,39023.0,runner,4,,,,,,,,,
runner_2,38.026707885382585,-84.46684997010087,39029.0,runner,4,,,,,,,,,
runner_2,38.02682218593807,-84.46719108307117,39035.0,runner,4,,,,,,,,,
runner_2,38.026925627385154,-84.46753889732202,39040.0,runner,4,,,,,,,,,
runner_2,38.027029068832235,-84.46788671157287,39046.0,runner,4,,,,,,,,,
runner_2,38.027132510279316,-84.46823452582373,39051.0,runner,4,,,,,,,,,
runner_2,38.0272359517264,-84.46858234007459,39057.0,runner,4,,,,,,,,,
runner_2,38.02733939317348,-84.46893015432545,39063.0,runner,4,,,,,,,,,
runner_2,38.02744283462056,-84.4692779685763,39068.0,runner,4,,,,,,,,,
runner_2,38.02754627606764,-84.46962578282717,39074.0,runner,4,,,,,,,,,
runner_2,38.027447,-84.469881,39078.0,runner,4,,,,,,,,,
runner_2,38.027447,-84.469881,39138.0,runner,clubhouse,,,,,,,,,
runner_2,38.027447,-84.469881,39198.0,runner,clubhouse,,,,,,,,,
runner_2,38.027447,-84.469881,39258.0,runner,clubhouse,,,,,,,,,
runner_2,38.027447,-84.469881,39318.0,runner,clubhouse,,,,,,,,,
runner_2,38.027447,-84.469881,39378.0,runner,clubhouse,,,,,,,,,
runner_2,38.027447,-84.469881,39438.0,runner,clubhouse,,,,,,,,,
runner_2,38.027447,-84.469881,39498.0,runner,clubhouse,,,,,,,,,
runner_2,38.027447,-84.469881,39558.0,runner,clubhouse,,,,,,,,,
runner_2,38.027447,-84.469881,39618.0,runner,clubhouse,,,,,,,,,
runner_2,38.027447,-84.469881,39678.0,runner,clubhouse,,,,,,,,,
runner_2,38.027447,-84.469881,39738.0,runner,clubhouse,,,,,,,,,
runner_2,38.027447,-84.469881,39798.0,runner,clubhouse,,,,,,,,,
runner_2,38.027447,-84.469881,39858.0,runner,clubhouse,,,,,,,,,
runner_2,38.027447,-84.469881,39918.0,runner,clubhouse,,,,,,,,,
runner_2,38.027447,-84.469881,39978.0,runner,clubhouse,,,,,,,,,
runner_2,38.027447,-84.469881,40038.0,runner,clubhouse,,,,,,,,,
runner_2,38.027447,-84.469881,40098.0,runner,clubhouse,,,,,,,,,
runner_2,38.027447,-84.469881,40158.0,runner,clubhouse,,,,,,,,,
runner_2,38.027447,-84.469881,40218.0,runner,clubhouse,,,,,,,,,
runner_2,38.027447,-84.469881,40278.0,runner,clubhouse,,,,,,,,,
runner_2,38.027447,-84.469881,40338.0,runner,clubhouse,,,,,,,,,
runner_2,38.027447,-84.469881,40398.0,runner,clubhouse,,,,,,,,,
runner_2,38.027447,-84.469881,40458.0,runner,clubhouse,,,,,,,,,
runner_2,38.027447,-84.469881,40518.0,runner,clubhouse,,,,,,,,,
runner_2,38.027447,-84.469881,40578.0,runner,clubhouse,,,,,,,,,
runner_2,38.027447,-84.469881,40638.0,runner,clubhouse,,,,,,,,,
runner_2,38.027447,-84.469881,40698.0,runner,clubhouse,,,,,,,,,
runner_2,38.027447,-84.469881,40758.0,runner,clubhouse,,,,,,,,,
runner_2,38.027447,-84.469881,40818.0,runner,clubhouse,,,,,,,,,
runner_2,38.027447,-84.469881,40878.0,runner,clubhouse,,,,,,,,,
runner_2,38.027447,-84.469881,40938.0,runner,clubhouse,,,,,,,,,
runner_2,38.027447,-84.469881,40998.0,runner,clubhouse,,,,,,,,,
runner_2,38.027447,-84.469881,41058.0,runner,clubhouse,,,,,,,,,
runner_2,38.027447,-84.469881,41118.0,runner,clubhouse,,,,,,,,,
runner_2,38.027447,-84.469881,41178.0,runner,clubhouse,,,,,,,,,
runner_2,38.027447,-84.469881,41238.0,runner,clubhouse,,,,,,,,,
runner_2,38.027447,-84.469881,41298.0,runner,clubhouse,,,,,,,,,
runner_2,38.027447,-84.469881,41358.0,runner,clubhouse,,,,,,,,,
runner_2,38.027447,-84.469881,41418.0,runner,clubhouse,,,,,,,,,
runner_2,38.027447,-84.469881,41478.0,runner,clubhouse,,,,,,,,,
runner_2,38.027447,-84.469881,41538.0,runner,clubhouse,,,,,,,,,
runner_2,38.027447,-84.469881,41598.0,runner,clubhouse,,,,,,,,,
runner_2,38.027447,-84.469881,41658.0,runner,clubhouse,,,,,,,,,
runner_2,38.027447,-84.469881,41718.0,runner,clubhouse,,,,,,,,,
runner_2,38.027447,-84.469881,41778.0,runner,clubhouse,,,,,,,,,
runner_2,38.027447,-84.469881,41838.0,runner,clubhouse,,,,,,,,,
runner_2,38.027447,-84.469881,41898.0,runner,clubhouse,,,,,,,,,
runner_2,38.027447,-84.469881,41958.0,runner,clubhouse,,,,,,,,,
runner_2,38.027447,-84.469881,42018.0,runner,clubhouse,,,,,,,,,
runner_2,38.027447,-84.469881,42078.0,runner,clubhouse,,,,,,,,,
runner_2,38.027447,-84.469881,42138.0,runner,clubhouse,,,,,,,,,
runner_2,38.027447,-84.469881,42198.0,runner,clubhouse,,,,,,,,,
runner_2,38.027447,-84.469881,42258.0,runner,clubhouse,,,,,,,,,
runner_2,38.027447,-84.469881,42318.0,runner,clubhouse,,,,,,,,,
runner_2,38.027447,-84.469881,42378.0,runner,clubhouse,,,,,,,,,
runner_2,38.027447,-84.469881,42438.0,runner,clubhouse,,,,,,,,,
runner_2,38.027447,-84.469881,42498.0,runner,clubhouse,,,,,,,,,
runner_2,38.027447,-84.469881,42558.0,runner,clubhouse,,,,,,,,,
runner_2,38.027447,-84.469881,42618.0,runner,clubhouse,,,,,,,,,
timeline,38.027447,-84.469881,59940.0,timeline,clubhouse,,,,,,,,,
